filename,pred_class,pred_index,anodr_prob,bmilddr_prob,cmoderatedr_prob,dseveredr_prob,eproliferativedr_prob
anodr/20051020_43808_0100_PP_967.png,anodr,0,0.923973,0.023819,0.016824,0.017640,0.017744
anodr/20051020_44261_0100_PP_1191.png,anodr,0,0.928274,0.023513,0.014873,0.016471,0.016870
anodr/20051020_44284_0100_PP_502.png,anodr,0,0.929673,0.022558,0.014607,0.016471,0.016690
anodr/20051020_44338_0100_PP_547.png,anodr,0,0.921353,0.025832,0.017436,0.016340,0.019038
anodr/20051020_44400_0100_PP_920.png,anodr,0,0.918078,0.029033,0.018226,0.015628,0.019036
anodr/20051020_44431_0100_PP_514.png,anodr,0,0.918056,0.030108,0.017699,0.015370,0.018767
anodr/20051020_44692_0100_PP_419.png,anodr,0,0.920581,0.025423,0.017913,0.016255,0.019828
anodr/20051020_44714_0100_PP_1199.png,anodr,0,0.922181,0.024829,0.016702,0.017056,0.019233
anodr/20051020_44982_0100_PP_486.png,anodr,0,0.921776,0.027781,0.015984,0.017049,0.017410
anodr/20051020_56791_0100_PP_1185.png,anodr,0,0.928062,0.023279,0.014768,0.017165,0.016726
anodr/20051020_57157_0100_PP_971.png,anodr,0,0.928266,0.022045,0.015166,0.017371,0.017152
anodr/20051020_57967_0100_PP_829.png,anodr,0,0.929697,0.020093,0.014867,0.017288,0.018056
anodr/20051020_58065_0100_PP_561.png,anodr,0,0.925225,0.023619,0.015673,0.017071,0.018413
anodr/20051020_61757_0100_PP_484.png,anodr,0,0.930391,0.018597,0.015253,0.018229,0.017530
anodr/20051020_62461_0100_PP_76.png,anodr,0,0.738146,0.111989,0.100582,0.023223,0.026060
anodr/20051020_62510_0100_PP_106.png,anodr,0,0.725269,0.071864,0.134096,0.033395,0.035376
anodr/20051020_62577_0100_PP_479.png,anodr,0,0.928100,0.021721,0.014870,0.017762,0.017547
anodr/20051020_62615_0100_PP_294.png,anodr,0,0.929502,0.019787,0.014676,0.018176,0.017859
anodr/20051020_63269_0100_PP_1183.png,anodr,0,0.925790,0.022784,0.016588,0.016459,0.018379
anodr/20051020_63337_0100_PP_471.png,anodr,0,0.924677,0.024823,0.015466,0.016829,0.018205
anodr/20051020_64249_0100_PP_1004.png,anodr,0,0.930007,0.019654,0.014713,0.018053,0.017574
anodr/20051020_64388_0100_PP_1194.png,anodr,0,0.931066,0.018003,0.014658,0.018358,0.017915
anodr/20051020_64653_0100_PP_124.png,anodr,0,0.924059,0.022953,0.016679,0.017955,0.018354
anodr/20051020_64775_0100_PP_480.png,anodr,0,0.925906,0.023078,0.015532,0.017694,0.017790
anodr/20051020_64836_0100_PP_1270.png,anodr,0,0.921583,0.030887,0.016162,0.015542,0.015826
anodr/20051021_36380_0100_PP_135.png,anodr,0,0.927023,0.021286,0.015399,0.017544,0.018748
anodr/20051021_36476_0100_PP_1243.png,anodr,0,0.926390,0.022033,0.015646,0.017549,0.018382
anodr/20051021_39845_0100_PP_315.png,anodr,0,0.927202,0.021094,0.015134,0.017496,0.019075
anodr/20051021_39914_0100_PP_1352.png,anodr,0,0.927724,0.020060,0.015441,0.018185,0.018589
anodr/20051021_51418_0100_PP_18.png,anodr,0,0.923169,0.025946,0.015853,0.016695,0.018336
anodr/20051021_51476_0100_PP_150.png,anodr,0,0.874728,0.054969,0.025009,0.021813,0.023482
anodr/20051021_51936_0100_PP_1379.png,anodr,0,0.917052,0.032431,0.016423,0.015763,0.018330
anodr/20051021_51994_0100_PP_1283.png,anodr,0,0.915727,0.032242,0.016528,0.016320,0.019182
anodr/20051021_57798_0100_PP_1322.png,anodr,0,0.923193,0.026240,0.016622,0.016032,0.017912
anodr/20051021_57862_0100_PP_372.png,anodr,0,0.925032,0.025150,0.015487,0.016349,0.017982
anodr/20051021_57975_0100_PP_517.png,anodr,0,0.621615,0.079474,0.212633,0.036288,0.049989
anodr/20051021_58035_0100_PP_1138.png,anodr,0,0.770378,0.133024,0.051123,0.020976,0.024499
anodr/20051021_58388_0100_PP_1300.png,anodr,0,0.929864,0.018962,0.014826,0.018156,0.018192
anodr/20051021_58522_0100_PP_50.png,anodr,0,0.930707,0.019326,0.014341,0.017996,0.017631
anodr/20051109_57843_0400_PP_1109.png,anodr,0,0.925947,0.025384,0.014937,0.017059,0.016672
anodr/20051109_59969_0400_PP_1079.png,anodr,0,0.925533,0.023352,0.016097,0.017236,0.017783
anodr/20051109_60031_0400_PP_528.png,anodr,0,0.925975,0.023215,0.016438,0.016762,0.017610
anodr/20051109_60136_0400_PP_905.png,anodr,0,0.924570,0.024269,0.016041,0.017059,0.018061
anodr/20051110_33960_0400_PP_35.png,anodr,0,0.924454,0.026398,0.015629,0.016379,0.017140
anodr/20051110_34013_0400_PP_151.png,anodr,0,0.923229,0.024127,0.017790,0.015532,0.019321
anodr/20051110_35239_0400_PP_836.png,anodr,0,0.928560,0.021912,0.015171,0.017090,0.017267
anodr/20051110_35279_0400_PP_1033.png,anodr,0,0.913462,0.034556,0.018483,0.016279,0.017220
anodr/20051110_35332_0400_PP_497.png,anodr,0,0.927308,0.023158,0.016326,0.016778,0.016430
anodr/20051110_37992_0400_PP_1043.png,anodr,0,0.923583,0.028281,0.015312,0.016548,0.016276
anodr/20051110_38111_0400_PP_429.png,anodr,0,0.928224,0.024140,0.014247,0.016976,0.016414
anodr/20051110_38156_0400_PP_477.png,anodr,0,0.925014,0.026968,0.015231,0.016017,0.016769
anodr/20051110_38280_0400_PP_83.png,anodr,0,0.930465,0.019740,0.014379,0.017686,0.017730
anodr/20051110_38313_0400_PP_1041.png,anodr,0,0.929261,0.018620,0.015573,0.018358,0.018189
anodr/20051110_38352_0400_PP_934.png,anodr,0,0.928483,0.019950,0.015170,0.018860,0.017537
anodr/20051110_38472_0400_PP_1127.png,anodr,0,0.925202,0.024416,0.016569,0.016036,0.017776
anodr/20051110_38507_0400_PP_1190.png,anodr,0,0.925139,0.025611,0.015779,0.016082,0.017389
anodr/20051116_43388_0400_PP_344.png,anodr,0,0.926586,0.023712,0.016433,0.015904,0.017365
anodr/20051116_43585_0400_PP_950.png,anodr,0,0.927176,0.023531,0.015883,0.015821,0.017589
anodr/20051116_43710_0400_PP_95.png,anodr,0,0.922790,0.027845,0.018481,0.015389,0.015495
anodr/20051116_43721_0400_PP_363.png,anodr,0,0.930510,0.020851,0.014226,0.017618,0.016795
anodr/20051116_43785_0400_PP_445.png,anodr,0,0.922958,0.025802,0.016345,0.017146,0.017750
anodr/20051116_43801_0400_PP_325.png,anodr,0,0.925968,0.023340,0.015831,0.017311,0.017549
anodr/20051116_44648_0400_PP_1036.png,anodr,0,0.872482,0.061479,0.024213,0.022868,0.018958
anodr/20051117_37042_0400_PP_1119.png,anodr,0,0.924081,0.023915,0.016253,0.016703,0.019048
anodr/20051117_37051_0400_PP_1136.png,anodr,0,0.924448,0.024372,0.015659,0.016677,0.018843
anodr/20051117_37078_0400_PP_559.png,anodr,0,0.930502,0.019674,0.015292,0.017852,0.016680
anodr/20051117_37100_0400_PP_1083.png,anodr,0,0.926889,0.020658,0.017490,0.017861,0.017101
anodr/20051117_37130_0400_PP_938.png,anodr,0,0.929786,0.021039,0.014767,0.017527,0.016881
anodr/20051117_37155_0400_PP_84.png,anodr,0,0.926132,0.024536,0.017037,0.016273,0.016021
anodr/20051117_37185_0400_PP_404.png,anodr,0,0.927975,0.022927,0.015029,0.017163,0.016905
anodr/20051117_37321_0400_PP_947.png,anodr,0,0.922819,0.024140,0.018142,0.016730,0.018169
anodr/20051130_53586_0400_PP_1121.png,anodr,0,0.907034,0.044037,0.015852,0.015945,0.017132
anodr/20051130_53623_0400_PP_894.png,anodr,0,0.930042,0.020618,0.015033,0.017455,0.016852
anodr/20051130_53663_0400_PP_510.png,anodr,0,0.930453,0.020061,0.014691,0.017895,0.016901
anodr/20051130_53991_0400_PP_277.png,anodr,0,0.928856,0.022005,0.014637,0.017289,0.017213
anodr/20051130_54030_0400_PP_946.png,anodr,0,0.928154,0.022313,0.015032,0.017267,0.017234
anodr/20051130_54077_0400_PP_1117.png,anodr,0,0.929010,0.022564,0.015821,0.015523,0.017082
anodr/20051130_54121_0400_PP_1281.png,anodr,0,0.928500,0.021965,0.016054,0.015720,0.017761
anodr/20051130_54257_0400_PP_506.png,anodr,0,0.929312,0.019822,0.015966,0.017079,0.017820
anodr/20051130_54301_0400_PP_93.png,anodr,0,0.931745,0.018908,0.014856,0.017275,0.017216
anodr/20051130_54323_0400_PP_978.png,anodr,0,0.923051,0.026793,0.015499,0.017290,0.017366
anodr/20051130_54476_0400_PP_394.png,anodr,0,0.931076,0.019976,0.014845,0.016781,0.017322
anodr/20051130_54498_0400_PP_1217.png,anodr,0,0.931446,0.020151,0.014199,0.016960,0.017244
anodr/20051130_54595_0400_PP_940.png,bmilddr,1,0.180365,0.677375,0.098255,0.014562,0.029444
anodr/20051130_54802_0400_PP_550.png,anodr,0,0.929526,0.021658,0.014619,0.017378,0.016818
anodr/20051130_54846_0400_PP_289.png,anodr,0,0.929160,0.020750,0.014931,0.017567,0.017593
anodr/20051130_54943_0400_PP_1044.png,anodr,0,0.930504,0.018920,0.014592,0.018080,0.017904
anodr/20051130_54956_0400_PP_875.png,anodr,0,0.930776,0.019186,0.014826,0.017623,0.017589
anodr/20051130_55004_0400_PP_1259.png,anodr,0,0.925585,0.023183,0.015941,0.017245,0.018046
anodr/20051130_55012_0400_PP_865.png,anodr,0,0.915712,0.033298,0.017262,0.016415,0.017313
anodr/20051130_55037_0400_PP_443.png,anodr,0,0.929290,0.021422,0.014473,0.017272,0.017544
anodr/20051130_55048_0400_PP_921.png,anodr,0,0.930670,0.019735,0.014738,0.017467,0.017391
anodr/20051130_55074_0400_PP_986.png,anodr,0,0.906163,0.040858,0.021022,0.015729,0.016228
anodr/20051130_55086_0400_PP_1152.png,anodr,0,0.926359,0.023157,0.016688,0.016679,0.017117
anodr/20051130_55107_0400_PP_316.png,anodr,0,0.925583,0.022035,0.016471,0.016682,0.019229
anodr/20051130_55160_0400_PP_1182.png,anodr,0,0.930225,0.020946,0.015191,0.016425,0.017213
anodr/20051130_55269_0400_PP_820.png,anodr,0,0.929070,0.022499,0.016245,0.015547,0.016639
anodr/20051130_55311_0400_PP_896.png,anodr,0,0.927587,0.022104,0.015289,0.017014,0.018006
anodr/20051130_55323_0400_PP_883.png,anodr,0,0.928884,0.021444,0.014411,0.017502,0.017760
anodr/20051130_55381_0400_PP_504.png,anodr,0,0.929036,0.021135,0.014259,0.017902,0.017668
anodr/20051130_55393_0400_PP_1251.png,anodr,0,0.927457,0.023665,0.014802,0.016838,0.017238
anodr/20051130_58716_0400_PP_355.png,anodr,0,0.924770,0.026614,0.017864,0.015819,0.014933
anodr/20051130_58824_0400_PP_1181.png,anodr,0,0.919645,0.021670,0.021990,0.019818,0.016877
anodr/20051130_58874_0400_PP_1359.png,anodr,0,0.929024,0.019623,0.015268,0.018007,0.018078
anodr/20051130_58888_0400_PP_284.png,anodr,0,0.924072,0.022831,0.016476,0.018096,0.018525
anodr/20051130_58962_0400_PP_973.png,anodr,0,0.922513,0.027027,0.015688,0.017365,0.017407
anodr/20051130_58998_0400_PP_543.png,anodr,0,0.930287,0.019101,0.015296,0.017813,0.017503
anodr/20051130_59029_0400_PP_270.png,anodr,0,0.930932,0.018827,0.014556,0.018221,0.017463
anodr/20051130_59186_0400_PP_350.png,anodr,0,0.926186,0.024442,0.015866,0.016250,0.017256
anodr/20051130_59284_0400_PP_853.png,anodr,0,0.927038,0.024168,0.015265,0.016257,0.017272
anodr/20051130_59374_0400_PP_410.png,anodr,0,0.930266,0.019621,0.014731,0.017683,0.017700
anodr/20051130_59404_0400_PP_392.png,anodr,0,0.930639,0.019034,0.014780,0.017986,0.017561
anodr/20051130_59457_0400_PP_1053.png,anodr,0,0.924906,0.025642,0.014891,0.017512,0.017048
anodr/20051130_59464_0400_PP_1141.png,anodr,0,0.922394,0.029650,0.015533,0.016567,0.015855
anodr/20051130_59749_0400_PP_965.png,anodr,0,0.930302,0.019383,0.014920,0.017265,0.018129
anodr/20051130_59775_0400_PP_1224.png,anodr,0,0.929899,0.019479,0.015163,0.017495,0.017963
anodr/20051130_59793_0400_PP_926.png,anodr,0,0.926322,0.022620,0.015830,0.017133,0.018096
anodr/20051130_59802_0400_PP_430.png,anodr,0,0.925368,0.024007,0.015523,0.017157,0.017945
anodr/20051130_59850_0400_PP_36.png,anodr,0,0.931780,0.018918,0.014329,0.017798,0.017175
anodr/20051130_59869_0400_PP_520.png,anodr,0,0.931453,0.018285,0.014380,0.018090,0.017792
anodr/20051130_59964_0400_PP_312.png,anodr,0,0.925980,0.024580,0.015724,0.016640,0.017076
anodr/20051130_59993_0400_PP_439.png,bmilddr,1,0.194748,0.500230,0.241188,0.023881,0.039954
anodr/20051130_60040_0400_PP_1355.png,anodr,0,0.929885,0.020225,0.015104,0.017300,0.017486
anodr/20051130_60066_0400_PP_1170.png,anodr,0,0.929848,0.019979,0.014667,0.017848,0.017657
anodr/20051130_60186_0400_PP_1365.png,anodr,0,0.921964,0.027564,0.016082,0.016763,0.017628
anodr/20051130_60234_0400_PP_453.png,anodr,0,0.925384,0.024915,0.015045,0.017040,0.017616
anodr/20051130_60448_0400_PP_860.png,anodr,0,0.929729,0.019419,0.015919,0.017424,0.017509
anodr/20051130_60490_0400_PP_828.png,anodr,0,0.931383,0.018608,0.015047,0.017328,0.017635
anodr/20051130_60532_0400_PP_1052.png,anodr,0,0.921203,0.025967,0.016807,0.016345,0.019678
anodr/20051130_60562_0400_PP_121.png,anodr,0,0.862891,0.067856,0.022573,0.020432,0.026249
anodr/20051130_60601_0400_PP_146.png,anodr,0,0.926237,0.023691,0.015759,0.017274,0.017039
anodr/20051130_60630_0400_PP_60.png,anodr,0,0.928994,0.020088,0.015252,0.017385,0.018281
anodr/20051130_60691_0400_PP_939.png,anodr,0,0.928614,0.020080,0.015715,0.017548,0.018043
anodr/20051130_60715_0400_PP_555.png,anodr,0,0.926410,0.021523,0.016018,0.017541,0.018509
anodr/20051130_60740_0400_PP_1166.png,anodr,0,0.923862,0.026660,0.015788,0.016138,0.017552
anodr/20051130_60794_0400_PP_280.png,anodr,0,0.927904,0.021886,0.015505,0.017162,0.017543
anodr/20051130_60822_0400_PP_980.png,anodr,0,0.926183,0.022972,0.015743,0.016832,0.018271
anodr/20051201_37312_0400_PP_1333.png,anodr,0,0.923267,0.026063,0.016199,0.016697,0.017774
anodr/20051201_37337_0400_PP_839.png,anodr,0,0.921273,0.029120,0.016219,0.016046,0.017341
anodr/20051201_37382_0400_PP_1350.png,anodr,0,0.930205,0.020915,0.015006,0.016602,0.017272
anodr/20051201_37390_0400_PP_833.png,anodr,0,0.928383,0.023230,0.015392,0.016337,0.016659
anodr/20051201_37409_0400_PP_1340.png,anodr,0,0.916205,0.031466,0.018118,0.015826,0.018385
anodr/20051201_37462_0400_PP_357.png,anodr,0,0.923354,0.028074,0.014780,0.016731,0.017061
anodr/20051201_37534_0400_PP_906.png,anodr,0,0.923763,0.025811,0.015956,0.016335,0.018134
anodr/20051201_37557_0400_PP_1336.png,anodr,0,0.926513,0.022230,0.016051,0.016731,0.018474
anodr/20051201_38041_0400_PP_1312.png,anodr,0,0.926533,0.022847,0.015872,0.016920,0.017828
anodr/20051201_38081_0400_PP_963.png,anodr,0,0.927579,0.022018,0.015304,0.017014,0.018085
anodr/20051201_38103_0400_PP_81.png,anodr,0,0.921811,0.026934,0.016484,0.015954,0.018817
anodr/20051201_38137_0400_PP_391.png,anodr,0,0.915336,0.034890,0.015857,0.015904,0.018013
anodr/20051201_38155_0400_PP_112.png,cmoderatedr,2,0.042778,0.292476,0.590242,0.030497,0.044007
anodr/20051201_38164_0400_PP_881.png,bmilddr,1,0.220131,0.535598,0.175847,0.033577,0.034847
anodr/20051201_38199_0400_PP_1329.png,anodr,0,0.925398,0.024505,0.015760,0.016858,0.017479
anodr/20051201_38211_0400_PP_1174.png,anodr,0,0.927836,0.022067,0.015572,0.016829,0.017697
anodr/20051201_38246_0400_PP_1063.png,anodr,0,0.930793,0.019689,0.014942,0.017123,0.017452
anodr/20051201_38262_0400_PP_335.png,anodr,0,0.927720,0.021871,0.016190,0.016934,0.017285
anodr/20051201_38280_0400_PP_1103.png,anodr,0,0.925352,0.023611,0.016046,0.017393,0.017598
anodr/20051201_38291_0400_PP_468.png,anodr,0,0.927850,0.021451,0.015526,0.017380,0.017792
anodr/20051201_38321_0400_PP_903.png,anodr,0,0.925360,0.023121,0.017157,0.015875,0.018488
anodr/20051201_38349_0400_PP_892.png,anodr,0,0.925197,0.023979,0.016265,0.015803,0.018757
anodr/20051201_38466_0400_PP_572.png,anodr,0,0.929880,0.019747,0.014899,0.017495,0.017980
anodr/20051201_38475_0400_PP_560.png,anodr,0,0.929636,0.020339,0.015203,0.017177,0.017645
anodr/20051202_37162_0400_PP_29.png,anodr,0,0.580921,0.328102,0.038768,0.023652,0.028557
anodr/20051202_51599_0400_PP_966.png,anodr,0,0.922456,0.026477,0.016821,0.016609,0.017637
anodr/20051202_51616_0400_PP_1018.png,anodr,0,0.926934,0.023919,0.015159,0.017027,0.016961
anodr/20051205_57651_0400_PP_52.png,anodr,0,0.926469,0.022723,0.015995,0.016616,0.018196
anodr/20051205_57704_0400_PP_1167.png,anodr,0,0.925331,0.023496,0.016315,0.016800,0.018059
anodr/20051205_57757_0400_PP_1100.png,anodr,0,0.926358,0.023157,0.016373,0.016253,0.017859
anodr/20051205_57780_0400_PP_1102.png,anodr,0,0.927502,0.022748,0.015680,0.016610,0.017459
anodr/20051205_57799_0400_PP_868.png,anodr,0,0.894908,0.054420,0.016780,0.016681,0.017211
anodr/20051205_57809_0400_PP_1228.png,anodr,0,0.921346,0.030527,0.015470,0.015799,0.016859
anodr/20051205_57838_0400_PP_859.png,anodr,0,0.930527,0.019464,0.014924,0.017337,0.017748
anodr/20051205_57879_0400_PP_1254.png,anodr,0,0.930942,0.019654,0.014570,0.017430,0.017404
anodr/20051205_57942_0400_PP_990.png,anodr,0,0.928542,0.023382,0.014718,0.016484,0.016874
anodr/20051205_57988_0400_PP_1112.png,anodr,0,0.931812,0.019798,0.014302,0.017327,0.016761
anodr/20051205_58037_0400_PP_835.png,anodr,0,0.925245,0.022860,0.016659,0.016578,0.018658
anodr/20051205_58060_0400_PP_376.png,anodr,0,0.928537,0.021248,0.015260,0.016957,0.017998
anodr/20051205_58080_0400_PP_1034.png,anodr,0,0.927741,0.022854,0.014937,0.017592,0.016876
anodr/20051205_58091_0400_PP_292.png,anodr,0,0.928554,0.021912,0.014604,0.017815,0.017115
anodr/20051205_58109_0400_PP_1311.png,anodr,0,0.926277,0.024183,0.015387,0.016751,0.017402
anodr/20051205_58125_0400_PP_46.png,anodr,0,0.926049,0.023814,0.015383,0.016953,0.017801
anodr/20051205_58150_0400_PP_393.png,anodr,0,0.929699,0.019879,0.015145,0.017449,0.017828
anodr/20051205_58177_0400_PP_503.png,anodr,0,0.928865,0.020382,0.014868,0.017908,0.017978
anodr/20051205_58354_0400_PP_1282.png,anodr,0,0.927154,0.024504,0.014668,0.016710,0.016965
anodr/20051205_58373_0400_PP_55.png,anodr,0,0.902791,0.044972,0.019916,0.014116,0.018205
anodr/20051205_58409_0400_PP_985.png,anodr,0,0.930073,0.020448,0.015964,0.016263,0.017253
anodr/20051205_58431_0400_PP_493.png,anodr,0,0.930297,0.020523,0.015758,0.016140,0.017282
anodr/20051205_58458_0400_PP_309.png,anodr,0,0.925245,0.023050,0.016651,0.016441,0.018612
anodr/20051205_58502_0400_PP_482.png,anodr,0,0.927872,0.022100,0.015965,0.016296,0.017767
anodr/20051205_58613_0400_PP_843.png,anodr,0,0.929534,0.021722,0.014634,0.017243,0.016868
anodr/20051205_59240_0400_PP_301.png,anodr,0,0.926058,0.023445,0.016552,0.016488,0.017457
anodr/20051205_59337_0400_PP_945.png,anodr,0,0.926244,0.023936,0.015133,0.017073,0.017615
anodr/20051205_59351_0400_PP_332.png,anodr,0,0.928467,0.022375,0.014978,0.016890,0.017290
anodr/20051205_59367_0400_PP_816.png,anodr,0,0.803390,0.078865,0.072370,0.020852,0.024522
anodr/20051205_59379_0400_PP_842.png,anodr,0,0.931029,0.018664,0.013931,0.018205,0.018170
anodr/20051205_59510_0400_PP_329.png,anodr,0,0.919522,0.033719,0.014733,0.015783,0.016244
anodr/20051205_59538_0400_PP_534.png,anodr,0,0.839670,0.092612,0.023245,0.021987,0.022486
anodr/20051205_59617_0400_PP_1000.png,anodr,0,0.926949,0.023149,0.016431,0.015451,0.018020
anodr/20051205_59651_0400_PP_1164.png,anodr,0,0.928325,0.023082,0.015474,0.015474,0.017646
anodr/20051205_59738_0400_PP_119.png,anodr,0,0.929235,0.019898,0.014990,0.017698,0.018179
anodr/20051205_59754_0400_PP_880.png,anodr,0,0.926984,0.021769,0.015204,0.017569,0.018475
anodr/20051205_59833_0400_PP_531.png,anodr,0,0.920959,0.029032,0.016285,0.016064,0.017660
anodr/20051205_59858_0400_PP_523.png,anodr,0,0.926409,0.023650,0.015885,0.016754,0.017302
anodr/20051205_59901_0400_PP_417.png,anodr,0,0.931447,0.019512,0.014450,0.017414,0.017177
anodr/20051205_59923_0400_PP_1307.png,anodr,0,0.931083,0.019514,0.014249,0.017620,0.017535
anodr/20051205_60093_0400_PP_1286.png,anodr,0,0.929115,0.020881,0.014915,0.017159,0.017930
anodr/20051205_60119_0400_PP_451.png,anodr,0,0.929841,0.019120,0.014913,0.017649,0.018478
anodr/20051213_61406_0100_PP_1027.png,cmoderatedr,2,0.283357,0.276793,0.326780,0.051729,0.061340
anodr/20051213_61802_0100_PP_408.png,anodr,0,0.803365,0.128421,0.022634,0.022701,0.022879
anodr/20051213_61892_0100_PP_837.png,anodr,0,0.930846,0.020930,0.014259,0.016875,0.017091
anodr/20051213_61951_0100_PP_983.png,anodr,0,0.931056,0.019657,0.014165,0.017767,0.017355
anodr/20051213_62251_0100_PP_27.png,anodr,0,0.927416,0.022969,0.015049,0.016912,0.017654
anodr/20051213_62314_0100_PP_1325.png,anodr,0,0.926312,0.023647,0.015493,0.016958,0.017590
anodr/20051213_62518_0100_PP_821.png,anodr,0,0.926564,0.021887,0.015826,0.017020,0.018702
anodr/20051213_62572_0100_PP_1176.png,anodr,0,0.925870,0.024386,0.015915,0.016324,0.017505
anodr/20051214_40529_0100_PP_1120.png,anodr,0,0.929546,0.020901,0.015291,0.017353,0.016909
anodr/20051214_40767_0100_PP_1039.png,anodr,0,0.919638,0.031622,0.015247,0.016334,0.017159
anodr/20051214_40994_0100_PP_435.png,anodr,0,0.926242,0.021445,0.015945,0.017971,0.018397
anodr/20051214_41055_0100_PP_41.png,anodr,0,0.926104,0.022026,0.015857,0.017484,0.018530
anodr/20051214_42133_0100_PP_462.png,anodr,0,0.920946,0.026719,0.016461,0.017158,0.018716
anodr/20051214_42197_0100_PP_1288.png,anodr,0,0.922430,0.027971,0.015100,0.017169,0.017329
anodr/20051214_42323_0100_PP_845.png,anodr,0,0.925194,0.022220,0.015780,0.017986,0.018821
anodr/20051214_42363_0100_PP_42.png,anodr,0,0.924214,0.022845,0.016415,0.018276,0.018250
anodr/20051214_51178_0100_PP_1380.png,anodr,0,0.930512,0.019350,0.014535,0.018036,0.017567
anodr/20051214_51211_0100_PP_511.png,anodr,0,0.930408,0.019207,0.014633,0.017955,0.017798
anodr/20051214_51308_0100_PP_1342.png,anodr,0,0.773932,0.135875,0.045225,0.021551,0.023416
anodr/20051214_51342_0100_PP_970.png,anodr,0,0.927215,0.023178,0.015653,0.016687,0.017267
anodr/20051214_51442_0100_PP_28.png,anodr,0,0.924230,0.025474,0.015902,0.016895,0.017499
anodr/20051214_51469_0100_PP_1060.png,anodr,0,0.912551,0.037928,0.018429,0.014394,0.016698
anodr/20051214_56242_0100_PP_337.png,anodr,0,0.926319,0.022520,0.016452,0.016364,0.018345
anodr/20051214_56392_0100_PP_1037.png,anodr,0,0.931025,0.019163,0.014262,0.017732,0.017818
anodr/20051214_56438_0100_PP_22.png,anodr,0,0.930727,0.019373,0.014638,0.017683,0.017579
anodr/20051214_56636_0100_PP_128.png,anodr,0,0.927269,0.021188,0.015494,0.017369,0.018680
anodr/20051214_56688_0100_PP_120.png,anodr,0,0.928689,0.021035,0.015011,0.017168,0.018098
anodr/20051214_57761_0100_PP_356.png,anodr,0,0.916980,0.032326,0.016721,0.015670,0.018302
anodr/20051214_57817_0100_PP_876.png,anodr,0,0.914101,0.034589,0.017249,0.014978,0.019083
anodr/20051216_43913_0200_PP_1367.png,anodr,0,0.928411,0.020134,0.015719,0.016757,0.018979
anodr/20051216_44066_0200_PP_426.png,anodr,0,0.930145,0.019869,0.017153,0.015512,0.017321
anodr/20051216_44092_0200_PP_1090.png,cmoderatedr,2,0.240315,0.059673,0.566995,0.053439,0.079577
anodr/20051216_44221_0200_PP_548.png,anodr,0,0.932421,0.018766,0.015271,0.016448,0.017095
anodr/20051216_44252_0200_PP_952.png,anodr,0,0.932475,0.018666,0.015072,0.016473,0.017314
anodr/20051216_44398_0200_PP_1235.png,anodr,0,0.926784,0.023395,0.015395,0.017276,0.017150
anodr/20051216_44420_0200_PP_379.png,anodr,0,0.928031,0.022507,0.015326,0.017072,0.017064
anodr/20051216_44635_0200_PP_415.png,anodr,0,0.928768,0.021399,0.015656,0.016375,0.017801
anodr/20051216_44660_0200_PP_888.png,anodr,0,0.926929,0.022634,0.016066,0.016343,0.018028
anodr/20051216_44811_0200_PP_567.png,anodr,0,0.930609,0.019475,0.015049,0.017220,0.017646
anodr/20051216_44832_0200_PP_1082.png,anodr,0,0.930113,0.019888,0.015063,0.017161,0.017775
anodr/20051216_45076_0200_PP_818.png,anodr,0,0.925145,0.020519,0.018197,0.015879,0.020260
anodr/20051216_45499_0200_PP_1071.png,anodr,0,0.931671,0.018586,0.015379,0.016998,0.017367
anodr/20051216_45781_0200_PP_320.png,anodr,0,0.930118,0.020751,0.015771,0.015663,0.017697
anodr/20051216_45873_0200_PP_832.png,anodr,0,0.926940,0.021831,0.016649,0.016105,0.018474
anodr/20051216_45992_0200_PP_341.png,anodr,0,0.924605,0.024773,0.016770,0.015878,0.017974
anodr/20051216_46018_0200_PP_1216.png,anodr,0,0.924346,0.026119,0.016037,0.015581,0.017917
anodr/20051216_46183_0200_PP_1204.png,anodr,0,0.930087,0.020831,0.015308,0.016215,0.017559
anodr/20051216_47514_0200_PP_110.png,anodr,0,0.927256,0.022032,0.016301,0.016333,0.018079
anodr/20051216_47536_0200_PP_1339.png,anodr,0,0.925409,0.023613,0.016736,0.016032,0.018211
anodr/20060407_38711_0200_PP_283.png,anodr,0,0.927919,0.022188,0.017373,0.015138,0.017381
anodr/20060407_38970_0200_PP_1111.png,anodr,0,0.929581,0.021596,0.016246,0.015442,0.017134
anodr/20060407_39155_0200_PP_855.png,anodr,0,0.931686,0.018200,0.014928,0.017589,0.017598
anodr/20060407_39184_0200_PP_373.png,anodr,0,0.932045,0.018039,0.014810,0.017613,0.017493
anodr/20060407_39306_0200_PP_1074.png,anodr,0,0.931884,0.019664,0.014916,0.016583,0.016952
anodr/20060407_39328_0200_PP_893.png,anodr,0,0.931468,0.018241,0.015488,0.016853,0.017949
anodr/20060407_39435_0200_PP_1214.png,anodr,0,0.928711,0.019867,0.017068,0.016795,0.017558
anodr/20060407_39546_0200_PP_545.png,anodr,0,0.926289,0.023647,0.016492,0.015922,0.017650
anodr/20060407_39567_0200_PP_1168.png,anodr,0,0.928102,0.021093,0.016220,0.016524,0.018060
anodr/20060407_39687_0200_PP_101.png,anodr,0,0.930384,0.019556,0.016468,0.015523,0.018069
anodr/20060407_39761_0200_PP_518.png,anodr,0,0.927203,0.021311,0.016573,0.016524,0.018389
anodr/20060407_39780_0200_PP_1006.png,anodr,0,0.928701,0.020810,0.015793,0.016730,0.017966
anodr/20060407_40740_0200_PP_314.png,bmilddr,1,0.125228,0.492993,0.341820,0.014387,0.025572
anodr/20060407_40761_0200_PP_282.png,anodr,0,0.930684,0.020017,0.015422,0.016393,0.017484
anodr/20060407_41149_0200_PP_26.png,anodr,0,0.931425,0.018473,0.015427,0.017168,0.017507
anodr/20060407_41177_0200_PP_1104.png,anodr,0,0.851554,0.053896,0.055988,0.018961,0.019601
anodr/20060407_41312_0200_PP_895.png,anodr,0,0.932316,0.019473,0.014872,0.016885,0.016454
anodr/20060407_41980_0200_PP_1347.png,anodr,0,0.929102,0.020597,0.016049,0.016357,0.017895
anodr/20060407_42099_0200_PP_77.png,anodr,0,0.928872,0.020382,0.016848,0.015727,0.018172
anodr/20060407_42133_0200_PP_488.png,anodr,0,0.925141,0.019675,0.020619,0.014423,0.020142
anodr/20060407_42290_0200_PP_1107.png,anodr,0,0.931772,0.017876,0.015024,0.017556,0.017772
anodr/20060407_42308_0200_PP_1278.png,anodr,0,0.932078,0.017708,0.014796,0.017553,0.017865
anodr/20060407_43223_0200_PP_47.png,anodr,0,0.654094,0.141458,0.150655,0.020063,0.033731
anodr/20060407_43258_0200_PP_118.png,anodr,0,0.931474,0.019427,0.015663,0.015988,0.017448
anodr/20060407_43594_0200_PP_140.png,anodr,0,0.928371,0.021855,0.015749,0.016336,0.017690
anodr/20060407_43618_0200_PP_867.png,anodr,0,0.929770,0.020391,0.015161,0.017004,0.017673
anodr/20060407_43726_0200_PP_1128.png,anodr,0,0.930622,0.019811,0.015895,0.016154,0.017517
anodr/20060407_43746_0200_PP_1058.png,anodr,0,0.928077,0.021604,0.017512,0.015372,0.017435
anodr/20060407_43834_0200_PP_1162.png,anodr,0,0.929057,0.018661,0.017816,0.015061,0.019405
anodr/20060407_43856_0200_PP_862.png,anodr,0,0.927917,0.021737,0.017415,0.014795,0.018136
anodr/20060407_44042_0200_PP_1047.png,anodr,0,0.930545,0.019023,0.015159,0.017219,0.018054
anodr/20060407_44061_0200_PP_295.png,anodr,0,0.930806,0.019019,0.014841,0.017266,0.018068
anodr/20060407_44400_0200_PP_956.png,anodr,0,0.933579,0.018389,0.014413,0.016842,0.016777
anodr/20060407_44422_0200_PP_847.png,anodr,0,0.931802,0.017912,0.015194,0.017268,0.017825
anodr/20060407_44510_0200_PP_48.png,anodr,0,0.929917,0.020275,0.015223,0.016613,0.017972
anodr/20060407_44529_0200_PP_1212.png,anodr,0,0.929648,0.020171,0.015315,0.016536,0.018330
anodr/20060407_44743_0200_PP_824.png,anodr,0,0.929665,0.020924,0.015219,0.016487,0.017706
anodr/20060407_44766_0200_PP_89.png,anodr,0,0.928030,0.020734,0.016661,0.015952,0.018623
anodr/20060407_44866_0200_PP_293.png,anodr,0,0.924737,0.022993,0.018082,0.015649,0.018538
anodr/20060407_44889_0200_PP_830.png,anodr,0,0.928472,0.021371,0.017147,0.015575,0.017434
anodr/20060407_45107_0200_PP_1345.png,anodr,0,0.930687,0.020511,0.015124,0.016481,0.017197
anodr/20060407_45230_0200_PP_1297.png,anodr,0,0.931064,0.019466,0.015204,0.016360,0.017906
anodr/20060407_45247_0200_PP_1159.png,anodr,0,0.930882,0.018408,0.015745,0.016744,0.018220
anodr/20060407_45718_0200_PP_400.png,anodr,0,0.918776,0.027765,0.020558,0.014635,0.018267
anodr/20060407_45737_0200_PP_1089.png,anodr,0,0.928585,0.020565,0.015523,0.016892,0.018435
anodr/20060407_45834_0200_PP_1219.png,anodr,0,0.927110,0.021424,0.016498,0.016563,0.018405
anodr/20060407_45852_0200_PP_287.png,anodr,0,0.927901,0.021854,0.015872,0.016553,0.017819
anodr/20060407_45949_0200_PP_38.png,anodr,0,0.928754,0.021853,0.014650,0.017431,0.017312
anodr/20060407_46070_0200_PP_1236.png,anodr,0,0.926085,0.025019,0.016609,0.015399,0.016887
anodr/20060407_46235_0200_PP_566.png,anodr,0,0.926480,0.022924,0.016287,0.016343,0.017967
anodr/20060407_46257_0200_PP_827.png,anodr,0,0.928440,0.021019,0.015635,0.016840,0.018066
anodr/20060410_39047_0200_PP_457.png,anodr,0,0.929497,0.020316,0.015112,0.017225,0.017850
anodr/20060410_39075_0200_PP_953.png,anodr,0,0.928211,0.021303,0.015708,0.016786,0.017992
anodr/20060410_39229_0200_PP_1372.png,anodr,0,0.930421,0.019235,0.015343,0.016834,0.018167
anodr/20060410_39476_0200_PP_403.png,anodr,0,0.926281,0.025061,0.015899,0.015561,0.017199
anodr/20060410_39500_0200_PP_73.png,anodr,0,0.928382,0.022340,0.015272,0.016281,0.017724
anodr/20060410_39586_0200_PP_574.png,anodr,0,0.931444,0.020882,0.015640,0.015564,0.016471
anodr/20060410_39606_0200_PP_1148.png,anodr,0,0.929895,0.020990,0.015914,0.015568,0.017632
anodr/20060410_39695_0200_PP_1008.png,anodr,0,0.931006,0.020112,0.016535,0.015763,0.016584
anodr/20060410_39859_0200_PP_296.png,anodr,0,0.926369,0.023974,0.015978,0.015784,0.017895
anodr/20060410_39879_0200_PP_951.png,anodr,0,0.926037,0.024859,0.015633,0.015980,0.017491
anodr/20060410_39994_0200_PP_1378.png,anodr,0,0.929928,0.018853,0.017351,0.015335,0.018533
anodr/20060410_40403_0200_PP_1273.png,anodr,0,0.927365,0.021159,0.018330,0.014345,0.018801
anodr/20060410_40499_0200_PP_15.png,anodr,0,0.932224,0.018008,0.014647,0.017513,0.017608
anodr/20060410_40633_0200_PP_869.png,anodr,0,0.930114,0.019675,0.014946,0.017534,0.017732
anodr/20060410_40846_0200_PP_414.png,anodr,0,0.932255,0.020109,0.015076,0.015799,0.016761
anodr/20060410_40953_0200_PP_1362.png,anodr,0,0.929626,0.021315,0.015778,0.016263,0.017018
anodr/20060410_40979_0200_PP_1017.png,anodr,0,0.929186,0.022436,0.015428,0.016113,0.016837
anodr/20060410_41098_0200_PP_912.png,anodr,0,0.931247,0.019243,0.015312,0.016532,0.017667
anodr/20060410_41191_0200_PP_1364.png,anodr,0,0.921558,0.026959,0.018091,0.015160,0.018233
anodr/20060410_41209_0200_PP_1115.png,anodr,0,0.923499,0.025145,0.017156,0.015386,0.018814
anodr/20060410_41603_0200_PP_64.png,anodr,0,0.928058,0.022256,0.016251,0.016101,0.017333
anodr/20060410_41880_0200_PP_1266.png,anodr,0,0.926260,0.022475,0.016023,0.016899,0.018344
anodr/20060410_41901_0200_PP_1068.png,anodr,0,0.927026,0.021876,0.015919,0.016963,0.018216
anodr/20060410_43847_0200_PP_273.png,anodr,0,0.925988,0.022856,0.016869,0.016003,0.018285
anodr/20060410_43868_0200_PP_874.png,anodr,0,0.926091,0.022274,0.016328,0.016650,0.018656
anodr/20060410_43979_0200_PP_276.png,anodr,0,0.927889,0.020812,0.016545,0.016288,0.018466
anodr/20060410_44345_0200_PP_1011.png,anodr,0,0.930920,0.018266,0.016301,0.016688,0.017825
anodr/20060410_44364_0200_PP_1274.png,anodr,0,0.931568,0.018386,0.015407,0.017121,0.017518
anodr/20060410_44464_0200_PP_1255.png,anodr,0,0.931990,0.019062,0.014473,0.017263,0.017212
anodr/20060410_44504_0200_PP_474.png,anodr,0,0.931873,0.018700,0.014387,0.017354,0.017687
anodr/20060410_44601_0200_PP_1013.png,anodr,0,0.924545,0.024819,0.017150,0.015722,0.017764
anodr/20060410_44770_0200_PP_1320.png,anodr,0,0.924499,0.021436,0.022236,0.013874,0.017955
anodr/20060410_44802_0200_PP_1069.png,anodr,0,0.874673,0.024261,0.034014,0.023173,0.043878
anodr/20060410_44934_0200_PP_418.png,anodr,0,0.925186,0.025550,0.015841,0.016177,0.017246
anodr/20060410_45167_0200_PP_549.png,anodr,0,0.931117,0.019429,0.015280,0.016708,0.017467
anodr/20060410_45188_0200_PP_544.png,anodr,0,0.930633,0.019221,0.015520,0.016773,0.017854
anodr/20060410_47186_0200_PP_1143.png,anodr,0,0.924961,0.024386,0.016055,0.016396,0.018202
anodr/20060411_58071_0200_PP_1022.png,anodr,0,0.931301,0.019376,0.015164,0.016859,0.017301
anodr/20060411_58392_0200_PP_34.png,anodr,0,0.926313,0.022608,0.017428,0.015599,0.018051
anodr/20060411_58413_0200_PP_358.png,anodr,0,0.927424,0.021140,0.017045,0.015717,0.018674
anodr/20060411_58469_0200_PP_982.png,anodr,0,0.931819,0.018463,0.014886,0.017420,0.017412
anodr/20060411_58494_0200_PP_452.png,anodr,0,0.932816,0.018285,0.014953,0.016936,0.017010
anodr/20060411_58571_0200_PP_148.png,anodr,0,0.844509,0.056849,0.052403,0.016497,0.029742
anodr/20060411_58644_0200_PP_538.png,anodr,0,0.929471,0.020950,0.016157,0.015668,0.017754
anodr/20060411_58808_0200_PP_125.png,anodr,0,0.931281,0.018660,0.015410,0.017015,0.017633
anodr/20060411_58829_0200_PP_1091.png,anodr,0,0.931476,0.018161,0.015308,0.017220,0.017836
anodr/20060411_58891_0200_PP_929.png,anodr,0,0.929785,0.020733,0.015303,0.016856,0.017323
anodr/20060411_58913_0200_PP_1356.png,anodr,0,0.930111,0.019323,0.015293,0.017228,0.018046
anodr/20060411_60511_0200_PP_351.png,anodr,0,0.925931,0.024772,0.016238,0.015800,0.017260
anodr/20060411_61687_0200_PP_431.png,anodr,0,0.929794,0.018342,0.016554,0.016321,0.018989
anodr/20060411_61702_0200_PP_1040.png,anodr,0,0.909396,0.038519,0.016478,0.017035,0.018572
anodr/20060411_61869_0200_PP_955.png,anodr,0,0.930884,0.019615,0.015869,0.016221,0.017411
anodr/20060411_61901_0200_PP_288.png,anodr,0,0.928568,0.022301,0.015230,0.016540,0.017360
anodr/20060411_62036_0200_PP_59.png,anodr,0,0.923864,0.025601,0.017012,0.016626,0.016896
anodr/20060411_62058_0200_PP_948.png,anodr,0,0.927029,0.023287,0.016115,0.016449,0.017121
anodr/20060411_62162_0200_PP_97.png,anodr,0,0.892906,0.042565,0.031716,0.014209,0.018604
anodr/20060412_51835_0200_PP_1331.png,anodr,0,0.929569,0.021086,0.016583,0.016413,0.016349
anodr/20060412_51860_0200_PP_890.png,anodr,0,0.930667,0.019476,0.016757,0.016594,0.016505
anodr/20060412_52098_0200_PP_491.png,anodr,0,0.927551,0.023369,0.015544,0.016179,0.017358
anodr/20060412_52351_0200_PP_944.png,anodr,0,0.925315,0.024336,0.018147,0.015030,0.017173
anodr/20060412_52371_0200_PP_354.png,anodr,0,0.929045,0.020465,0.016884,0.015448,0.018158
anodr/20060412_52425_0200_PP_1292.png,anodr,0,0.930435,0.017964,0.015328,0.017574,0.018698
anodr/20060412_52446_0200_PP_533.png,anodr,0,0.931042,0.018348,0.014543,0.017637,0.018429
anodr/20060412_52606_0200_PP_1046.png,anodr,0,0.929321,0.022505,0.015036,0.016258,0.016880
anodr/20060412_52840_0200_PP_343.png,anodr,0,0.920096,0.028856,0.018213,0.015269,0.017566
anodr/20060412_57874_0200_PP_108.png,anodr,0,0.930015,0.020307,0.016582,0.015623,0.017472
anodr/20060412_57952_0200_PP_388.png,anodr,0,0.930808,0.018982,0.015652,0.016883,0.017676
anodr/20060412_57974_0200_PP_94.png,anodr,0,0.931763,0.018579,0.014726,0.017099,0.017833
anodr/20060412_58032_0200_PP_994.png,anodr,0,0.931375,0.020110,0.015585,0.015846,0.017084
anodr/20060412_58054_0200_PP_825.png,anodr,0,0.930762,0.020048,0.016259,0.015859,0.017072
anodr/20060412_58137_0200_PP_1215.png,anodr,0,0.925591,0.021683,0.017663,0.015825,0.019238
anodr/20060412_58723_0200_PP_1153.png,anodr,0,0.927564,0.021708,0.015789,0.016506,0.018432
anodr/20060412_58802_0200_PP_925.png,anodr,0,0.928611,0.022433,0.015516,0.016213,0.017225
anodr/20060412_58819_0200_PP_942.png,anodr,0,0.929207,0.021800,0.015181,0.016584,0.017228
anodr/20060412_59175_0200_PP_852.png,anodr,0,0.927623,0.022257,0.017215,0.015621,0.017283
anodr/20060412_59196_0200_PP_1021.png,anodr,0,0.926913,0.022701,0.018081,0.015345,0.016960
anodr/20060412_59259_0200_PP_364.png,anodr,0,0.929768,0.020371,0.015711,0.016433,0.017716
anodr/20060412_59338_0200_PP_423.png,anodr,0,0.928208,0.022130,0.016135,0.016183,0.017344
anodr/20060412_59355_0200_PP_977.png,anodr,0,0.927709,0.022433,0.015877,0.016493,0.017488
anodr/20060412_60751_0200_PP_822.png,anodr,0,0.931512,0.020074,0.014903,0.016376,0.017136
anodr/20060412_60773_0200_PP_319.png,anodr,0,0.932350,0.020004,0.014743,0.016239,0.016665
anodr/20060412_61064_0200_PP_1114.png,anodr,0,0.928741,0.020679,0.017363,0.015450,0.017766
anodr/20060412_61365_0200_PP_274.png,anodr,0,0.931235,0.018578,0.015059,0.017140,0.017989
anodr/20060412_61383_0200_PP_334.png,anodr,0,0.932021,0.018422,0.014802,0.016996,0.017759
anodr/20060412_61433_0200_PP_1072.png,anodr,0,0.929739,0.019792,0.016170,0.016505,0.017794
anodr/20060412_61450_0200_PP_1002.png,anodr,0,0.929779,0.019563,0.015819,0.016676,0.018163
anodr/20060412_61525_0200_PP_889.png,anodr,0,0.931536,0.018189,0.015695,0.016392,0.018189
anodr/20060412_61665_0200_PP_1324.png,anodr,0,0.925417,0.023326,0.017041,0.016340,0.017876
anodr/20060412_61790_0200_PP_12.png,anodr,0,0.927900,0.021790,0.016764,0.015718,0.017828
anodr/20060522_43758_0100_PP_988.png,anodr,0,0.924226,0.024957,0.016129,0.016862,0.017827
anodr/20060522_45777_0100_PP_1327.png,anodr,0,0.925702,0.023516,0.015865,0.016938,0.017978
anodr/20060522_45796_0100_PP_1360.png,anodr,0,0.926389,0.023180,0.015449,0.017226,0.017756
anodr/20060522_45853_0100_PP_813.png,anodr,0,0.926240,0.020453,0.016588,0.017401,0.019318
anodr/20060522_45873_0100_PP_1192.png,anodr,0,0.923201,0.021344,0.018790,0.017617,0.019048
anodr/20060522_46104_0100_PP_1302.png,anodr,0,0.929026,0.021468,0.014972,0.017174,0.017360
anodr/20060522_46149_0100_PP_1012.png,anodr,0,0.931093,0.019239,0.014845,0.017356,0.017466
anodr/20060522_46379_0100_PP_1348.png,anodr,0,0.921151,0.027172,0.018118,0.015183,0.018377
anodr/20060522_46400_0100_PP_957.png,anodr,0,0.895605,0.045256,0.023394,0.015637,0.020108
anodr/20060523_42953_0100_PP_409.png,anodr,0,0.929694,0.019192,0.015204,0.017793,0.018117
anodr/20060523_43105_0100_PP_1156.png,anodr,0,0.928664,0.021044,0.014821,0.017913,0.017558
anodr/20060523_43123_0100_PP_123.png,anodr,0,0.929972,0.019528,0.014456,0.018140,0.017903
anodr/20060523_43248_0100_PP_80.png,anodr,0,0.925473,0.023718,0.016493,0.016103,0.018212
anodr/20060523_43333_0100_PP_551.png,anodr,0,0.925019,0.024495,0.016413,0.016317,0.017755
anodr/20060523_43354_0100_PP_1093.png,anodr,0,0.925824,0.023635,0.015953,0.016467,0.018121
anodr/20060523_45300_0100_PP_21.png,anodr,0,0.928594,0.022215,0.015283,0.016983,0.016925
anodr/20060523_45316_0100_PP_1213.png,anodr,0,0.924428,0.022739,0.018687,0.016973,0.017173
anodr/20060523_45449_0100_PP_1269.png,anodr,0,0.928257,0.021492,0.017576,0.016011,0.016665
anodr/20060523_45467_0100_PP_44.png,anodr,0,0.927368,0.022294,0.017244,0.015398,0.017696
anodr/20060523_45524_0100_PP_428.png,anodr,0,0.922316,0.026485,0.016389,0.016238,0.018571
anodr/20060523_45548_0100_PP_1229.png,anodr,0,0.928680,0.021179,0.015202,0.017026,0.017913
anodr/20060523_47987_0100_PP_844.png,anodr,0,0.913117,0.033301,0.020203,0.014630,0.018749
anodr/20060523_48005_0100_PP_877.png,anodr,0,0.914036,0.034823,0.018102,0.014875,0.018163
anodr/20060523_48136_0100_PP_856.png,anodr,0,0.920053,0.025446,0.021585,0.016033,0.016884
anodr/20060523_48161_0100_PP_385.png,anodr,0,0.930373,0.020177,0.017065,0.015576,0.016809
anodr/20060523_48406_0100_PP_1056.png,anodr,0,0.930351,0.019103,0.014604,0.017980,0.017963
anodr/20060523_48591_0100_PP_1317.png,anodr,0,0.925168,0.025289,0.016296,0.015934,0.017313
anodr/20060523_48709_0100_PP_541.png,anodr,0,0.915086,0.033283,0.017990,0.015501,0.018140
anodr/20060523_48728_0100_PP_1375.png,anodr,0,0.897949,0.045126,0.019722,0.017219,0.019984
anodr/20060523_48890_0100_PP_1338.png,anodr,0,0.929242,0.021202,0.015182,0.017078,0.017296
anodr/20060523_48931_0100_PP_16.png,anodr,0,0.929436,0.020796,0.014891,0.017140,0.017736
anodr/20060523_49100_0100_PP_307.png,anodr,0,0.918586,0.027309,0.019699,0.014746,0.019660
anodr/20060523_49120_0100_PP_85.png,anodr,0,0.925228,0.023005,0.016765,0.016060,0.018942
anodr/20060523_49176_0100_PP_366.png,anodr,0,0.908600,0.028378,0.028516,0.013986,0.020520
anodr/20060523_49191_0100_PP_476.png,eproliferativedr,4,0.319243,0.071267,0.131819,0.153717,0.323953
anodr/20060523_49515_0100_PP_375.png,anodr,0,0.927482,0.023117,0.016457,0.016138,0.016806
anodr/20060523_49573_0100_PP_919.png,anodr,0,0.931003,0.019483,0.014728,0.017490,0.017295
anodr/20060523_49663_0100_PP_455.png,anodr,0,0.929841,0.019573,0.015758,0.017014,0.017813
anodr/20060523_49681_0100_PP_1363.png,anodr,0,0.926994,0.023116,0.015772,0.016618,0.017500
anodr/20060523_49726_0100_PP_989.png,anodr,0,0.926352,0.024807,0.014857,0.016835,0.017150
anodr/20060523_49745_0100_PP_1108.png,anodr,0,0.921515,0.030503,0.014895,0.016471,0.016616
