filename,prob_anodr,prob_bmilddr,prob_cmoderatedr,prob_dseveredr,prob_eproliferativedr,pred_label
20051020_43808_0100_PP_967.png,0.863376,0.065305,0.042215,0.013793,0.015312,anodr
20051020_44261_0100_PP_1191.png,0.918409,0.024095,0.020771,0.019437,0.017288,anodr
20051020_44284_0100_PP_502.png,0.919253,0.023148,0.020289,0.019955,0.017354,anodr
20051020_44338_0100_PP_547.png,0.892812,0.045705,0.030506,0.015035,0.015942,anodr
20051020_44400_0100_PP_920.png,0.629427,0.272836,0.068263,0.011372,0.018101,anodr
20051020_44431_0100_PP_514.png,0.836860,0.093939,0.042094,0.012510,0.014597,anodr
20051020_44692_0100_PP_419.png,0.917350,0.022194,0.022302,0.018891,0.019263,anodr
20051020_44714_0100_PP_1199.png,0.907091,0.042560,0.019923,0.014849,0.015577,anodr
20051020_44982_0100_PP_486.png,0.901670,0.040974,0.025256,0.016677,0.015423,anodr
20051020_56791_0100_PP_1185.png,0.911242,0.032312,0.021662,0.018528,0.016256,anodr
20051020_57157_0100_PP_971.png,0.912628,0.029322,0.023162,0.018923,0.015965,anodr
20051020_57967_0100_PP_829.png,0.909819,0.041537,0.017345,0.015337,0.015963,anodr
20051020_58065_0100_PP_561.png,0.754338,0.183420,0.022338,0.016264,0.023640,anodr
20051020_61757_0100_PP_484.png,0.913148,0.023887,0.026069,0.020056,0.016840,anodr
20051020_62461_0100_PP_76.png,0.906620,0.034965,0.024469,0.017694,0.016252,anodr
20051020_62510_0100_PP_106.png,0.896204,0.041045,0.029063,0.017337,0.016351,anodr
20051020_62577_0100_PP_479.png,0.916317,0.024017,0.021846,0.020145,0.017674,anodr
20051020_62615_0100_PP_294.png,0.917033,0.022890,0.021970,0.020280,0.017827,anodr
20051020_63269_0100_PP_1183.png,0.914007,0.031505,0.022091,0.016578,0.015819,anodr
20051020_63337_0100_PP_471.png,0.916040,0.026075,0.021501,0.018938,0.017446,anodr
20051020_64249_0100_PP_1004.png,0.911183,0.023882,0.025823,0.021450,0.017661,anodr
20051020_64388_0100_PP_1194.png,0.918374,0.021619,0.021367,0.020629,0.018011,anodr
20051020_64653_0100_PP_124.png,0.914043,0.031707,0.019573,0.017821,0.016856,anodr
20051020_64775_0100_PP_480.png,0.914928,0.027682,0.020957,0.018768,0.017665,anodr
20051020_64836_0100_PP_1270.png,0.914066,0.023564,0.024075,0.020835,0.017460,anodr
20051021_36380_0100_PP_135.png,0.892759,0.051422,0.024403,0.014888,0.016528,anodr
20051021_36476_0100_PP_1243.png,0.915356,0.025539,0.021654,0.019429,0.018022,anodr
20051021_39845_0100_PP_315.png,0.910697,0.032309,0.023546,0.017076,0.016373,anodr
20051021_39914_0100_PP_1352.png,0.905242,0.031203,0.028957,0.018496,0.016101,anodr
20051021_51418_0100_PP_18.png,0.910721,0.032310,0.022380,0.017430,0.017160,anodr
20051021_51476_0100_PP_150.png,0.877171,0.070595,0.021789,0.014095,0.016351,anodr
20051021_51936_0100_PP_1379.png,0.781643,0.147225,0.038182,0.014513,0.018436,anodr
20051021_51994_0100_PP_1283.png,0.898508,0.046391,0.022937,0.015642,0.016521,anodr
20051021_57798_0100_PP_1322.png,0.706955,0.217088,0.042084,0.013973,0.019899,anodr
20051021_57862_0100_PP_372.png,0.290558,0.627856,0.051538,0.012099,0.017951,bmilddr
20051021_57975_0100_PP_517.png,0.915755,0.027291,0.021876,0.018403,0.016675,anodr
20051021_58035_0100_PP_1138.png,0.920989,0.021055,0.019934,0.020012,0.018009,anodr
20051021_58388_0100_PP_1300.png,0.914743,0.021809,0.024640,0.020568,0.018240,anodr
20051021_58522_0100_PP_50.png,0.915290,0.021192,0.024297,0.020520,0.018702,anodr
20051109_57843_0400_PP_1109.png,0.902624,0.044134,0.021311,0.016760,0.015171,anodr
20051109_59969_0400_PP_1079.png,0.902220,0.036235,0.027351,0.017798,0.016396,anodr
20051109_60031_0400_PP_528.png,0.891213,0.042609,0.033103,0.017667,0.015409,anodr
20051109_60136_0400_PP_905.png,0.899713,0.041125,0.026256,0.017135,0.015770,anodr
20051110_33960_0400_PP_35.png,0.901675,0.039694,0.026676,0.016726,0.015229,anodr
20051110_34013_0400_PP_151.png,0.909597,0.032175,0.023425,0.017596,0.017205,anodr
20051110_35239_0400_PP_836.png,0.916724,0.025565,0.021019,0.019250,0.017442,anodr
20051110_35279_0400_PP_1033.png,0.915586,0.026550,0.022390,0.018818,0.016655,anodr
20051110_35332_0400_PP_497.png,0.910993,0.033443,0.021508,0.018165,0.015890,anodr
20051110_37992_0400_PP_1043.png,0.912176,0.029856,0.022970,0.018565,0.016432,anodr
20051110_38111_0400_PP_429.png,0.910013,0.031940,0.023299,0.018813,0.015935,anodr
20051110_38156_0400_PP_477.png,0.895525,0.051018,0.022861,0.015835,0.014760,anodr
20051110_38280_0400_PP_83.png,0.870665,0.068312,0.034375,0.013909,0.012739,anodr
20051110_38313_0400_PP_1041.png,0.912191,0.024120,0.025302,0.020410,0.017977,anodr
20051110_38352_0400_PP_934.png,0.914815,0.021789,0.023583,0.021285,0.018528,anodr
20051110_38472_0400_PP_1127.png,0.904622,0.042735,0.021442,0.015996,0.015204,anodr
20051110_38507_0400_PP_1190.png,0.562706,0.356631,0.053190,0.013468,0.014005,anodr
20051116_43388_0400_PP_344.png,0.911419,0.033919,0.021040,0.017614,0.016007,anodr
20051116_43585_0400_PP_950.png,0.917207,0.028037,0.020244,0.018450,0.016061,anodr
20051116_43710_0400_PP_95.png,0.836408,0.060990,0.069857,0.016149,0.016597,anodr
20051116_43721_0400_PP_363.png,0.905127,0.029931,0.030987,0.017855,0.016099,anodr
20051116_43785_0400_PP_445.png,0.751251,0.151660,0.067151,0.014633,0.015305,anodr
20051116_43801_0400_PP_325.png,0.903023,0.037712,0.025517,0.017936,0.015813,anodr
20051116_44648_0400_PP_1036.png,0.899806,0.042622,0.025751,0.017305,0.014516,anodr
20051117_37042_0400_PP_1119.png,0.268156,0.636399,0.046056,0.015397,0.033992,bmilddr
20051117_37051_0400_PP_1136.png,0.831422,0.113903,0.023678,0.013624,0.017374,anodr
20051117_37078_0400_PP_559.png,0.902619,0.028177,0.031189,0.019537,0.018479,anodr
20051117_37100_0400_PP_1083.png,0.905956,0.026003,0.029494,0.020430,0.018118,anodr
20051117_37130_0400_PP_938.png,0.881264,0.061648,0.028592,0.015074,0.013421,anodr
20051117_37155_0400_PP_84.png,0.807360,0.124784,0.040059,0.015467,0.012331,anodr
20051117_37185_0400_PP_404.png,0.649171,0.244958,0.079177,0.014037,0.012657,anodr
20051117_37321_0400_PP_947.png,0.912334,0.029270,0.022596,0.019009,0.016792,anodr
20051130_53586_0400_PP_1121.png,0.885569,0.057616,0.026690,0.015614,0.014511,anodr
20051130_53623_0400_PP_894.png,0.911522,0.026214,0.026757,0.019405,0.016103,anodr
20051130_53663_0400_PP_510.png,0.914639,0.024114,0.023903,0.020128,0.017217,anodr
20051130_53991_0400_PP_277.png,0.908837,0.035154,0.022664,0.017754,0.015592,anodr
20051130_54030_0400_PP_946.png,0.916935,0.025372,0.021712,0.019236,0.016745,anodr
20051130_54077_0400_PP_1117.png,0.914660,0.030187,0.020426,0.017990,0.016736,anodr
20051130_54121_0400_PP_1281.png,0.916529,0.028920,0.019935,0.017992,0.016624,anodr
20051130_54257_0400_PP_506.png,0.880980,0.058634,0.031608,0.014909,0.013869,anodr
20051130_54301_0400_PP_93.png,0.907839,0.035201,0.023610,0.017821,0.015529,anodr
20051130_54323_0400_PP_978.png,0.815629,0.120907,0.034497,0.013911,0.015056,anodr
20051130_54476_0400_PP_394.png,0.912345,0.029557,0.023820,0.018733,0.015545,anodr
20051130_54498_0400_PP_1217.png,0.914112,0.028093,0.023726,0.018659,0.015409,anodr
20051130_54595_0400_PP_940.png,0.233930,0.620550,0.078913,0.014766,0.051841,bmilddr
20051130_54802_0400_PP_550.png,0.910467,0.030852,0.023152,0.018804,0.016725,anodr
20051130_54846_0400_PP_289.png,0.912060,0.026734,0.024568,0.019587,0.017051,anodr
20051130_54943_0400_PP_1044.png,0.918184,0.023303,0.020909,0.019738,0.017867,anodr
20051130_54956_0400_PP_875.png,0.917525,0.023560,0.021181,0.019879,0.017854,anodr
20051130_55004_0400_PP_1259.png,0.896631,0.039549,0.030442,0.017584,0.015793,anodr
20051130_55012_0400_PP_865.png,0.901138,0.038207,0.027654,0.017587,0.015414,anodr
20051130_55037_0400_PP_443.png,0.915709,0.024403,0.022613,0.019801,0.017474,anodr
20051130_55048_0400_PP_921.png,0.916722,0.024145,0.021899,0.019707,0.017528,anodr
20051130_55074_0400_PP_986.png,0.912045,0.029375,0.023147,0.019003,0.016430,anodr
20051130_55086_0400_PP_1152.png,0.913701,0.029500,0.022105,0.018615,0.016078,anodr
20051130_55107_0400_PP_316.png,0.916335,0.026481,0.021424,0.018307,0.017452,anodr
20051130_55160_0400_PP_1182.png,0.900567,0.044727,0.023080,0.016869,0.014757,anodr
20051130_55269_0400_PP_820.png,0.908173,0.037284,0.022231,0.016929,0.015384,anodr
20051130_55311_0400_PP_896.png,0.798491,0.144849,0.030720,0.012894,0.013046,anodr
20051130_55323_0400_PP_883.png,0.877104,0.073216,0.020607,0.014026,0.015047,anodr
20051130_55381_0400_PP_504.png,0.914389,0.025388,0.021715,0.020540,0.017968,anodr
20051130_55393_0400_PP_1251.png,0.913041,0.025825,0.023308,0.020093,0.017732,anodr
20051130_58716_0400_PP_355.png,0.888847,0.032329,0.040470,0.020280,0.018073,anodr
20051130_58824_0400_PP_1181.png,0.899111,0.026264,0.034845,0.021228,0.018551,anodr
20051130_58874_0400_PP_1359.png,0.903785,0.030595,0.028953,0.019505,0.017162,anodr
20051130_58888_0400_PP_284.png,0.898172,0.044240,0.024671,0.015728,0.017190,anodr
20051130_58962_0400_PP_973.png,0.912298,0.030212,0.022007,0.018209,0.017273,anodr
20051130_58998_0400_PP_543.png,0.917003,0.021025,0.022250,0.020801,0.018921,anodr
20051130_59029_0400_PP_270.png,0.913886,0.021304,0.024617,0.021077,0.019116,anodr
20051130_59186_0400_PP_350.png,0.904015,0.038913,0.024091,0.017471,0.015509,anodr
20051130_59284_0400_PP_853.png,0.910589,0.035118,0.021166,0.017581,0.015546,anodr
20051130_59374_0400_PP_410.png,0.913443,0.026077,0.023228,0.019407,0.017844,anodr
20051130_59404_0400_PP_392.png,0.910978,0.030629,0.024182,0.018023,0.016188,anodr
20051130_59457_0400_PP_1053.png,0.905498,0.039882,0.020540,0.017689,0.016392,anodr
20051130_59464_0400_PP_1141.png,0.912540,0.029233,0.023137,0.018555,0.016535,anodr
20051130_59749_0400_PP_965.png,0.905436,0.037868,0.024318,0.017278,0.015100,anodr
20051130_59775_0400_PP_1224.png,0.892189,0.049747,0.028056,0.016341,0.013667,anodr
20051130_59793_0400_PP_926.png,0.912141,0.031227,0.022089,0.017836,0.016706,anodr
20051130_59802_0400_PP_430.png,0.909834,0.034310,0.022733,0.016861,0.016262,anodr
20051130_59850_0400_PP_36.png,0.912401,0.027795,0.022642,0.019768,0.017394,anodr
20051130_59869_0400_PP_520.png,0.913980,0.025978,0.023332,0.019438,0.017272,anodr
20051130_59964_0400_PP_312.png,0.893424,0.050626,0.025000,0.016396,0.014554,anodr
20051130_59993_0400_PP_439.png,0.038134,0.551412,0.374199,0.015370,0.020885,bmilddr
20051130_60040_0400_PP_1355.png,0.909616,0.033327,0.022950,0.018084,0.016022,anodr
20051130_60066_0400_PP_1170.png,0.903918,0.035117,0.027618,0.017779,0.015568,anodr
20051130_60186_0400_PP_1365.png,0.894800,0.047203,0.026011,0.016469,0.015517,anodr
20051130_60234_0400_PP_453.png,0.894058,0.044426,0.029149,0.017296,0.015071,anodr
20051130_60448_0400_PP_860.png,0.867099,0.039403,0.057387,0.018989,0.017122,anodr
20051130_60490_0400_PP_828.png,0.791582,0.065104,0.109030,0.017301,0.016983,anodr
20051130_60532_0400_PP_1052.png,0.909064,0.033372,0.023389,0.016945,0.017229,anodr
20051130_60562_0400_PP_121.png,0.159650,0.731755,0.055797,0.014393,0.038405,bmilddr
20051130_60601_0400_PP_146.png,0.903447,0.036515,0.027175,0.017753,0.015111,anodr
20051130_60630_0400_PP_60.png,0.907437,0.033021,0.024926,0.018397,0.016219,anodr
20051130_60691_0400_PP_939.png,0.753587,0.158424,0.057433,0.015293,0.015263,anodr
20051130_60715_0400_PP_555.png,0.768159,0.139790,0.062396,0.015695,0.013960,anodr
20051130_60740_0400_PP_1166.png,0.883692,0.054781,0.030970,0.015934,0.014622,anodr
20051130_60794_0400_PP_280.png,0.902683,0.040148,0.024844,0.017242,0.015083,anodr
20051130_60822_0400_PP_980.png,0.906392,0.035420,0.024273,0.017950,0.015965,anodr
20051201_37312_0400_PP_1333.png,0.668923,0.248741,0.055719,0.012653,0.013965,anodr
20051201_37337_0400_PP_839.png,0.896618,0.048717,0.023894,0.015964,0.014807,anodr
20051201_37382_0400_PP_1350.png,0.898054,0.046119,0.024740,0.016921,0.014166,anodr
20051201_37390_0400_PP_833.png,0.910469,0.033719,0.022660,0.017699,0.015453,anodr
20051201_37409_0400_PP_1340.png,0.901281,0.047314,0.021031,0.015417,0.014957,anodr
20051201_37462_0400_PP_357.png,0.907021,0.038325,0.022997,0.016678,0.014979,anodr
20051201_37534_0400_PP_906.png,0.906438,0.037984,0.023344,0.016393,0.015842,anodr
20051201_37557_0400_PP_1336.png,0.900727,0.041333,0.026005,0.015788,0.016147,anodr
20051201_38041_0400_PP_1312.png,0.895957,0.041477,0.030065,0.016964,0.015537,anodr
20051201_38081_0400_PP_963.png,0.911433,0.029456,0.023611,0.018659,0.016841,anodr
20051201_38103_0400_PP_81.png,0.900891,0.042987,0.025136,0.015531,0.015455,anodr
20051201_38137_0400_PP_391.png,0.885341,0.061122,0.023802,0.014650,0.015085,anodr
20051201_38155_0400_PP_112.png,0.758232,0.131681,0.077648,0.015508,0.016932,anodr
20051201_38164_0400_PP_881.png,0.686289,0.134005,0.134699,0.021340,0.023668,anodr
20051201_38199_0400_PP_1329.png,0.553132,0.365955,0.048214,0.014726,0.017972,anodr
20051201_38211_0400_PP_1174.png,0.855017,0.087250,0.029372,0.015493,0.012869,anodr
20051201_38246_0400_PP_1063.png,0.911691,0.032902,0.021736,0.017985,0.015687,anodr
20051201_38262_0400_PP_335.png,0.900045,0.043602,0.024032,0.016925,0.015396,anodr
20051201_38280_0400_PP_1103.png,0.914317,0.028907,0.021440,0.018392,0.016944,anodr
20051201_38291_0400_PP_468.png,0.913464,0.028515,0.023802,0.018002,0.016216,anodr
20051201_38321_0400_PP_903.png,0.778858,0.136174,0.056946,0.012370,0.015652,anodr
20051201_38349_0400_PP_892.png,0.898215,0.045869,0.026289,0.015319,0.014307,anodr
20051201_38466_0400_PP_572.png,0.915018,0.029042,0.021688,0.018103,0.016149,anodr
20051201_38475_0400_PP_560.png,0.912406,0.028889,0.023133,0.018844,0.016728,anodr
20051202_37162_0400_PP_29.png,0.063202,0.811550,0.082144,0.016293,0.026810,bmilddr
20051202_51599_0400_PP_966.png,0.828366,0.105843,0.037957,0.013442,0.014393,anodr
20051202_51616_0400_PP_1018.png,0.900722,0.042416,0.025601,0.016659,0.014602,anodr
20051205_57651_0400_PP_52.png,0.914177,0.029015,0.021520,0.018461,0.016826,anodr
20051205_57704_0400_PP_1167.png,0.913004,0.029622,0.021367,0.018619,0.017388,anodr
20051205_57757_0400_PP_1100.png,0.811778,0.127287,0.033262,0.013121,0.014552,anodr
20051205_57780_0400_PP_1102.png,0.857285,0.083960,0.030712,0.014910,0.013132,anodr
20051205_57799_0400_PP_868.png,0.108242,0.777660,0.076924,0.014146,0.023029,bmilddr
20051205_57809_0400_PP_1228.png,0.886805,0.058434,0.025981,0.014489,0.014292,anodr
20051205_57838_0400_PP_859.png,0.917185,0.023923,0.020845,0.019794,0.018253,anodr
20051205_57879_0400_PP_1254.png,0.917187,0.024087,0.020988,0.020047,0.017691,anodr
20051205_57942_0400_PP_990.png,0.917420,0.025484,0.020668,0.019209,0.017218,anodr
20051205_57988_0400_PP_1112.png,0.918195,0.025037,0.020405,0.019413,0.016949,anodr
20051205_58037_0400_PP_835.png,0.899763,0.031365,0.033015,0.018349,0.017508,anodr
20051205_58060_0400_PP_376.png,0.912495,0.025286,0.024412,0.019180,0.018626,anodr
20051205_58080_0400_PP_1034.png,0.809344,0.066874,0.087722,0.018074,0.017986,anodr
20051205_58091_0400_PP_292.png,0.896782,0.034250,0.033587,0.018467,0.016913,anodr
20051205_58109_0400_PP_1311.png,0.910159,0.033023,0.022852,0.017745,0.016220,anodr
20051205_58125_0400_PP_46.png,0.756948,0.175198,0.035646,0.013823,0.018385,anodr
20051205_58150_0400_PP_393.png,0.914664,0.025051,0.023373,0.019339,0.017574,anodr
20051205_58177_0400_PP_503.png,0.903908,0.032637,0.028080,0.018560,0.016816,anodr
20051205_58354_0400_PP_1282.png,0.914667,0.027285,0.021722,0.019226,0.017100,anodr
20051205_58373_0400_PP_55.png,0.784610,0.152773,0.032671,0.013046,0.016900,anodr
20051205_58409_0400_PP_985.png,0.849606,0.093377,0.028565,0.014892,0.013559,anodr
20051205_58431_0400_PP_493.png,0.853238,0.090283,0.029282,0.014652,0.012545,anodr
20051205_58458_0400_PP_309.png,0.913128,0.032538,0.020895,0.017323,0.016115,anodr
20051205_58502_0400_PP_482.png,0.910057,0.034910,0.022628,0.017332,0.015073,anodr
20051205_58613_0400_PP_843.png,0.913132,0.029873,0.021749,0.018603,0.016643,anodr
20051205_59240_0400_PP_301.png,0.912459,0.031483,0.021106,0.018159,0.016794,anodr
20051205_59337_0400_PP_945.png,0.910160,0.032039,0.022763,0.018706,0.016332,anodr
20051205_59351_0400_PP_332.png,0.916669,0.027013,0.020291,0.018822,0.017204,anodr
20051205_59367_0400_PP_816.png,0.302634,0.272874,0.367550,0.023774,0.033168,cmoderatedr
20051205_59379_0400_PP_842.png,0.909538,0.031244,0.025081,0.018548,0.015588,anodr
20051205_59510_0400_PP_329.png,0.909788,0.033513,0.022888,0.017566,0.016246,anodr
20051205_59538_0400_PP_534.png,0.902644,0.042486,0.021988,0.017107,0.015775,anodr
20051205_59617_0400_PP_1000.png,0.910047,0.035252,0.021486,0.017248,0.015967,anodr
20051205_59651_0400_PP_1164.png,0.909805,0.035208,0.022054,0.017294,0.015639,anodr
20051205_59738_0400_PP_119.png,0.916767,0.026096,0.020775,0.018714,0.017649,anodr
20051205_59754_0400_PP_880.png,0.914568,0.026008,0.022322,0.019149,0.017954,anodr
20051205_59833_0400_PP_531.png,0.907022,0.036857,0.022796,0.017427,0.015898,anodr
20051205_59858_0400_PP_523.png,0.902076,0.041033,0.024682,0.016914,0.015295,anodr
20051205_59901_0400_PP_417.png,0.913762,0.026849,0.022988,0.019151,0.017251,anodr
20051205_59923_0400_PP_1307.png,0.916615,0.025018,0.021368,0.019456,0.017543,anodr
20051205_60093_0400_PP_1286.png,0.918358,0.023421,0.020488,0.019474,0.018258,anodr
20051205_60119_0400_PP_451.png,0.917560,0.023932,0.021876,0.019343,0.017288,anodr
20051213_61406_0100_PP_1027.png,0.206700,0.407973,0.243909,0.043422,0.097996,bmilddr
20051213_61802_0100_PP_408.png,0.692467,0.238727,0.028056,0.018708,0.022043,anodr
20051213_61892_0100_PP_837.png,0.915120,0.025909,0.022576,0.019386,0.017008,anodr
20051213_61951_0100_PP_983.png,0.917434,0.023489,0.021830,0.019994,0.017252,anodr
20051213_62251_0100_PP_27.png,0.914756,0.027569,0.021788,0.018618,0.017269,anodr
20051213_62314_0100_PP_1325.png,0.917631,0.024454,0.021081,0.019307,0.017528,anodr
20051213_62518_0100_PP_821.png,0.917298,0.026111,0.020726,0.018615,0.017250,anodr
20051213_62572_0100_PP_1176.png,0.917983,0.025940,0.020261,0.018520,0.017296,anodr
20051214_40529_0100_PP_1120.png,0.917500,0.023514,0.021181,0.020073,0.017732,anodr
20051214_40767_0100_PP_1039.png,0.893323,0.053153,0.022539,0.016014,0.014970,anodr
20051214_40994_0100_PP_435.png,0.910346,0.031395,0.023399,0.018857,0.016004,anodr
20051214_41055_0100_PP_41.png,0.914864,0.025130,0.021876,0.020311,0.017820,anodr
20051214_42133_0100_PP_462.png,0.893717,0.052904,0.022527,0.015109,0.015742,anodr
20051214_42197_0100_PP_1288.png,0.911603,0.031654,0.022163,0.017704,0.016877,anodr
20051214_42323_0100_PP_845.png,0.915136,0.030934,0.020396,0.017192,0.016341,anodr
20051214_42363_0100_PP_42.png,0.918035,0.025564,0.020824,0.018431,0.017146,anodr
20051214_51178_0100_PP_1380.png,0.919471,0.023199,0.019478,0.019960,0.017892,anodr
20051214_51211_0100_PP_511.png,0.919750,0.022869,0.019561,0.019888,0.017932,anodr
20051214_51308_0100_PP_1342.png,0.905529,0.036850,0.026400,0.016440,0.014780,anodr
20051214_51342_0100_PP_970.png,0.914122,0.027848,0.023177,0.018370,0.016483,anodr
20051214_51442_0100_PP_28.png,0.876360,0.066384,0.029379,0.013918,0.013959,anodr
20051214_51469_0100_PP_1060.png,0.772524,0.121547,0.076940,0.013957,0.015032,anodr
20051214_56242_0100_PP_337.png,0.858760,0.078668,0.034021,0.012976,0.015576,anodr
20051214_56392_0100_PP_1037.png,0.921189,0.021018,0.019477,0.020233,0.018084,anodr
20051214_56438_0100_PP_22.png,0.917839,0.024808,0.022380,0.018901,0.016072,anodr
20051214_56636_0100_PP_128.png,0.894492,0.052436,0.022306,0.015331,0.015436,anodr
20051214_56688_0100_PP_120.png,0.914241,0.026889,0.023203,0.018626,0.017042,anodr
20051214_57761_0100_PP_356.png,0.905139,0.034755,0.025082,0.017255,0.017768,anodr
20051214_57817_0100_PP_876.png,0.912464,0.028919,0.022467,0.017669,0.018481,anodr
20051216_43913_0200_PP_1367.png,0.918822,0.024272,0.020161,0.019752,0.016994,anodr
20051216_44066_0200_PP_426.png,0.864387,0.067071,0.039627,0.014359,0.014556,anodr
20051216_44092_0200_PP_1090.png,0.045901,0.556191,0.359455,0.015809,0.022645,bmilddr
20051216_44221_0200_PP_548.png,0.919991,0.023099,0.019094,0.019932,0.017884,anodr
20051216_44252_0200_PP_952.png,0.920624,0.022513,0.019014,0.020004,0.017844,anodr
20051216_44398_0200_PP_1235.png,0.918618,0.024781,0.019747,0.019864,0.016990,anodr
20051216_44420_0200_PP_379.png,0.915535,0.028014,0.021679,0.018927,0.015845,anodr
20051216_44635_0200_PP_415.png,0.920584,0.022845,0.019655,0.019655,0.017261,anodr
20051216_44660_0200_PP_888.png,0.917747,0.024457,0.020919,0.019652,0.017225,anodr
20051216_44811_0200_PP_567.png,0.919796,0.023619,0.019581,0.019657,0.017348,anodr
20051216_44832_0200_PP_1082.png,0.918689,0.023962,0.020476,0.019865,0.017008,anodr
20051216_45076_0200_PP_818.png,0.912050,0.033286,0.022065,0.016951,0.015647,anodr
20051216_45499_0200_PP_1071.png,0.920918,0.022697,0.019433,0.019952,0.016999,anodr
20051216_45781_0200_PP_320.png,0.916770,0.030718,0.020038,0.017156,0.015318,anodr
20051216_45873_0200_PP_832.png,0.920696,0.022803,0.018978,0.019677,0.017846,anodr
20051216_45992_0200_PP_341.png,0.915883,0.027362,0.021751,0.018262,0.016742,anodr
20051216_46018_0200_PP_1216.png,0.914284,0.028765,0.022468,0.017965,0.016518,anodr
20051216_46183_0200_PP_1204.png,0.919476,0.024289,0.019478,0.019365,0.017392,anodr
20051216_47514_0200_PP_110.png,0.907158,0.038387,0.022666,0.016910,0.014879,anodr
20051216_47536_0200_PP_1339.png,0.917232,0.026275,0.020483,0.018962,0.017048,anodr
20060407_38711_0200_PP_283.png,0.902250,0.043178,0.023259,0.016413,0.014900,anodr
20060407_38970_0200_PP_1111.png,0.903672,0.040845,0.023732,0.016944,0.014808,anodr
20060407_39155_0200_PP_855.png,0.919402,0.022243,0.019515,0.020632,0.018208,anodr
20060407_39184_0200_PP_373.png,0.919486,0.020857,0.020594,0.020836,0.018227,anodr
20060407_39306_0200_PP_1074.png,0.919507,0.021965,0.020695,0.020354,0.017478,anodr
20060407_39328_0200_PP_893.png,0.917802,0.024032,0.022357,0.019596,0.016214,anodr
20060407_39435_0200_PP_1214.png,0.425586,0.268807,0.250678,0.026995,0.027934,anodr
20060407_39546_0200_PP_545.png,0.917613,0.026988,0.019745,0.018896,0.016757,anodr
20060407_39567_0200_PP_1168.png,0.916644,0.026156,0.020853,0.019343,0.017003,anodr
20060407_39687_0200_PP_101.png,0.916304,0.027819,0.021278,0.018396,0.016203,anodr
20060407_39761_0200_PP_518.png,0.918752,0.024246,0.020457,0.019368,0.017176,anodr
20060407_39780_0200_PP_1006.png,0.912157,0.032456,0.021939,0.018385,0.015064,anodr
20060407_40740_0200_PP_314.png,0.916477,0.027473,0.020708,0.018671,0.016671,anodr
20060407_40761_0200_PP_282.png,0.920185,0.024118,0.019494,0.019266,0.016936,anodr
20060407_41149_0200_PP_26.png,0.915215,0.021149,0.024153,0.021252,0.018231,anodr
20060407_41177_0200_PP_1104.png,0.918612,0.021062,0.021752,0.020959,0.017615,anodr
20060407_41312_0200_PP_895.png,0.919552,0.023844,0.019347,0.019981,0.017275,anodr
20060407_41980_0200_PP_1347.png,0.918536,0.025206,0.020353,0.019082,0.016824,anodr
20060407_42099_0200_PP_77.png,0.918683,0.023613,0.020021,0.019329,0.018354,anodr
20060407_42133_0200_PP_488.png,0.918217,0.024662,0.020606,0.018909,0.017608,anodr
20060407_42290_0200_PP_1107.png,0.920153,0.020250,0.020548,0.020791,0.018258,anodr
20060407_42308_0200_PP_1278.png,0.920434,0.020335,0.020315,0.020777,0.018139,anodr
20060407_43223_0200_PP_47.png,0.812220,0.105382,0.056390,0.012357,0.013651,anodr
20060407_43258_0200_PP_118.png,0.916679,0.027695,0.020834,0.018694,0.016099,anodr
20060407_43594_0200_PP_140.png,0.918787,0.025287,0.019331,0.019502,0.017093,anodr
20060407_43618_0200_PP_867.png,0.918872,0.024392,0.019986,0.019772,0.016978,anodr
20060407_43726_0200_PP_1128.png,0.915869,0.029197,0.019708,0.019157,0.016069,anodr
20060407_43746_0200_PP_1058.png,0.918364,0.025824,0.019588,0.019550,0.016673,anodr
20060407_43834_0200_PP_1162.png,0.919381,0.024609,0.019803,0.018749,0.017459,anodr
20060407_43856_0200_PP_862.png,0.917667,0.025754,0.020775,0.018732,0.017072,anodr
20060407_44042_0200_PP_1047.png,0.920270,0.022593,0.019287,0.019977,0.017872,anodr
20060407_44061_0200_PP_295.png,0.919386,0.022793,0.019997,0.020056,0.017768,anodr
20060407_44400_0200_PP_956.png,0.919013,0.022039,0.021340,0.020543,0.017064,anodr
20060407_44422_0200_PP_847.png,0.919551,0.021562,0.021395,0.020435,0.017057,anodr
20060407_44510_0200_PP_48.png,0.920790,0.021133,0.019449,0.020303,0.018325,anodr
20060407_44529_0200_PP_1212.png,0.919519,0.022073,0.020655,0.019825,0.017928,anodr
20060407_44743_0200_PP_824.png,0.918351,0.026230,0.020053,0.018546,0.016820,anodr
20060407_44766_0200_PP_89.png,0.917892,0.024774,0.021169,0.018718,0.017447,anodr
20060407_44866_0200_PP_293.png,0.916440,0.027620,0.020109,0.019095,0.016736,anodr
20060407_44889_0200_PP_830.png,0.918281,0.024615,0.020287,0.019683,0.017134,anodr
20060407_45107_0200_PP_1345.png,0.917458,0.026683,0.020791,0.019097,0.015972,anodr
20060407_45230_0200_PP_1297.png,0.919690,0.025017,0.018828,0.019069,0.017396,anodr
20060407_45247_0200_PP_1159.png,0.916811,0.025381,0.021269,0.019215,0.017325,anodr
20060407_45718_0200_PP_400.png,0.906655,0.031359,0.026459,0.017763,0.017763,anodr
20060407_45737_0200_PP_1089.png,0.918187,0.026574,0.020266,0.018927,0.016047,anodr
20060407_45834_0200_PP_1219.png,0.916405,0.028385,0.021259,0.017919,0.016032,anodr
20060407_45852_0200_PP_287.png,0.918206,0.024734,0.020666,0.019263,0.017132,anodr
20060407_45949_0200_PP_38.png,0.918870,0.024273,0.019811,0.019734,0.017313,anodr
20060407_46070_0200_PP_1236.png,0.905506,0.040491,0.023003,0.016520,0.014480,anodr
20060407_46235_0200_PP_566.png,0.918866,0.023826,0.019908,0.019676,0.017724,anodr
20060407_46257_0200_PP_827.png,0.920145,0.022283,0.019665,0.019897,0.018010,anodr
20060410_39047_0200_PP_457.png,0.921634,0.020223,0.018998,0.020804,0.018341,anodr
20060410_39075_0200_PP_953.png,0.920058,0.020972,0.019778,0.021095,0.018097,anodr
20060410_39229_0200_PP_1372.png,0.920763,0.022038,0.019017,0.019929,0.018253,anodr
20060410_39476_0200_PP_403.png,0.921183,0.023747,0.018785,0.019063,0.017222,anodr
20060410_39500_0200_PP_73.png,0.920197,0.023445,0.019267,0.019532,0.017560,anodr
20060410_39586_0200_PP_574.png,0.912658,0.032458,0.020501,0.018039,0.016345,anodr
20060410_39606_0200_PP_1148.png,0.917681,0.027847,0.019270,0.018245,0.016956,anodr
20060410_39695_0200_PP_1008.png,0.897416,0.049844,0.022798,0.015745,0.014197,anodr
20060410_39859_0200_PP_296.png,0.918785,0.024247,0.020101,0.019162,0.017705,anodr
20060410_39879_0200_PP_951.png,0.916777,0.027901,0.020735,0.018280,0.016307,anodr
20060410_39994_0200_PP_1378.png,0.904820,0.036321,0.026328,0.016686,0.015844,anodr
20060410_40403_0200_PP_1273.png,0.913280,0.032243,0.021859,0.017057,0.015561,anodr
20060410_40499_0200_PP_15.png,0.921531,0.019694,0.019107,0.020985,0.018683,anodr
20060410_40633_0200_PP_869.png,0.916853,0.026900,0.020315,0.019253,0.016678,anodr
20060410_40846_0200_PP_414.png,0.917217,0.024253,0.021868,0.019814,0.016849,anodr
20060410_40953_0200_PP_1362.png,0.915881,0.028521,0.020254,0.019383,0.015960,anodr
20060410_40979_0200_PP_1017.png,0.262522,0.511239,0.200400,0.012466,0.013374,bmilddr
20060410_41098_0200_PP_912.png,0.918255,0.026305,0.020090,0.018598,0.016753,anodr
20060410_41191_0200_PP_1364.png,0.918451,0.024167,0.020016,0.019230,0.018136,anodr
20060410_41209_0200_PP_1115.png,0.917552,0.025978,0.020956,0.018242,0.017271,anodr
20060410_41603_0200_PP_64.png,0.921247,0.022529,0.018641,0.019901,0.017683,anodr
20060410_41880_0200_PP_1266.png,0.919745,0.022187,0.019830,0.019791,0.018447,anodr
20060410_41901_0200_PP_1068.png,0.917844,0.023226,0.021189,0.019635,0.018106,anodr
20060410_43847_0200_PP_273.png,0.920413,0.022095,0.019728,0.019536,0.018228,anodr
20060410_43868_0200_PP_874.png,0.917749,0.023797,0.021290,0.019461,0.017702,anodr
20060410_43979_0200_PP_276.png,0.917454,0.026539,0.021429,0.018258,0.016319,anodr
20060410_44345_0200_PP_1011.png,0.918090,0.023164,0.020224,0.020125,0.018396,anodr
20060410_44364_0200_PP_1274.png,0.919020,0.023714,0.019545,0.020028,0.017692,anodr
20060410_44464_0200_PP_1255.png,0.921275,0.021351,0.019195,0.020374,0.017805,anodr
20060410_44504_0200_PP_474.png,0.921151,0.020874,0.019457,0.020611,0.017907,anodr
20060410_44601_0200_PP_1013.png,0.911768,0.034265,0.021317,0.017518,0.015131,anodr
20060410_44770_0200_PP_1320.png,0.081086,0.051115,0.453808,0.138742,0.275249,cmoderatedr
20060410_44802_0200_PP_1069.png,0.146714,0.125338,0.554368,0.070480,0.103100,cmoderatedr
20060410_44934_0200_PP_418.png,0.916086,0.028195,0.020338,0.018700,0.016681,anodr
20060410_45167_0200_PP_549.png,0.921508,0.020679,0.019675,0.020639,0.017499,anodr
20060410_45188_0200_PP_544.png,0.920808,0.020363,0.020244,0.020684,0.017900,anodr
20060410_47186_0200_PP_1143.png,0.910786,0.030742,0.023002,0.019238,0.016232,anodr
20060411_58071_0200_PP_1022.png,0.917636,0.026454,0.020653,0.019345,0.015913,anodr
20060411_58392_0200_PP_34.png,0.917588,0.028008,0.020632,0.017340,0.016433,anodr
20060411_58413_0200_PP_358.png,0.917799,0.024626,0.020859,0.019235,0.017480,anodr
20060411_58469_0200_PP_982.png,0.918467,0.020411,0.022264,0.020915,0.017942,anodr
20060411_58494_0200_PP_452.png,0.916925,0.020839,0.024056,0.020476,0.017703,anodr
20060411_58571_0200_PP_148.png,0.911881,0.027004,0.025417,0.017692,0.018006,anodr
20060411_58644_0200_PP_538.png,0.907354,0.036051,0.024997,0.016831,0.014767,anodr
20060411_58808_0200_PP_125.png,0.919481,0.024575,0.018696,0.019805,0.017443,anodr
20060411_58829_0200_PP_1091.png,0.918706,0.024387,0.019481,0.019963,0.017463,anodr
20060411_58891_0200_PP_929.png,0.919512,0.022774,0.020058,0.019902,0.017753,anodr
20060411_58913_0200_PP_1356.png,0.918914,0.021695,0.020803,0.020461,0.018127,anodr
20060411_60511_0200_PP_351.png,0.906751,0.038690,0.023238,0.016608,0.014714,anodr
20060411_61687_0200_PP_431.png,0.918673,0.026653,0.019807,0.018318,0.016549,anodr
20060411_61702_0200_PP_1040.png,0.865782,0.080801,0.024298,0.014737,0.014382,anodr
20060411_61869_0200_PP_955.png,0.920441,0.023844,0.019215,0.019442,0.017057,anodr
20060411_61901_0200_PP_288.png,0.648362,0.287428,0.032629,0.015398,0.016184,anodr
20060411_62036_0200_PP_59.png,0.919346,0.024049,0.019667,0.019514,0.017424,anodr
20060411_62058_0200_PP_948.png,0.918776,0.025163,0.019906,0.019162,0.016993,anodr
20060411_62162_0200_PP_97.png,0.891896,0.050973,0.026697,0.015618,0.014816,anodr
20060412_51835_0200_PP_1331.png,0.913562,0.028159,0.021590,0.019543,0.017146,anodr
20060412_51860_0200_PP_890.png,0.894946,0.047407,0.025512,0.017810,0.014325,anodr
20060412_52098_0200_PP_491.png,0.916598,0.026749,0.020349,0.019418,0.016887,anodr
20060412_52351_0200_PP_944.png,0.898807,0.043203,0.027731,0.015956,0.014303,anodr
20060412_52371_0200_PP_354.png,0.777239,0.125740,0.072030,0.013166,0.011825,anodr
20060412_52425_0200_PP_1292.png,0.920155,0.021938,0.019936,0.020171,0.017801,anodr
20060412_52446_0200_PP_533.png,0.919258,0.021703,0.020933,0.020408,0.017697,anodr
20060412_52606_0200_PP_1046.png,0.913895,0.030488,0.022262,0.017905,0.015450,anodr
20060412_52840_0200_PP_343.png,0.915541,0.030752,0.020606,0.017471,0.015630,anodr
20060412_57874_0200_PP_108.png,0.912420,0.033349,0.021563,0.017377,0.015291,anodr
20060412_57952_0200_PP_388.png,0.920223,0.023105,0.018803,0.020172,0.017698,anodr
20060412_57974_0200_PP_94.png,0.919531,0.023020,0.019806,0.020216,0.017427,anodr
20060412_58032_0200_PP_994.png,0.906814,0.038037,0.023560,0.016304,0.015286,anodr
20060412_58054_0200_PP_825.png,0.906747,0.037517,0.024785,0.016034,0.014916,anodr
20060412_58137_0200_PP_1215.png,0.916664,0.026491,0.020874,0.018530,0.017441,anodr
20060412_58723_0200_PP_1153.png,0.920137,0.022656,0.019626,0.019780,0.017800,anodr
20060412_58802_0200_PP_925.png,0.918629,0.025895,0.019253,0.019234,0.016990,anodr
20060412_58819_0200_PP_942.png,0.918047,0.027266,0.019505,0.018868,0.016313,anodr
20060412_59175_0200_PP_852.png,0.907266,0.036562,0.023184,0.017178,0.015810,anodr
20060412_59196_0200_PP_1021.png,0.904764,0.038927,0.023599,0.017813,0.014898,anodr
20060412_59259_0200_PP_364.png,0.919630,0.023893,0.019731,0.019368,0.017378,anodr
20060412_59338_0200_PP_423.png,0.920267,0.023980,0.019212,0.019287,0.017255,anodr
20060412_59355_0200_PP_977.png,0.920149,0.024094,0.019398,0.019341,0.017019,anodr
20060412_60751_0200_PP_822.png,0.915258,0.030089,0.019791,0.018756,0.016106,anodr
20060412_60773_0200_PP_319.png,0.917632,0.026248,0.019592,0.019573,0.016955,anodr
20060412_61064_0200_PP_1114.png,0.901342,0.042862,0.025871,0.015722,0.014204,anodr
20060412_61365_0200_PP_274.png,0.921120,0.023469,0.018821,0.019571,0.017020,anodr
20060412_61383_0200_PP_334.png,0.921388,0.022313,0.018808,0.019788,0.017703,anodr
20060412_61433_0200_PP_1072.png,0.913750,0.023100,0.024470,0.020425,0.018256,anodr
20060412_61450_0200_PP_1002.png,0.916333,0.022452,0.022651,0.020363,0.018200,anodr
20060412_61525_0200_PP_889.png,0.918276,0.026049,0.019189,0.019567,0.016918,anodr
20060412_61665_0200_PP_1324.png,0.918123,0.023761,0.020165,0.019892,0.018059,anodr
20060412_61790_0200_PP_12.png,0.918443,0.027305,0.019495,0.018083,0.016675,anodr
20060522_43758_0100_PP_988.png,0.915155,0.029274,0.020678,0.018535,0.016357,anodr
20060522_45777_0100_PP_1327.png,0.863950,0.083480,0.024919,0.014366,0.013286,anodr
20060522_45796_0100_PP_1360.png,0.912566,0.031074,0.022602,0.017810,0.015949,anodr
20060522_45853_0100_PP_813.png,0.744786,0.037408,0.134361,0.027288,0.056156,anodr
20060522_45873_0100_PP_1192.png,0.914017,0.021039,0.024935,0.020551,0.019458,anodr
20060522_46104_0100_PP_1302.png,0.913105,0.026362,0.022659,0.020193,0.017681,anodr
20060522_46149_0100_PP_1012.png,0.915586,0.025248,0.022632,0.019682,0.016852,anodr
20060522_46379_0100_PP_1348.png,0.900242,0.042414,0.027721,0.014284,0.015339,anodr
20060522_46400_0100_PP_957.png,0.907831,0.036621,0.024217,0.015620,0.015712,anodr
20060523_42953_0100_PP_409.png,0.920169,0.021535,0.019455,0.020529,0.018312,anodr
20060523_43105_0100_PP_1156.png,0.913260,0.027390,0.022443,0.019767,0.017140,anodr
20060523_43123_0100_PP_123.png,0.918190,0.021155,0.021238,0.021197,0.018219,anodr
20060523_43248_0100_PP_80.png,0.913742,0.028706,0.022171,0.018113,0.017267,anodr
20060523_43333_0100_PP_551.png,0.907674,0.032502,0.026644,0.017593,0.015587,anodr
20060523_43354_0100_PP_1093.png,0.913901,0.029021,0.023559,0.017593,0.015925,anodr
20060523_45300_0100_PP_21.png,0.906608,0.037917,0.022520,0.017250,0.015706,anodr
20060523_45316_0100_PP_1213.png,0.908838,0.031945,0.025111,0.017702,0.016404,anodr
20060523_45449_0100_PP_1269.png,0.819281,0.076541,0.072061,0.016529,0.015588,anodr
20060523_45467_0100_PP_44.png,0.728908,0.152564,0.083946,0.016582,0.018000,anodr
20060523_45524_0100_PP_428.png,0.915475,0.029414,0.021869,0.016718,0.016524,anodr
20060523_45548_0100_PP_1229.png,0.917704,0.023359,0.021625,0.019403,0.017910,anodr
20060523_47987_0100_PP_844.png,0.909240,0.036109,0.022453,0.016508,0.015690,anodr
20060523_48005_0100_PP_877.png,0.910558,0.033739,0.022662,0.016940,0.016101,anodr
20060523_48136_0100_PP_856.png,0.298670,0.348669,0.322151,0.013652,0.016858,bmilddr
20060523_48161_0100_PP_385.png,0.240480,0.440155,0.291494,0.010587,0.017285,bmilddr
20060523_48406_0100_PP_1056.png,0.919011,0.022940,0.020765,0.019833,0.017452,anodr
20060523_48591_0100_PP_1317.png,0.911015,0.032069,0.023715,0.017418,0.015782,anodr
20060523_48709_0100_PP_541.png,0.823152,0.119575,0.026798,0.014205,0.016270,anodr
20060523_48728_0100_PP_1375.png,0.913269,0.031083,0.020858,0.017981,0.016809,anodr
20060523_48890_0100_PP_1338.png,0.913317,0.028777,0.022444,0.018734,0.016728,anodr
20060523_48931_0100_PP_16.png,0.909249,0.036250,0.023394,0.016932,0.014175,anodr
20060523_49100_0100_PP_307.png,0.919405,0.024192,0.020916,0.017873,0.017613,anodr
20060523_49120_0100_PP_85.png,0.918191,0.023189,0.021870,0.019056,0.017693,anodr
20060523_49176_0100_PP_366.png,0.825844,0.111357,0.035862,0.011131,0.015805,anodr
20060523_49191_0100_PP_476.png,0.841779,0.069182,0.057846,0.014669,0.016525,anodr
20060523_49515_0100_PP_375.png,0.920743,0.022871,0.019678,0.019563,0.017146,anodr
20060523_49573_0100_PP_919.png,0.917852,0.022933,0.020658,0.020557,0.018000,anodr
20060523_49663_0100_PP_455.png,0.909899,0.032233,0.023825,0.017295,0.016747,anodr
20060523_49681_0100_PP_1363.png,0.668087,0.262138,0.031584,0.017088,0.021101,anodr
20060523_49726_0100_PP_989.png,0.913545,0.032236,0.020501,0.017690,0.016028,anodr
20060523_49745_0100_PP_1108.png,0.914680,0.030678,0.020829,0.017764,0.016048,anodr
20060523_50153_0100_PP_558.png,0.917310,0.024422,0.021785,0.018634,0.017850,anodr
20060523_50325_0100_PP_1051.png,0.917252,0.024420,0.021383,0.019527,0.017418,anodr
20060523_50342_0100_PP_1211.png,0.917227,0.024396,0.021550,0.019393,0.017435,anodr
20060523_50616_0100_PP_136.png,0.917139,0.027292,0.021548,0.016554,0.017467,anodr
20060523_50631_0100_PP_91.png,0.913041,0.027706,0.025178,0.016838,0.017237,anodr
20060529_56013_0100_PP_1065.png,0.917104,0.024632,0.021421,0.018394,0.018448,anodr
20060529_56039_0100_PP_931.png,0.918621,0.025000,0.020655,0.018263,0.017461,anodr
20060529_56420_0100_PP_466.png,0.916896,0.026023,0.020656,0.019367,0.017058,anodr
20060529_56442_0100_PP_75.png,0.918198,0.026162,0.020405,0.018743,0.016492,anodr
20060529_56563_0100_PP_100.png,0.608807,0.303152,0.056078,0.014110,0.017854,anodr
20060529_56592_0100_PP_381.png,0.841564,0.092708,0.038056,0.012891,0.014780,anodr
20060529_56948_0100_PP_857.png,0.914568,0.028231,0.021237,0.018596,0.017367,anodr
20060529_56968_0100_PP_1131.png,0.898303,0.041830,0.028248,0.016072,0.015547,anodr
20060529_57261_0100_PP_1059.png,0.277460,0.627101,0.058586,0.013053,0.023799,bmilddr
20060529_57287_0100_PP_1172.png,0.908512,0.035004,0.023906,0.016886,0.015693,anodr
20060529_57351_0100_PP_1206.png,0.914842,0.024958,0.023082,0.020015,0.017103,anodr
20060529_57372_0100_PP_532.png,0.908361,0.027403,0.026690,0.020245,0.017300,anodr
20060530_51254_0100_PP_516.png,0.918970,0.022561,0.021465,0.019468,0.017536,anodr
20060530_51279_0100_PP_67.png,0.918649,0.022356,0.021710,0.019652,0.017633,anodr
20060530_53042_0100_PP_469.png,0.895448,0.049698,0.024911,0.013797,0.016146,anodr
20060530_53062_0100_PP_1377.png,0.915790,0.028784,0.021727,0.016594,0.017104,anodr
20060530_53132_0100_PP_899.png,0.911997,0.031714,0.022259,0.018185,0.015846,anodr
20060530_53152_0100_PP_1227.png,0.918172,0.024445,0.020929,0.019489,0.016965,anodr
20060530_53597_0100_PP_565.png,0.917415,0.024377,0.021241,0.019799,0.017168,anodr
20060530_53742_0100_PP_1137.png,0.891373,0.054136,0.026656,0.013273,0.014563,anodr
20060530_53761_0100_PP_1160.png,0.127641,0.381589,0.450061,0.010995,0.029714,cmoderatedr
20060530_53816_0100_PP_1135.png,0.892947,0.052499,0.023200,0.016243,0.015111,anodr
20060530_53836_0100_PP_1343.png,0.912559,0.024036,0.024606,0.020479,0.018321,anodr
20060530_53928_0100_PP_353.png,0.915448,0.030569,0.021677,0.016523,0.015782,anodr
20060530_53954_0100_PP_103.png,0.909753,0.035206,0.024771,0.015291,0.014980,anodr
20060530_55180_0100_PP_1124.png,0.918020,0.025551,0.020401,0.019165,0.016863,anodr
20060530_55607_0100_PP_1222.png,0.897625,0.044342,0.027789,0.013994,0.016249,anodr
IM000056_1358.png,0.898803,0.042930,0.026617,0.016366,0.015285,anodr
IM000057_872.png,0.856049,0.064909,0.049585,0.014096,0.015361,anodr
IM000072_1306.png,0.912191,0.022069,0.024959,0.020510,0.020271,anodr
IM000073_70.png,0.911036,0.021827,0.025819,0.021073,0.020246,anodr
IM000080_434.png,0.027221,0.139734,0.311226,0.080340,0.441478,eproliferativedr
IM000086_333.png,0.919759,0.023184,0.020660,0.019033,0.017364,anodr
IM000087_331.png,0.918063,0.023829,0.021277,0.019054,0.017777,anodr
IM000100_1007.png,0.886510,0.059880,0.024614,0.014541,0.014456,anodr
IM000101_1070.png,0.635998,0.227660,0.099676,0.015030,0.021636,anodr
IM000107_863.png,0.046718,0.391928,0.368902,0.063421,0.129031,bmilddr
IM000108_991.png,0.893321,0.048349,0.027697,0.016250,0.014383,anodr
IM000114_349.png,0.906934,0.032730,0.026467,0.017579,0.016290,anodr
IM000115_512.png,0.755055,0.102148,0.106366,0.015549,0.020882,anodr
IM000122_390.png,0.893605,0.039648,0.033896,0.015034,0.017818,anodr
IM000123_399.png,0.053533,0.054031,0.390947,0.157322,0.344168,cmoderatedr
IM000131_396.png,0.800726,0.111697,0.059612,0.013750,0.014215,anodr
IM000132_383.png,0.193398,0.462017,0.302702,0.017397,0.024486,bmilddr
IM000139_105.png,0.917341,0.026343,0.020788,0.017938,0.017591,anodr
IM000146_1150.png,0.423733,0.382437,0.157067,0.013661,0.023102,anodr
