filename,prob_anodr,prob_bmilddr,prob_cmoderatedr,prob_dseveredr,prob_eproliferativedr,pred_label
002c21358ce6.png,0.919517,0.023727,0.018917,0.020137,0.017702,anodr
005b95c28852.png,0.917124,0.019429,0.024109,0.019967,0.019372,anodr
00cc2b75cddd.png,0.913269,0.030781,0.022073,0.017633,0.016244,anodr
0182152c50de.png,0.918300,0.025459,0.020052,0.018563,0.017626,anodr
02cd34a85b24.png,0.910909,0.032922,0.022429,0.017570,0.016171,anodr
03b373718013.png,0.919317,0.023931,0.020133,0.019229,0.017389,anodr
04aef84a2cc1.png,0.923028,0.019901,0.018495,0.020135,0.018441,anodr
05b1bb2bdb81.png,0.917637,0.018049,0.021729,0.022528,0.020057,anodr
07596907347b.png,0.919634,0.024591,0.018608,0.019255,0.017912,anodr
07751b94a88a.png,0.920074,0.024495,0.019114,0.019133,0.017184,anodr
0790515cf5af.png,0.916268,0.028339,0.020703,0.017760,0.016930,anodr
08037e4490e5.png,0.922947,0.019996,0.018385,0.020232,0.018439,anodr
0851d6a69589.png,0.909541,0.033325,0.023631,0.017087,0.016417,anodr
08b6e3240858.png,0.909305,0.024470,0.024807,0.022193,0.019225,anodr
08bef347f40d.png,0.914453,0.025266,0.025464,0.017604,0.017213,anodr
08ee569d4721.png,0.916535,0.028528,0.019378,0.018491,0.017068,anodr
09237bf783a4.png,0.921108,0.023676,0.018313,0.019361,0.017543,anodr
096436d68d06.png,0.911256,0.029522,0.024189,0.018456,0.016577,anodr
099021fac3c9.png,0.923231,0.020962,0.018699,0.019142,0.017965,anodr
09c8323c612e.png,0.919773,0.024873,0.018394,0.019201,0.017758,anodr
0a38b552372d.png,0.919366,0.026311,0.018458,0.018712,0.017154,anodr
0a85a1e8f9e9.png,0.918989,0.019354,0.022103,0.020442,0.019110,anodr
0babc12807b2.png,0.076588,0.771341,0.077837,0.015290,0.058945,bmilddr
0cbcc7b23613.png,0.140485,0.108251,0.675369,0.029936,0.045959,cmoderatedr
0cd31078cd08.png,0.922231,0.020919,0.018679,0.019961,0.018210,anodr
0ce062f26edc.png,0.917562,0.029366,0.018476,0.018840,0.015757,anodr
0cecc2864b7f.png,0.914267,0.033286,0.018535,0.018088,0.015823,anodr
0d9a9896f801.png,0.897605,0.042789,0.027775,0.016296,0.015535,anodr
0da321efbce6.png,0.912541,0.034920,0.018792,0.017861,0.015886,anodr
0db1d8dcf219.png,0.923670,0.020129,0.017991,0.019953,0.018257,anodr
0e3572b5884a.png,0.921039,0.023559,0.018187,0.019588,0.017627,anodr
0ef4c61dc056.png,0.917569,0.026895,0.021038,0.018225,0.016273,anodr
0fbbd665431f.png,0.904395,0.041827,0.019922,0.017754,0.016102,anodr
0fc6829da85b.png,0.918956,0.019316,0.021070,0.021152,0.019506,anodr
1002b5151b8e.png,0.923005,0.020612,0.017821,0.020194,0.018369,anodr
103f97a2ab15.png,0.165685,0.639337,0.151264,0.014817,0.028897,bmilddr
10a5026eb8e6.png,0.919381,0.021580,0.019706,0.020511,0.018822,anodr
10de500cf0c5.png,0.924424,0.020928,0.017469,0.019261,0.017918,anodr
10f10fd30718.png,0.921178,0.023039,0.018172,0.019687,0.017925,anodr
12058bbb8299.png,0.918612,0.027510,0.018335,0.018569,0.016973,anodr
12bc439d373a.png,0.920168,0.024594,0.018728,0.019172,0.017338,anodr
12ef75375322.png,0.918003,0.025701,0.019071,0.019240,0.017986,anodr
143db89c11c8.png,0.917424,0.025798,0.021138,0.018151,0.017490,anodr
15b21c80cc31.png,0.918926,0.026491,0.018503,0.018850,0.017230,anodr
15e24b73d4a7.png,0.907072,0.032671,0.026967,0.017141,0.016150,anodr
1633f8291a80.png,0.921909,0.020932,0.017922,0.020729,0.018509,anodr
165634a6167e.png,0.915606,0.019973,0.022347,0.023511,0.018563,anodr
178412895d5e.png,0.921603,0.018198,0.019315,0.022145,0.018739,anodr
186c1835eec5.png,0.918811,0.023825,0.019636,0.019655,0.018072,anodr
18b7e34eab8f.png,0.917320,0.028068,0.018983,0.018762,0.016867,anodr
18b99159a14f.png,0.920002,0.024879,0.018982,0.018853,0.017284,anodr
18ce0cdc473d.png,0.915418,0.024491,0.023097,0.020887,0.016108,anodr
1a0dbc6c0cda.png,0.904856,0.033642,0.028959,0.016589,0.015954,anodr
1a1e974a7dbf.png,0.921388,0.024578,0.018444,0.018845,0.016744,anodr
1c47815f4a6b.png,0.046683,0.155022,0.644750,0.084821,0.068724,cmoderatedr
1ca62b3e4fd3.png,0.916797,0.021435,0.020939,0.020614,0.020215,anodr
1d0b93317aa8.png,0.921414,0.021946,0.019292,0.019330,0.018017,anodr
1d3e9b939732.png,0.919796,0.025265,0.019183,0.018794,0.016962,anodr
1d74c4713e21.png,0.923018,0.020372,0.018279,0.019998,0.018333,anodr
1db0393cdbc1.png,0.923471,0.019891,0.017434,0.020683,0.018522,anodr
1df1530b9b8d.png,0.915962,0.030186,0.019178,0.018157,0.016516,anodr
1e742358e0b9.png,0.912777,0.032796,0.020867,0.017435,0.016125,anodr
1e7ccd4a1c87.png,0.920021,0.017833,0.020951,0.022064,0.019132,anodr
1ec95179cdfe.png,0.909986,0.037158,0.019315,0.017899,0.015642,anodr
1f31701dd61b.png,0.920429,0.022685,0.020000,0.019010,0.017876,anodr
1f5496352859.png,0.922615,0.019718,0.018523,0.020603,0.018541,anodr
218c822a3dd9.png,0.812153,0.069780,0.073486,0.018804,0.025777,anodr
224c14366e11.png,0.919275,0.024944,0.018492,0.019172,0.018117,anodr
226c6ceb9185.png,0.920636,0.022891,0.018922,0.019408,0.018143,anodr
237aa50edc34.png,0.915634,0.025597,0.020668,0.020388,0.017713,anodr
248dec89b3a2.png,0.923359,0.020201,0.017500,0.020600,0.018340,anodr
253e96488cfb.png,0.149440,0.750078,0.061360,0.015476,0.023645,bmilddr
2682e6da9050.png,0.921159,0.019325,0.019137,0.020732,0.019648,anodr
27933cdbe0cc.png,0.920451,0.023914,0.018425,0.019141,0.018069,anodr
283c3aeba594.png,0.922771,0.020327,0.017764,0.020809,0.018328,anodr
28503940d10b.png,0.917533,0.026529,0.020651,0.018367,0.016920,anodr
28f73575e1f2.png,0.923349,0.020024,0.017449,0.020640,0.018538,anodr
2923971566fe.png,0.171188,0.754950,0.038478,0.011862,0.023521,bmilddr
2927665214e1.png,0.918193,0.026124,0.020405,0.018113,0.017166,anodr
29a13e666266.png,0.900743,0.038943,0.028729,0.015438,0.016147,anodr
2a4520f1f9a3.png,0.919162,0.025137,0.019170,0.019077,0.017454,anodr
2b4c7b5f1f1e.png,0.918559,0.025981,0.019999,0.018406,0.017056,anodr
2b5bb6d33959.png,0.923642,0.020386,0.017437,0.020386,0.018149,anodr
2bb3c492d6d3.png,0.912149,0.023838,0.025202,0.020191,0.018619,anodr
2c8101f14723.png,0.922087,0.020471,0.018440,0.020471,0.018530,anodr
2c827005b8f8.png,0.922023,0.023699,0.017424,0.019173,0.017681,anodr
2cacdb0dffae.png,0.920921,0.022898,0.018670,0.019816,0.017694,anodr
2cdcc910778d.png,0.922454,0.020044,0.018484,0.020660,0.018358,anodr
2d04cead4d3a.png,0.923925,0.021246,0.017734,0.019515,0.017579,anodr
2d07162a13b1.png,0.043807,0.496714,0.417052,0.018128,0.024299,bmilddr
2db0cd3e30da.png,0.917483,0.017645,0.021938,0.023036,0.019897,anodr
2dc647e00ad3.png,0.915478,0.018908,0.022497,0.022127,0.020990,anodr
2dd28ac497d2.png,0.914476,0.033522,0.018522,0.017230,0.016250,anodr
2ef10194e80d.png,0.921587,0.020681,0.020123,0.020006,0.017603,anodr
2ef4a04aed1b.png,0.919766,0.024873,0.018738,0.019276,0.017347,anodr
2ef955d6d9ff.png,0.923327,0.020801,0.018020,0.019656,0.018196,anodr
2f143453bb71.png,0.913702,0.023325,0.022497,0.021678,0.018797,anodr
2f7fbdcc9a4b.png,0.922279,0.019141,0.019405,0.020839,0.018336,anodr
2fefb720869a.png,0.921931,0.020428,0.018985,0.020309,0.018347,anodr
3286073a976e.png,0.907896,0.038026,0.020898,0.017980,0.015200,anodr
331121c65e88.png,0.923084,0.020513,0.018587,0.019941,0.017875,anodr
33b91def2035.png,0.922483,0.019619,0.018038,0.021048,0.018812,anodr
33b978734eab.png,0.922992,0.019842,0.019194,0.019783,0.018190,anodr
345b1f0abbba.png,0.919012,0.018559,0.020785,0.022061,0.019583,anodr
348598d01e18.png,0.914037,0.029453,0.022594,0.017769,0.016147,anodr
35362d43e753.png,0.911602,0.030650,0.021947,0.018338,0.017464,anodr
35ac70c0d08f.png,0.914834,0.028405,0.021285,0.018457,0.017020,anodr
35df2bc6ae95.png,0.920099,0.024293,0.018654,0.019190,0.017765,anodr
360832d84ce0.png,0.921363,0.024698,0.018426,0.018052,0.017462,anodr
37c523296d42.png,0.912092,0.032469,0.020811,0.017922,0.016706,anodr
387138ddf43d.png,0.909987,0.037854,0.019334,0.017213,0.015611,anodr
389552047476.png,0.910830,0.030985,0.025738,0.016715,0.015733,anodr
393fa5a023a5.png,0.917786,0.026201,0.020217,0.018265,0.017531,anodr
3a4cfea0a766.png,0.921094,0.023149,0.018295,0.019781,0.017680,anodr
3b2b91590590.png,0.918806,0.026670,0.018160,0.018865,0.017499,anodr
3bf2deaa5ef0.png,0.920797,0.023323,0.018325,0.019794,0.017761,anodr
3bf3085ac167.png,0.922510,0.021844,0.017829,0.019831,0.017986,anodr
3c42512c81e0.png,0.914319,0.030547,0.020279,0.018321,0.016535,anodr
3ce2f8a77a32.png,0.923240,0.020881,0.018590,0.019236,0.018053,anodr
3f0d3629d69e.png,0.922998,0.018933,0.018476,0.020916,0.018676,anodr
3f44d749cd0b.png,0.259317,0.658964,0.029843,0.015896,0.035980,bmilddr
3f6c627e2ff2.png,0.920606,0.023895,0.018755,0.019313,0.017431,anodr
3fd45879afe6.png,0.916304,0.028632,0.019336,0.018814,0.016914,anodr
401fdfd0db07.png,0.922067,0.023083,0.018476,0.019419,0.016954,anodr
41345cec5957.png,0.921168,0.022615,0.019860,0.018675,0.017681,anodr
415d5c5e785f.png,0.914826,0.028225,0.020370,0.019342,0.017237,anodr
41ab357d103f.png,0.922881,0.019666,0.017906,0.020893,0.018655,anodr
4276b82e4489.png,0.922217,0.020117,0.018973,0.020554,0.018139,anodr
42b9c1977681.png,0.919300,0.026399,0.018601,0.018747,0.016953,anodr
42c65af5ab16.png,0.922166,0.021309,0.019478,0.019346,0.017701,anodr
436e7a7af761.png,0.920885,0.021657,0.019187,0.020246,0.018025,anodr
43823561c3f0.png,0.922663,0.019738,0.019527,0.020345,0.017727,anodr
43bc7c066dfb.png,0.919846,0.024960,0.018685,0.019109,0.017399,anodr
445a8a6da55c.png,0.913522,0.030431,0.022166,0.017916,0.015966,anodr
44a4d04162cc.png,0.918757,0.027582,0.018883,0.018195,0.016583,anodr
44a86263117b.png,0.920192,0.024811,0.018802,0.018857,0.017338,anodr
4554062fa836.png,0.921970,0.023126,0.019023,0.017993,0.017888,anodr
475300735b7f.png,0.921101,0.024379,0.018188,0.018857,0.017474,anodr
478fc46eaa49.png,0.908589,0.036867,0.020590,0.017715,0.016240,anodr
4826d10030b3.png,0.920588,0.022229,0.018939,0.019906,0.018338,anodr
4a05f81b3aba.png,0.909721,0.037732,0.019423,0.017789,0.015335,anodr
4a4cb731f91a.png,0.922209,0.020756,0.018551,0.020078,0.018407,anodr
4a589edaea60.png,0.855530,0.066554,0.050755,0.012739,0.014421,anodr
4ad8d3ec8789.png,0.923854,0.020331,0.018602,0.019306,0.017907,anodr
4d1e7def7624.png,0.910745,0.024605,0.025560,0.020299,0.018791,anodr
4dd4a4bf2421.png,0.919151,0.023123,0.019605,0.019740,0.018381,anodr
4e1e252317b5.png,0.915060,0.031373,0.019518,0.018335,0.015714,anodr
4fd5ec0dca09.png,0.922280,0.021542,0.018390,0.019576,0.018211,anodr
500aad15b7c8.png,0.922258,0.018789,0.019029,0.021043,0.018881,anodr
501c319f7a9f.png,0.919847,0.027333,0.018146,0.017777,0.016897,anodr
504a69096fcb.png,0.922053,0.023061,0.017960,0.019400,0.017526,anodr
5069feccd866.png,0.922880,0.021874,0.018152,0.019135,0.017958,anodr
50915e2329a1.png,0.923389,0.021865,0.017759,0.019792,0.017196,anodr
50916d67bb51.png,0.917223,0.028773,0.019223,0.017866,0.016915,anodr
50d8249f7bc9.png,0.922455,0.019561,0.018322,0.021088,0.018574,anodr
50ddd7d976df.png,0.913832,0.021034,0.023147,0.021639,0.020348,anodr
521b5377a727.png,0.909588,0.038041,0.019307,0.017717,0.015348,anodr
5257cb536da2.png,0.912219,0.033718,0.019997,0.018584,0.015482,anodr
5299a532f0e0.png,0.917354,0.027192,0.019836,0.018417,0.017200,anodr
52edbe29d655.png,0.902127,0.038025,0.028327,0.015983,0.015537,anodr
5321ab64f9ea.png,0.920344,0.024005,0.018842,0.019383,0.017426,anodr
53c874dbc594.png,0.922143,0.023853,0.018604,0.018477,0.016923,anodr
54038e56131d.png,0.920800,0.023947,0.018505,0.019450,0.017299,anodr
54f57cf26126.png,0.923175,0.020981,0.017894,0.019595,0.018354,anodr
5511f114e7ee.png,0.923883,0.019706,0.017527,0.020371,0.018512,anodr
555d0bef3c5b.png,0.919564,0.023845,0.018570,0.020040,0.017981,anodr
55f7f018c61c.png,0.917341,0.019339,0.023579,0.020869,0.018872,anodr
568455854a11.png,0.922572,0.020106,0.017917,0.020462,0.018943,anodr
586f5c56081e.png,0.919039,0.025579,0.018944,0.019037,0.017401,anodr
58a9e0d7f7af.png,0.915382,0.029540,0.019852,0.018164,0.017063,anodr
58eb3809f456.png,0.922591,0.022190,0.019204,0.018289,0.017726,anodr
58f07741ee3b.png,0.923152,0.019942,0.017841,0.020276,0.018789,anodr
59928f999ae7.png,0.923581,0.020444,0.018219,0.019642,0.018113,anodr
5995321563b7.png,0.920507,0.024868,0.017947,0.019198,0.017480,anodr
59bd19c1c5bb.png,0.919507,0.025233,0.018605,0.018954,0.017701,anodr
5a27b9b2a9c1.png,0.912524,0.034868,0.018939,0.017984,0.015686,anodr
5b1c4cefeb24.png,0.923230,0.020637,0.018409,0.019847,0.017877,anodr
5b994ff78547.png,0.916976,0.027461,0.019237,0.018828,0.017498,anodr
5ba156a35ff2.png,0.919240,0.025874,0.018985,0.018782,0.017118,anodr
5baed382f062.png,0.921933,0.021159,0.019341,0.019416,0.018151,anodr
5c85d22bd0de.png,0.895338,0.046624,0.027409,0.015770,0.014858,anodr
5ca73d28f17f.png,0.922881,0.020250,0.017923,0.020290,0.018655,anodr
5cbe88914a72.png,0.916117,0.029077,0.019752,0.018357,0.016698,anodr
5d4e5fd34d91.png,0.921992,0.021305,0.019248,0.019723,0.017732,anodr
5de4615a5161.png,0.919990,0.024976,0.019835,0.018184,0.017016,anodr
5e505e25cd3e.png,0.921897,0.018329,0.018874,0.021618,0.019283,anodr
5e97cb2b0888.png,0.911599,0.036202,0.019293,0.017464,0.015442,anodr
5f6db235c04d.png,0.918399,0.025549,0.019513,0.018894,0.017646,anodr
609be3ca5ddf.png,0.913246,0.034388,0.018407,0.018139,0.015821,anodr
60aa4e649abf.png,0.920635,0.019295,0.020103,0.020579,0.019389,anodr
6180920bc224.png,0.917295,0.028677,0.020909,0.016867,0.016252,anodr
61a62b1dcc36.png,0.920518,0.022184,0.020476,0.019049,0.017773,anodr
61da799bf0aa.png,0.124774,0.655368,0.172010,0.017671,0.030177,bmilddr
628b581aa905.png,0.924235,0.020379,0.017862,0.019522,0.018002,anodr
6294b378d09f.png,0.921462,0.021004,0.019770,0.020042,0.017722,anodr
633fe9dbaf39.png,0.913420,0.024294,0.023409,0.020538,0.018338,anodr
63b71347e95d.png,0.918120,0.026083,0.019602,0.018760,0.017435,anodr
63e041a757eb.png,0.919194,0.018382,0.020487,0.022369,0.019568,anodr
6504b703c429.png,0.914793,0.028739,0.021981,0.017749,0.016739,anodr
65a3b13ad9a0.png,0.033079,0.703806,0.223636,0.015041,0.024438,bmilddr
65a7fe9482fe.png,0.918473,0.026961,0.018988,0.018458,0.017121,anodr
65dda202653d.png,0.898362,0.037062,0.030131,0.016567,0.017878,anodr
66393d8c60ba.png,0.912094,0.032628,0.020770,0.017835,0.016673,anodr
66b88a4bc474.png,0.923197,0.020516,0.017755,0.020356,0.018176,anodr
68ddb15a74de.png,0.916722,0.028631,0.019420,0.018567,0.016660,anodr
69b3a00927fc.png,0.915316,0.030401,0.019071,0.017898,0.017314,anodr
69c4cbb630de.png,0.923329,0.020903,0.017431,0.020122,0.018214,anodr
6a2642131e4a.png,0.921752,0.023554,0.018236,0.019243,0.017215,anodr
6a57a3db3eff.png,0.917619,0.025879,0.019998,0.019231,0.017273,anodr
6a905a7202d2.png,0.908186,0.037669,0.020560,0.017129,0.016456,anodr
6b30767595d8.png,0.921913,0.018874,0.019587,0.021117,0.018509,anodr
6b66b0e86f7e.png,0.921646,0.021931,0.018163,0.020203,0.018057,anodr
6bf2a81a5d91.png,0.922177,0.019346,0.018068,0.021289,0.019120,anodr
6c6505a0c637.png,0.921518,0.023617,0.019579,0.018125,0.017161,anodr
6d4f6c9a8406.png,0.916183,0.027612,0.020681,0.018430,0.017095,anodr
6d5a8362dd1e.png,0.910875,0.025216,0.024132,0.020946,0.018831,anodr
6d9effbcde78.png,0.919802,0.019240,0.020823,0.020783,0.019353,anodr
6dc0281f11e3.png,0.913042,0.030400,0.022591,0.017406,0.016560,anodr
6df8b7b6e837.png,0.299052,0.321464,0.305845,0.032489,0.041150,bmilddr
6e0f78e188ff.png,0.916519,0.020071,0.022479,0.021533,0.019397,anodr
6e1db8711879.png,0.923005,0.020492,0.017891,0.020512,0.018101,anodr
6fbaaf8eb67a.png,0.910895,0.036870,0.020124,0.016979,0.015131,anodr
7131bf4c9e6f.png,0.899194,0.049024,0.020218,0.016582,0.014981,anodr
726dff37edc0.png,0.912946,0.033960,0.019683,0.017765,0.015647,anodr
735836b1ffa6.png,0.020665,0.248700,0.602750,0.056037,0.071848,cmoderatedr
737ef6226677.png,0.914728,0.032231,0.018837,0.017887,0.016318,anodr
73d40ce06a67.png,0.917442,0.027368,0.019531,0.018491,0.017168,anodr
73ef3c3dcbe4.png,0.917383,0.022000,0.021512,0.020287,0.018818,anodr
74211a2b6dcf.png,0.918909,0.018794,0.021505,0.021172,0.019619,anodr
74898f372d2b.png,0.915024,0.020058,0.022729,0.021373,0.020817,anodr
757e39293591.png,0.907146,0.034477,0.024555,0.017480,0.016341,anodr
75a071608ea6.png,0.920367,0.024384,0.018191,0.019478,0.017580,anodr
76516f828d88.png,0.918045,0.024251,0.022319,0.018306,0.017079,anodr
76bc31e0d3be.png,0.923117,0.019594,0.017875,0.020534,0.018880,anodr
76cab26493f1.png,0.910184,0.037148,0.018964,0.017780,0.015923,anodr
76cb010f7aa0.png,0.922466,0.020162,0.017968,0.020721,0.018683,anodr
780f9c237c56.png,0.903149,0.040623,0.023259,0.017201,0.015769,anodr
7831ce1d895e.png,0.917913,0.028781,0.019032,0.018357,0.015917,anodr
789f0ec1eab8.png,0.908725,0.036389,0.020876,0.017528,0.016482,anodr
79ade634c633.png,0.921735,0.023983,0.018926,0.018006,0.017350,anodr
7a06ea127e02.png,0.914029,0.029976,0.020612,0.018494,0.016889,anodr
7a12f49e29df.png,0.871115,0.043689,0.036415,0.024045,0.024736,anodr
7a9f45fdf29b.png,0.920981,0.023260,0.018257,0.019721,0.017782,anodr
7aabd768abff.png,0.918919,0.029010,0.017916,0.018252,0.015904,anodr
7ad0c4975890.png,0.189443,0.714602,0.042332,0.016209,0.037413,bmilddr
7af4d8704032.png,0.920549,0.023408,0.018590,0.019539,0.017913,anodr
7b691d9ced34.png,0.865776,0.079633,0.022319,0.016963,0.015309,anodr
7b9d519cbd66.png,0.919023,0.020107,0.021403,0.020908,0.018559,anodr
7ba6b23c4b46.png,0.914466,0.031908,0.019259,0.018539,0.015827,anodr
7bc00e58d419.png,0.919845,0.024429,0.020501,0.018128,0.017096,anodr
7da558d92100.png,0.922505,0.020282,0.018413,0.020621,0.018180,anodr
7ec0e61a7e29.png,0.917052,0.027978,0.019014,0.018250,0.017706,anodr
7f1f3269f546.png,0.921910,0.023329,0.017974,0.019022,0.017765,anodr
7fc3a8bb40de.png,0.918420,0.027052,0.018674,0.018950,0.016904,anodr
7fe7309d0b4f.png,0.918698,0.026176,0.019500,0.018716,0.016909,anodr
810ed108f5b7.png,0.923588,0.020226,0.017919,0.019796,0.018470,anodr
81914ceb4e74.png,0.918032,0.027506,0.019505,0.018110,0.016847,anodr
8329e80c10ac.png,0.918265,0.026968,0.019133,0.018635,0.017000,anodr
837acf120946.png,0.914168,0.031914,0.019556,0.018679,0.015683,anodr
83a63c4a3e4a.png,0.919950,0.024089,0.018779,0.019508,0.017675,anodr
83d81ba5959c.png,0.922496,0.020681,0.017638,0.020987,0.018198,anodr
83fda7c0500b.png,0.919933,0.020523,0.020483,0.021072,0.017988,anodr
840a06a9c690.png,0.918067,0.027374,0.019222,0.018324,0.017013,anodr
847b04287c9c.png,0.916962,0.029765,0.018883,0.017464,0.016926,anodr
84b88e8d3bca.png,0.913670,0.033394,0.018833,0.018397,0.015705,anodr
851e40a21f81.png,0.920593,0.023848,0.018482,0.019181,0.017896,anodr
8650d32f4a9e.png,0.923288,0.021440,0.017739,0.019829,0.017705,anodr
8693ab1fd2be.png,0.910965,0.036747,0.018704,0.017709,0.015874,anodr
875d2ffcbf47.png,0.916983,0.027853,0.019181,0.018957,0.017026,anodr
876deb29f000.png,0.921219,0.022660,0.018989,0.019345,0.017786,anodr
87b671c6d4c5.png,0.914903,0.028352,0.020692,0.019231,0.016823,anodr
883c6a184f16.png,0.918209,0.026835,0.019150,0.018489,0.017318,anodr
883ddb650967.png,0.920076,0.024942,0.019096,0.018635,0.017251,anodr
88e5051f65bd.png,0.922772,0.020208,0.017782,0.020748,0.018490,anodr
8af50c9d0a86.png,0.902572,0.035513,0.026964,0.017962,0.016989,anodr
8b079e79035f.png,0.919638,0.022955,0.020637,0.018681,0.018088,anodr
8bf2d925dc0c.png,0.920543,0.023385,0.018590,0.019847,0.017635,anodr
8c4ceddeb1c6.png,0.924403,0.020989,0.018289,0.019055,0.017265,anodr
8d13c46e7d75.png,0.911139,0.032866,0.022412,0.017201,0.016381,anodr
8d4ff745a409.png,0.919986,0.026264,0.018434,0.018597,0.016719,anodr
8e6df9eedcd8.png,0.921674,0.017605,0.019833,0.021591,0.019298,anodr
8e76054f0831.png,0.919566,0.025222,0.018300,0.019348,0.017565,anodr
8f06ca4642bd.png,0.922838,0.019684,0.018312,0.020729,0.018437,anodr
8f14bca04b47.png,0.923324,0.020240,0.018232,0.020043,0.018161,anodr
8fbb2ca39911.png,0.905938,0.033650,0.025499,0.017976,0.016937,anodr
90a9a41eec6d.png,0.907294,0.040432,0.019183,0.017449,0.015641,anodr
90bde2ff8953.png,0.920373,0.024539,0.018442,0.019083,0.017563,anodr
912fbe06407e.png,0.918353,0.026014,0.019041,0.019153,0.017439,anodr
916915f01e17.png,0.916678,0.028131,0.020351,0.018440,0.016401,anodr
91b7a4179ecf.png,0.911553,0.036342,0.018372,0.018017,0.015715,anodr
9274e75dc4d5.png,0.915507,0.029271,0.019338,0.018651,0.017233,anodr
92e3d608fd3c.png,0.911734,0.031782,0.021171,0.018466,0.016846,anodr
92fcf50b3562.png,0.923542,0.021010,0.018130,0.019660,0.017658,anodr
93802d1e3c41.png,0.917465,0.026065,0.019303,0.019436,0.017731,anodr
94076a9fb9b5.png,0.915544,0.030128,0.019797,0.017990,0.016541,anodr
946545473380.png,0.916049,0.029346,0.019142,0.018337,0.017126,anodr
949710bead24.png,0.919023,0.026702,0.019036,0.018307,0.016931,anodr
94b9ccc73bb9.png,0.924407,0.020523,0.017316,0.019679,0.018076,anodr
94f9ecf4b8d2.png,0.908130,0.037392,0.020720,0.018179,0.015580,anodr
96793edb1003.png,0.891104,0.043999,0.030151,0.018896,0.015850,anodr
96ea316ed0ab.png,0.922907,0.020489,0.017941,0.020509,0.018153,anodr
973b0facfa9b.png,0.917610,0.026428,0.019534,0.019156,0.017273,anodr
97fdee242fea.png,0.907476,0.037219,0.020524,0.018434,0.016347,anodr
983c98354e9c.png,0.905254,0.036374,0.025806,0.016776,0.015790,anodr
98441214557f.png,0.916027,0.028084,0.020556,0.018141,0.017192,anodr
98d41bce73a8.png,0.922659,0.020524,0.018272,0.020147,0.018398,anodr
99c626e58464.png,0.923172,0.020079,0.018122,0.020415,0.018211,anodr
9a1029536d78.png,0.903784,0.042602,0.021359,0.016765,0.015490,anodr
9ab18a4a957f.png,0.923816,0.020291,0.017474,0.020035,0.018385,anodr
9be71d6d7e59.png,0.493945,0.273449,0.201432,0.011161,0.020013,anodr
9c514d2d5b3f.png,0.918749,0.027730,0.018320,0.018142,0.017059,anodr
9ce46d400cd6.png,0.919531,0.024613,0.020118,0.018497,0.017241,anodr
9de9421f17e3.png,0.918250,0.026151,0.019720,0.018762,0.017117,anodr
9e2058917304.png,0.918653,0.025997,0.021022,0.017633,0.016695,anodr
9e5737f771c3.png,0.923111,0.020019,0.018353,0.020235,0.018281,anodr
9e99ae6ee7af.png,0.922945,0.022199,0.017802,0.019025,0.018030,anodr
9f1b14dfa14c.png,0.922146,0.022507,0.018369,0.018805,0.018173,anodr
a06b353e7bed.png,0.923592,0.020128,0.017885,0.019835,0.018561,anodr
a0fd94e2ad76.png,0.913023,0.032249,0.019723,0.017819,0.017186,anodr
a11c62cb3f86.png,0.919437,0.018971,0.021921,0.020774,0.018897,anodr
a12ca80bb8c7.png,0.922489,0.020540,0.018557,0.020163,0.018251,anodr
a188c60b93fb.png,0.918229,0.020445,0.021448,0.021658,0.018220,anodr
a1b28bcbce00.png,0.909231,0.037952,0.019738,0.017435,0.015644,anodr
a247961a5cd9.png,0.915635,0.029404,0.019915,0.018275,0.016770,anodr
a2b97d98f130.png,0.917116,0.017846,0.022450,0.022406,0.020183,anodr
a34fc5376669.png,0.920562,0.023964,0.018392,0.019274,0.017808,anodr
a419fcb2dfb5.png,0.922524,0.023140,0.017986,0.018503,0.017846,anodr
a44345b27804.png,0.904149,0.035679,0.027665,0.016674,0.015833,anodr
a484bdf85b4c.png,0.918510,0.025144,0.019649,0.019307,0.017391,anodr
a528be013a04.png,0.908454,0.032214,0.025998,0.017489,0.015846,anodr
a6356a3c5d11.png,0.890592,0.047431,0.027237,0.018091,0.016650,anodr
a673193cd5a9.png,0.913607,0.033019,0.019544,0.017468,0.016362,anodr
a6b6d27c1b32.png,0.923375,0.020320,0.017620,0.020182,0.018502,anodr
a70d0f12a641.png,0.919702,0.024106,0.019163,0.019445,0.017585,anodr
a73d012c4c38.png,0.920170,0.026218,0.017836,0.018456,0.017321,anodr
a8263d248523.png,0.867818,0.021556,0.057843,0.025850,0.026932,anodr
a8b637abd96b.png,0.273727,0.650256,0.028822,0.015352,0.031841,bmilddr
a94da3d3b5c0.png,0.923168,0.020237,0.017894,0.020276,0.018426,anodr
a963ac561580.png,0.776979,0.122951,0.073265,0.012364,0.014441,anodr
a9b3177f01c0.png,0.921924,0.018801,0.019246,0.021429,0.018600,anodr
a9bc2f892cb3.png,0.911988,0.035018,0.018744,0.018435,0.015815,anodr
aa4407aab872.png,0.914025,0.031429,0.020392,0.017769,0.016385,anodr
aa60813e1a8d.png,0.916857,0.018642,0.020757,0.023269,0.020475,anodr
aa6242f9e08c.png,0.922370,0.021128,0.018231,0.019789,0.018482,anodr
aa8a1e814811.png,0.919252,0.025066,0.020689,0.017958,0.017035,anodr
aaaadb174012.png,0.913841,0.030426,0.020071,0.018240,0.017421,anodr
aafb0c944f14.png,0.921381,0.024197,0.018052,0.018992,0.017377,anodr
abbb8791785e.png,0.921646,0.022849,0.018252,0.019563,0.017691,anodr
abe940882578.png,0.908282,0.036603,0.023760,0.015341,0.016014,anodr
ad029ba7fa8b.png,0.923788,0.021119,0.018099,0.018912,0.018081,anodr
ad12cde115ab.png,0.924135,0.019406,0.018000,0.020317,0.018141,anodr
ad1aa75d5630.png,0.922510,0.021151,0.018521,0.019831,0.017986,anodr
ad6b07d5c338.png,0.922524,0.020007,0.018630,0.020481,0.018359,anodr
ad93d88c87ea.png,0.921772,0.022941,0.017728,0.019375,0.018184,anodr
ae2c3f6312ef.png,0.919358,0.026144,0.019062,0.018548,0.016888,anodr
ae49cc60f251.png,0.918883,0.024321,0.019371,0.019753,0.017672,anodr
ae61e19fb766.png,0.922900,0.020751,0.018456,0.020073,0.017819,anodr
ae94ce412de9.png,0.915986,0.024940,0.022053,0.019576,0.017445,anodr
aeb6f4fd2eed.png,0.922150,0.020214,0.018604,0.020373,0.018659,anodr
aec51513cf45.png,0.923840,0.020016,0.017543,0.020251,0.018349,anodr
af6166d57f13.png,0.923584,0.020365,0.018025,0.019932,0.018095,anodr
afc744fad65e.png,0.922943,0.021348,0.017837,0.019860,0.018012,anodr
b0c9a492e068.png,0.881904,0.038522,0.039881,0.018357,0.021336,anodr
b0f0fa677d5f.png,0.921118,0.024583,0.018135,0.019061,0.017103,anodr
b1c6f0997e27.png,0.917895,0.024774,0.021231,0.018464,0.017636,anodr
b21abe5d9722.png,0.923267,0.021231,0.017704,0.019674,0.018124,anodr
b294927b14b0.png,0.921556,0.023274,0.018322,0.019314,0.017534,anodr
b35cad8fe2d7.png,0.034794,0.643819,0.270225,0.018936,0.032226,bmilddr
b43440c6ebe4.png,0.455680,0.197571,0.293779,0.027661,0.025309,anodr
b4b04d81acbb.png,0.909123,0.032665,0.024609,0.017146,0.016457,anodr
b549af91bd30.png,0.921821,0.021807,0.018399,0.019701,0.018274,anodr
b553e7909535.png,0.922641,0.022851,0.018201,0.019243,0.017065,anodr
b5a3ca5c0a80.png,0.913935,0.031457,0.019782,0.018475,0.016352,anodr
b5bf7b84fc66.png,0.917579,0.028035,0.018675,0.018422,0.017289,anodr
b69c224edd6e.png,0.916208,0.024014,0.022253,0.019870,0.017655,anodr
b72a86d61959.png,0.918978,0.025816,0.018704,0.019204,0.017298,anodr
b73d0bcd3d33.png,0.921577,0.020321,0.018593,0.020420,0.019089,anodr
b7bd4a6627b6.png,0.919996,0.024879,0.018398,0.019376,0.017351,anodr
b86fb2d5be1a.png,0.919687,0.018374,0.019597,0.022667,0.019674,anodr
b9519abce0c1.png,0.923634,0.020050,0.019002,0.019376,0.017938,anodr
b9bc81fcb075.png,0.919047,0.026638,0.018632,0.018669,0.017015,anodr
ba0107fb1bfd.png,0.921435,0.022227,0.018337,0.020140,0.017860,anodr
ba4e62c11cc0.png,0.915727,0.029293,0.019628,0.018367,0.016986,anodr
bacfa2b8e706.png,0.908773,0.031188,0.026624,0.017140,0.016275,anodr
badb5ff8d3c7.png,0.171188,0.754950,0.038478,0.011862,0.023521,bmilddr
bb2f89488ecd.png,0.903678,0.038483,0.025685,0.016391,0.015763,anodr
bc8c6a778cde.png,0.923418,0.020864,0.017433,0.020104,0.018180,anodr
bd500a73beae.png,0.911692,0.034616,0.019868,0.017028,0.016796,anodr
bdc6c60e9133.png,0.922076,0.018988,0.018639,0.021141,0.019156,anodr
be3a7d9e981e.png,0.923871,0.020997,0.018314,0.019118,0.017699,anodr
be521870a0ea.png,0.909895,0.036489,0.020122,0.017792,0.015702,anodr
be8697eb2078.png,0.917429,0.027475,0.019397,0.018764,0.016935,anodr
bebfbd907cac.png,0.914167,0.030497,0.019234,0.018606,0.017496,anodr
bf811911acf9.png,0.916621,0.027774,0.019724,0.018894,0.016986,anodr
bffca6eeb2bf.png,0.919042,0.025982,0.018201,0.018944,0.017831,anodr
c096131ad065.png,0.887537,0.034904,0.042807,0.016723,0.018029,anodr
c1437a7a52c9.png,0.877060,0.035570,0.049047,0.018946,0.019377,anodr
c26f98f58350.png,0.922378,0.020841,0.018627,0.019636,0.018518,anodr
c2f3281cf528.png,0.916412,0.028649,0.018982,0.018434,0.017522,anodr
c365c598ad4e.png,0.921517,0.022513,0.018537,0.019484,0.017949,anodr
c3789c1dab96.png,0.922898,0.019098,0.018619,0.020509,0.018876,anodr
c3b15bf9b4bc.png,0.923688,0.021660,0.017523,0.019606,0.017523,anodr
c56293f53191.png,0.917387,0.027703,0.018836,0.019040,0.017034,anodr
c58971bcebb2.png,0.660601,0.199514,0.098286,0.018413,0.023186,anodr
c5bec7f1e5f3.png,0.919106,0.024565,0.019739,0.018983,0.017607,anodr
c6229222bf22.png,0.917775,0.026549,0.018808,0.019235,0.017634,anodr
c62cef02efa2.png,0.917550,0.027748,0.019268,0.018529,0.016904,anodr
c639d837f5e4.png,0.922880,0.019532,0.017680,0.021181,0.018728,anodr
c6f5b5b5be41.png,0.911022,0.032163,0.021678,0.018452,0.016686,anodr
c755a0c4edcc.png,0.921263,0.018442,0.019270,0.021943,0.019083,anodr
c7c3d363bc86.png,0.881202,0.042627,0.037747,0.020543,0.017883,anodr
c81c6911f5e0.png,0.921011,0.023743,0.018062,0.019227,0.017957,anodr
c85b79d70079.png,0.643483,0.134848,0.135096,0.030510,0.056062,anodr
c90c6b94cf40.png,0.920319,0.018897,0.021329,0.021122,0.018333,anodr
c98f623d08d1.png,0.919804,0.025676,0.018412,0.018539,0.017569,anodr
c9e697117f3f.png,0.916986,0.028195,0.019464,0.018428,0.016927,anodr
ca05f7e7801b.png,0.915328,0.029524,0.019812,0.018702,0.016634,anodr
cad5b1a82e60.png,0.923749,0.020249,0.018098,0.019858,0.018045,anodr
cb0cc98d7e35.png,0.107650,0.736419,0.094819,0.014080,0.047032,bmilddr
cb68fce07789.png,0.921367,0.023498,0.018052,0.019329,0.017755,anodr
cc671a73e1cb.png,0.919854,0.025021,0.018612,0.019316,0.017197,anodr
cd01672507c9.png,0.915948,0.017702,0.022073,0.023520,0.020756,anodr
cd1c98ec48b1.png,0.920454,0.023567,0.020217,0.018588,0.017174,anodr
cd314653a4d8.png,0.922848,0.019936,0.017958,0.020750,0.018510,anodr
ce754234d760.png,0.910572,0.030946,0.023611,0.018210,0.016661,anodr
ce8d2efd9d4f.png,0.918870,0.024535,0.019409,0.019428,0.017758,anodr
cec299c2a2d5.png,0.913284,0.026914,0.022819,0.018825,0.018157,anodr
cf6551521a35.png,0.920623,0.018977,0.020985,0.020660,0.018756,anodr
cf8f1bc7a215.png,0.923154,0.020217,0.018354,0.020118,0.018158,anodr
cfed7c1172ec.png,0.915960,0.028691,0.020475,0.017998,0.016875,anodr
cff262ed8f4c.png,0.918349,0.020230,0.020508,0.021325,0.019588,anodr
d02b79fc3200.png,0.921500,0.024106,0.018321,0.019013,0.017060,anodr
d18f6431ebce.png,0.918926,0.025539,0.019146,0.019109,0.017280,anodr
d1afdb8cf70d.png,0.917541,0.027105,0.020631,0.018656,0.016067,anodr
d1ca85af57c9.png,0.920817,0.024041,0.017971,0.019583,0.017589,anodr
d26bb2ed6e71.png,0.922761,0.020993,0.018203,0.019644,0.018400,anodr
d26bc6e1230d.png,0.915392,0.031941,0.018887,0.017434,0.016346,anodr
d27ac9e54901.png,0.916340,0.028383,0.019699,0.018614,0.016965,anodr
d2c5fb82fe5f.png,0.923675,0.021178,0.017886,0.019548,0.017712,anodr
d2fb715b0c41.png,0.919032,0.025843,0.019037,0.018705,0.017384,anodr
d30d079e6f9a.png,0.920727,0.023574,0.019467,0.019467,0.016765,anodr
d332d7b8a26e.png,0.918639,0.025606,0.018734,0.019215,0.017806,anodr
d38cf0f4a9af.png,0.918193,0.026213,0.020167,0.018724,0.016703,anodr
d39752cb6e57.png,0.920511,0.024304,0.018265,0.019198,0.017721,anodr
d3dfd0a2dee6.png,0.922842,0.019531,0.018691,0.020750,0.018187,anodr
d4583e9525dc.png,0.921799,0.022920,0.019662,0.018166,0.017453,anodr
d4bc001f7224.png,0.921052,0.023239,0.019916,0.018455,0.017337,anodr
d516f77d4516.png,0.921988,0.021535,0.019229,0.019342,0.017906,anodr
d51e5d7484ea.png,0.917560,0.026974,0.019648,0.018748,0.017070,anodr
d6130f2ec903.png,0.912047,0.034528,0.019549,0.018168,0.015708,anodr
d667af5742f6.png,0.919027,0.025617,0.019299,0.018944,0.017114,anodr
d69698f838db.png,0.917094,0.027979,0.019504,0.018593,0.016830,anodr
d6f6bdfd8011.png,0.917795,0.025909,0.019634,0.019216,0.017446,anodr
d7078e8b0349.png,0.923011,0.018731,0.018155,0.021225,0.018878,anodr
d74ccc796517.png,0.919449,0.024371,0.019592,0.019008,0.017580,anodr
d7ac4a0c9760.png,0.919532,0.024243,0.018533,0.019729,0.017963,anodr
d7bc62d60e8c.png,0.911985,0.020546,0.022720,0.023880,0.020869,anodr
d807c53c1399.png,0.914497,0.030642,0.020027,0.018360,0.016474,anodr
d866c26d76f0.png,0.922347,0.020179,0.019274,0.020022,0.018177,anodr
d91635f380b4.png,0.919974,0.021784,0.019680,0.019243,0.019319,anodr
d93b61dc8f64.png,0.882050,0.020362,0.046000,0.028105,0.023483,anodr
d97911a32918.png,0.919499,0.024266,0.019121,0.019517,0.017598,anodr
da0a83f074f3.png,0.923186,0.022775,0.017738,0.018974,0.017327,anodr
da9574d35b82.png,0.918147,0.022365,0.020384,0.020048,0.019056,anodr
daad7b617f21.png,0.903257,0.041348,0.022879,0.017888,0.014628,anodr
db3cd58aa315.png,0.923616,0.020266,0.017471,0.020266,0.018381,anodr
dc0f6e5b489b.png,0.922008,0.021875,0.019418,0.018950,0.017750,anodr
dcc6c0ad5cad.png,0.915233,0.022360,0.022980,0.020599,0.018829,anodr
dccdf750c962.png,0.918577,0.026275,0.018769,0.018953,0.017426,anodr
dcf109df1a2b.png,0.923471,0.019222,0.017812,0.020845,0.018649,anodr
ddb222ff7c1d.png,0.923021,0.019364,0.017769,0.021060,0.018786,anodr
de4cdabbce6d.png,0.922301,0.019924,0.018735,0.020596,0.018444,anodr
de55ed25e0e8.png,0.917166,0.028771,0.018998,0.018217,0.016848,anodr
de57c9e9fa93.png,0.171540,0.581874,0.205658,0.019167,0.021761,bmilddr
dee31065f8fe.png,0.913979,0.031092,0.020331,0.018118,0.016481,anodr
df0886f1e76b.png,0.923236,0.019692,0.018018,0.020537,0.018517,anodr
e01b7bac822b.png,0.915127,0.028235,0.022227,0.017894,0.016517,anodr
e06cccc08c59.png,0.917126,0.028742,0.019353,0.018145,0.016635,anodr
e135d7ba9a0e.png,0.916203,0.029137,0.019333,0.018215,0.017112,anodr
e1c02f6c3362.png,0.922615,0.021154,0.017813,0.020324,0.018094,anodr
e3cd96cb094c.png,0.923543,0.019912,0.018379,0.020107,0.018059,anodr
e47452069ea1.png,0.923096,0.020634,0.018352,0.019689,0.018227,anodr
e4a44f9158dc.png,0.920177,0.024462,0.018601,0.019304,0.017457,anodr
e4ae1ee6aada.png,0.919969,0.026418,0.017954,0.018560,0.017098,anodr
e529c5757d64.png,0.921941,0.020953,0.019190,0.019800,0.018116,anodr
e582e56e7942.png,0.919806,0.025776,0.018539,0.019016,0.016863,anodr
e594c19e2e1d.png,0.916926,0.026472,0.020396,0.018553,0.017652,anodr
e68746d426b2.png,0.912005,0.036148,0.018891,0.017523,0.015434,anodr
e6a5e4718873.png,0.921611,0.022253,0.018323,0.019543,0.018269,anodr
e77a93c3d9a9.png,0.920214,0.019590,0.019859,0.020976,0.019361,anodr
e893e86dde94.png,0.912391,0.031774,0.021166,0.017360,0.017309,anodr
e8e44b3160e3.png,0.919289,0.026091,0.018637,0.018931,0.017052,anodr
e907d23cce3d.png,0.922607,0.019355,0.018870,0.020826,0.018343,anodr
e966850247f4.png,0.919583,0.024590,0.019424,0.018734,0.017668,anodr
e97ecf4355cb.png,0.923266,0.020739,0.018249,0.019693,0.018054,anodr
ea5c42a78979.png,0.920765,0.025169,0.018111,0.019091,0.016864,anodr
ea6a53e54d0f.png,0.911006,0.034606,0.019757,0.018926,0.015705,anodr
ea7e21bab610.png,0.921141,0.023423,0.018065,0.019725,0.017646,anodr
eabf421f94d0.png,0.668350,0.223542,0.081956,0.011715,0.014438,anodr
eae70f527755.png,0.918526,0.026688,0.019345,0.019008,0.016434,anodr
eb050765b323.png,0.921511,0.023953,0.018573,0.018903,0.017060,anodr
eb175669d789.png,0.912277,0.036371,0.018531,0.017443,0.015378,anodr
ebd96d853918.png,0.914318,0.032091,0.019829,0.017516,0.016247,anodr
ec01f0862669.png,0.915956,0.030452,0.018881,0.017754,0.016958,anodr
ec0c9f817b03.png,0.920252,0.024120,0.019137,0.018914,0.017578,anodr
ecad6845f630.png,0.920153,0.019322,0.020750,0.021284,0.018492,anodr
ee77763a6afb.png,0.923493,0.021112,0.017848,0.019506,0.018040,anodr
ef247f28004f.png,0.922828,0.019022,0.018673,0.020749,0.018727,anodr
ef4121e9bb67.png,0.916289,0.029154,0.019316,0.018360,0.016881,anodr
ef5155990874.png,0.915184,0.029999,0.019482,0.018124,0.017210,anodr
f0267c42907c.png,0.921874,0.021240,0.018382,0.020407,0.018097,anodr
f02956bd7c50.png,0.924154,0.019520,0.017566,0.020278,0.018481,anodr
f233638e0e90.png,0.908469,0.037773,0.019663,0.018418,0.015677,anodr
f36cb007a1ef.png,0.915018,0.026873,0.022751,0.018050,0.017308,anodr
f3a4751af42e.png,0.906419,0.033915,0.027238,0.016618,0.015810,anodr
f3bb996b45ce.png,0.917394,0.029146,0.019321,0.018168,0.015971,anodr
f451eee2b66b.png,0.920211,0.023978,0.018987,0.019229,0.017594,anodr
f48241b0c995.png,0.923326,0.020161,0.017949,0.020260,0.018303,anodr
f4c7ae514c54.png,0.922559,0.019852,0.017934,0.020988,0.018667,anodr
f56ff0440ed1.png,0.919857,0.017725,0.020382,0.022473,0.019563,anodr
f7116e7b2f4e.png,0.920958,0.023533,0.018418,0.019396,0.017695,anodr
f7735b6d47f7.png,0.919830,0.025916,0.018074,0.018831,0.017348,anodr
f7e9fa75c7c1.png,0.920477,0.023293,0.019104,0.019424,0.017703,anodr
f819c65b803c.png,0.921757,0.020484,0.020404,0.019680,0.017676,anodr
f85fd4fac887.png,0.914521,0.024182,0.022190,0.020145,0.018962,anodr
f8d62557ad0c.png,0.888355,0.052063,0.026591,0.017957,0.015033,anodr
f9d8ff3e6592.png,0.923545,0.020564,0.017675,0.020245,0.017971,anodr
fa0c87bd75ce.png,0.911375,0.021835,0.024985,0.022309,0.019496,anodr
fa573163dd8b.png,0.915116,0.028525,0.020139,0.018808,0.017412,anodr
fb88783de055.png,0.919761,0.025549,0.018358,0.018574,0.017758,anodr
fbdc796290d4.png,0.915044,0.030750,0.020098,0.018317,0.015790,anodr
fc898dfeb24f.png,0.922825,0.019974,0.018347,0.020308,0.018545,anodr
fcc32dffd24d.png,0.919749,0.020162,0.020280,0.020924,0.018885,anodr
fd079d2e93a2.png,0.917319,0.025358,0.020848,0.019376,0.017099,anodr
fd87b6b2e664.png,0.919443,0.026044,0.018369,0.018768,0.017375,anodr
fdbc252813b1.png,0.923366,0.019390,0.018056,0.020741,0.018448,anodr
fe3f62695b2d.png,0.910485,0.035737,0.020432,0.017340,0.016006,anodr
febfb20dc311.png,0.919074,0.025680,0.018651,0.019243,0.017351,anodr
ff1e940105f9.png,0.919547,0.025148,0.019215,0.018899,0.017191,anodr
ff4832d55461.png,0.921707,0.020745,0.019055,0.019989,0.018505,anodr
ff59d44a70a7.png,0.911851,0.031709,0.021634,0.018235,0.016571,anodr
ff631653374e.png,0.918999,0.024949,0.019223,0.018999,0.017830,anodr
0369f3efe69b.png,0.020994,0.118199,0.586574,0.192489,0.081744,cmoderatedr
03e25101e8e8.png,0.027477,0.772984,0.151913,0.016216,0.031410,bmilddr
04ac765f91a1.png,0.071337,0.798766,0.065695,0.016162,0.048040,bmilddr
07929d32b5b3.png,0.045744,0.810837,0.102684,0.012703,0.028031,bmilddr
07a1c7073982.png,0.022845,0.652800,0.276683,0.019088,0.028584,bmilddr
086d41d17da8.png,0.074427,0.801753,0.050756,0.019152,0.053911,bmilddr
0ad7f631dedb.png,0.060428,0.816558,0.063174,0.013671,0.046168,bmilddr
0d310aba6373.png,0.015724,0.028472,0.579744,0.273317,0.102744,cmoderatedr
1116271db4ea.png,0.058608,0.785320,0.116130,0.014300,0.025642,bmilddr
12ce6a1a1f31.png,0.326063,0.582976,0.048394,0.017399,0.025168,bmilddr
1a03a7970337.png,0.222207,0.700677,0.031809,0.014067,0.031240,bmilddr
1bb0ddfe753a.png,0.015120,0.101560,0.759742,0.062257,0.061322,cmoderatedr
27e4c800a449.png,0.037845,0.819907,0.095889,0.011984,0.034375,bmilddr
28f98cfe3858.png,0.023490,0.235398,0.682477,0.023217,0.035418,cmoderatedr
2a08ed6bbcbc.png,0.044876,0.769462,0.115042,0.018078,0.052542,bmilddr
2d9d97a6e713.png,0.441911,0.482981,0.029261,0.015420,0.030427,bmilddr
2f2e1949ad56.png,0.075292,0.823394,0.047346,0.014775,0.039194,bmilddr
33105f9b3a04.png,0.052732,0.831534,0.077298,0.010831,0.027605,bmilddr
35aa7f5c2ec0.png,0.019701,0.402730,0.501206,0.034224,0.042138,cmoderatedr
365f8c01d994.png,0.424642,0.185150,0.334773,0.016321,0.039114,anodr
36677b70b1ef.png,0.177949,0.719085,0.039109,0.017414,0.046443,bmilddr
38b9bb961847.png,0.846781,0.072640,0.054345,0.011891,0.014344,anodr
3c72f580d4ba.png,0.322713,0.247131,0.387181,0.014221,0.028755,cmoderatedr
3dbc90c7ee7d.png,0.014420,0.408857,0.436503,0.051651,0.088569,cmoderatedr
3de8ad4151e1.png,0.117274,0.787264,0.038663,0.016102,0.040697,bmilddr
3f73c91b7e32.png,0.165069,0.738343,0.041981,0.012729,0.041879,bmilddr
40e9b5630438.png,0.246064,0.681398,0.029331,0.014806,0.028401,bmilddr
4661006f3ba6.png,0.047945,0.793892,0.103225,0.012304,0.042633,bmilddr
495255c7492f.png,0.018145,0.292279,0.551947,0.054357,0.083271,cmoderatedr
4c129470cec4.png,0.161406,0.751088,0.036244,0.014375,0.036887,bmilddr
4c3c1ed09771.png,0.293715,0.509481,0.159690,0.016930,0.020184,bmilddr
4fa26d065ad3.png,0.056456,0.781065,0.091900,0.021517,0.049062,bmilddr
50840c36f0b4.png,0.022587,0.263335,0.595176,0.055849,0.063054,cmoderatedr
51131b48f9d4.png,0.015718,0.123029,0.770765,0.054262,0.036226,cmoderatedr
523b3f0fc646.png,0.049351,0.109395,0.636870,0.097978,0.106406,cmoderatedr
52ae917fcea4.png,0.018519,0.030059,0.716273,0.162022,0.073127,cmoderatedr
5347b4c8e9b3.png,0.068463,0.830511,0.061615,0.011282,0.028129,bmilddr
5548a7961a3e.png,0.119267,0.604052,0.220381,0.021036,0.035263,bmilddr
55eac26bd383.png,0.189292,0.733468,0.032116,0.013659,0.031464,bmilddr
58184d6fd087.png,0.346619,0.572596,0.033037,0.015852,0.031896,bmilddr
582115961a3d.png,0.040424,0.715489,0.120097,0.035884,0.088106,bmilddr
5b068765e846.png,0.165693,0.745126,0.039917,0.016414,0.032851,bmilddr
