filename,prob_anodr,prob_bmilddr,prob_cmoderatedr,prob_dseveredr,prob_eproliferativedr,predicted_class
20051020_43808_0100_PP_967.png,0.704795,0.058189,0.131214,0.050722,0.055079,anodr
20051020_44261_0100_PP_1191.png,0.733535,0.056871,0.130169,0.035931,0.043495,anodr
20051020_44284_0100_PP_502.png,0.795463,0.045494,0.098323,0.030737,0.029983,anodr
20051020_44338_0100_PP_547.png,0.594259,0.086797,0.174492,0.068504,0.075947,anodr
20051020_44400_0100_PP_920.png,0.594631,0.094284,0.173415,0.065270,0.072399,anodr
20051020_44431_0100_PP_514.png,0.511630,0.092552,0.225261,0.077509,0.093048,anodr
20051020_44692_0100_PP_419.png,0.483647,0.090424,0.255062,0.080275,0.090592,anodr
20051020_44714_0100_PP_1199.png,0.691393,0.063345,0.137713,0.052687,0.054862,anodr
20051020_44982_0100_PP_486.png,0.714199,0.063437,0.123365,0.047053,0.051946,anodr
20051020_56791_0100_PP_1185.png,0.690519,0.082578,0.140740,0.045322,0.040840,anodr
20051020_57157_0100_PP_971.png,0.649979,0.081278,0.152217,0.060931,0.055595,anodr
20051020_57967_0100_PP_829.png,0.680905,0.069323,0.151652,0.050442,0.047679,anodr
20051020_58065_0100_PP_561.png,0.698191,0.058346,0.137997,0.048827,0.056639,anodr
20051020_61757_0100_PP_484.png,0.777463,0.043995,0.107540,0.036068,0.034934,anodr
20051020_62461_0100_PP_76.png,0.550599,0.082986,0.212401,0.067369,0.086645,anodr
20051020_62510_0100_PP_106.png,0.453845,0.094935,0.260818,0.077060,0.113342,anodr
20051020_62577_0100_PP_479.png,0.742469,0.059640,0.121960,0.038468,0.037464,anodr
20051020_62615_0100_PP_294.png,0.666515,0.072821,0.160548,0.047522,0.052594,anodr
20051020_63269_0100_PP_1183.png,0.658933,0.065279,0.158791,0.057411,0.059585,anodr
20051020_63337_0100_PP_471.png,0.557836,0.084624,0.214964,0.070621,0.071955,anodr
20051020_64249_0100_PP_1004.png,0.752095,0.051751,0.121069,0.039275,0.035811,anodr
20051020_64388_0100_PP_1194.png,0.740933,0.056396,0.121028,0.042540,0.039102,anodr
20051020_64653_0100_PP_124.png,0.656662,0.097289,0.144226,0.055136,0.046687,anodr
20051020_64775_0100_PP_480.png,0.700961,0.051799,0.159503,0.044449,0.043287,anodr
20051020_64836_0100_PP_1270.png,0.641443,0.063107,0.181970,0.061125,0.052355,anodr
20051021_36380_0100_PP_135.png,0.701920,0.070231,0.133010,0.046310,0.048530,anodr
20051021_36476_0100_PP_1243.png,0.640561,0.080461,0.172100,0.049800,0.057078,anodr
20051021_39845_0100_PP_315.png,0.565911,0.071685,0.214217,0.067322,0.080865,anodr
20051021_39914_0100_PP_1352.png,0.581573,0.080028,0.197877,0.068458,0.072064,anodr
20051021_51418_0100_PP_18.png,0.686300,0.082581,0.132971,0.049653,0.048495,anodr
20051021_51476_0100_PP_150.png,0.661022,0.068880,0.163317,0.052037,0.054744,anodr
20051021_51936_0100_PP_1379.png,0.583295,0.087783,0.189289,0.062112,0.077521,anodr
20051021_51994_0100_PP_1283.png,0.580747,0.091767,0.184118,0.066877,0.076491,anodr
20051021_57798_0100_PP_1322.png,0.526263,0.092810,0.230653,0.068146,0.082128,anodr
20051021_57862_0100_PP_372.png,0.519537,0.094726,0.237298,0.063949,0.084490,anodr
20051021_57975_0100_PP_517.png,0.843506,0.035296,0.072922,0.025771,0.022505,anodr
20051021_58035_0100_PP_1138.png,0.741573,0.046603,0.127835,0.042370,0.041619,anodr
20051021_58388_0100_PP_1300.png,0.743713,0.047364,0.117102,0.044550,0.047271,anodr
20051021_58522_0100_PP_50.png,0.661186,0.060335,0.161861,0.056848,0.059770,anodr
20051109_57843_0400_PP_1109.png,0.752994,0.055146,0.111164,0.037625,0.043070,anodr
20051109_59969_0400_PP_1079.png,0.689034,0.071542,0.134169,0.048792,0.056464,anodr
20051109_60031_0400_PP_528.png,0.623000,0.083567,0.174212,0.058610,0.060610,anodr
20051109_60136_0400_PP_905.png,0.699299,0.069486,0.135598,0.049318,0.046300,anodr
20051110_33960_0400_PP_35.png,0.632233,0.075624,0.172964,0.062108,0.057072,anodr
20051110_34013_0400_PP_151.png,0.571893,0.094367,0.198656,0.063296,0.071788,anodr
20051110_35239_0400_PP_836.png,0.710675,0.066513,0.130701,0.043188,0.048923,anodr
20051110_35279_0400_PP_1033.png,0.694516,0.062152,0.145781,0.042296,0.055256,anodr
20051110_35332_0400_PP_497.png,0.732049,0.069970,0.113258,0.041705,0.043019,anodr
20051110_37992_0400_PP_1043.png,0.742740,0.064192,0.106075,0.041357,0.045635,anodr
20051110_38111_0400_PP_429.png,0.833426,0.041169,0.071462,0.026368,0.027575,anodr
20051110_38156_0400_PP_477.png,0.611846,0.083880,0.189380,0.054663,0.060231,anodr
20051110_38280_0400_PP_83.png,0.655272,0.072327,0.148254,0.061913,0.062234,anodr
20051110_38313_0400_PP_1041.png,0.547908,0.075384,0.221046,0.069859,0.085802,anodr
20051110_38352_0400_PP_934.png,0.610236,0.065963,0.193960,0.060412,0.069429,anodr
20051110_38472_0400_PP_1127.png,0.632536,0.090733,0.156270,0.053259,0.067201,anodr
20051110_38507_0400_PP_1190.png,0.516272,0.099872,0.228877,0.063458,0.091520,anodr
20051116_43388_0400_PP_344.png,0.685993,0.072847,0.146307,0.044201,0.050651,anodr
20051116_43585_0400_PP_950.png,0.595313,0.098399,0.178717,0.058082,0.069489,anodr
20051116_43710_0400_PP_95.png,0.664233,0.061321,0.148442,0.054667,0.071338,anodr
20051116_43721_0400_PP_363.png,0.552385,0.074633,0.213458,0.067047,0.092476,anodr
20051116_43785_0400_PP_445.png,0.715931,0.073122,0.116484,0.046696,0.047767,anodr
20051116_43801_0400_PP_325.png,0.738327,0.075092,0.108683,0.042112,0.035786,anodr
20051116_44648_0400_PP_1036.png,0.622696,0.081541,0.164272,0.064472,0.067019,anodr
20051117_37042_0400_PP_1119.png,0.507506,0.104080,0.233000,0.070800,0.084614,anodr
20051117_37051_0400_PP_1136.png,0.530003,0.100912,0.210543,0.077429,0.081112,anodr
20051117_37078_0400_PP_559.png,0.658888,0.063517,0.162079,0.053822,0.061693,anodr
20051117_37100_0400_PP_1083.png,0.626335,0.064542,0.190649,0.056619,0.061854,anodr
20051117_37130_0400_PP_938.png,0.731610,0.054693,0.120075,0.044367,0.049255,anodr
20051117_37155_0400_PP_84.png,0.745072,0.052623,0.116330,0.040654,0.045322,anodr
20051117_37185_0400_PP_404.png,0.658486,0.076150,0.145429,0.055838,0.064097,anodr
20051117_37321_0400_PP_947.png,0.638904,0.072753,0.166589,0.057895,0.063858,anodr
20051130_53586_0400_PP_1121.png,0.571681,0.085608,0.187993,0.062734,0.091984,anodr
20051130_53623_0400_PP_894.png,0.690071,0.051992,0.161224,0.052489,0.044224,anodr
20051130_53663_0400_PP_510.png,0.751304,0.049903,0.117108,0.042203,0.039481,anodr
20051130_53991_0400_PP_277.png,0.716745,0.056509,0.123551,0.047863,0.055332,anodr
20051130_54030_0400_PP_946.png,0.647482,0.068794,0.155578,0.060086,0.068060,anodr
20051130_54077_0400_PP_1117.png,0.556108,0.092926,0.222161,0.057112,0.071693,anodr
20051130_54121_0400_PP_1281.png,0.543605,0.095628,0.202069,0.069861,0.088836,anodr
20051130_54257_0400_PP_506.png,0.725024,0.061746,0.117026,0.046399,0.049805,anodr
20051130_54301_0400_PP_93.png,0.639494,0.069038,0.156427,0.060998,0.074044,anodr
20051130_54323_0400_PP_978.png,0.505734,0.098556,0.230817,0.073162,0.091731,anodr
20051130_54476_0400_PP_394.png,0.699892,0.061386,0.144966,0.043605,0.050151,anodr
20051130_54498_0400_PP_1217.png,0.562747,0.085256,0.209602,0.064859,0.077536,anodr
20051130_54595_0400_PP_940.png,0.393020,0.102899,0.300241,0.087430,0.116410,anodr
20051130_54802_0400_PP_550.png,0.715989,0.060873,0.136671,0.041861,0.044606,anodr
20051130_54846_0400_PP_289.png,0.731955,0.058429,0.129754,0.038999,0.040863,anodr
20051130_54943_0400_PP_1044.png,0.728650,0.057709,0.127202,0.044453,0.041985,anodr
20051130_54956_0400_PP_875.png,0.775572,0.050104,0.101653,0.037221,0.035450,anodr
20051130_55004_0400_PP_1259.png,0.641711,0.074273,0.152344,0.060343,0.071330,anodr
20051130_55012_0400_PP_865.png,0.585962,0.078981,0.187206,0.066991,0.080860,anodr
20051130_55037_0400_PP_443.png,0.680674,0.066263,0.153698,0.048083,0.051282,anodr
20051130_55048_0400_PP_921.png,0.703287,0.054018,0.143504,0.047925,0.051266,anodr
20051130_55074_0400_PP_986.png,0.617921,0.069928,0.190337,0.051394,0.070420,anodr
20051130_55086_0400_PP_1152.png,0.627913,0.081554,0.180322,0.051931,0.058281,anodr
20051130_55107_0400_PP_316.png,0.538180,0.080742,0.227353,0.071381,0.082344,anodr
20051130_55160_0400_PP_1182.png,0.580324,0.096837,0.208157,0.052027,0.062655,anodr
20051130_55269_0400_PP_820.png,0.677291,0.080276,0.155166,0.042930,0.044336,anodr
20051130_55311_0400_PP_896.png,0.528146,0.097473,0.225506,0.057931,0.090943,anodr
20051130_55323_0400_PP_883.png,0.553931,0.087164,0.212669,0.063139,0.083097,anodr
20051130_55381_0400_PP_504.png,0.748923,0.056622,0.113028,0.040520,0.040908,anodr
20051130_55393_0400_PP_1251.png,0.679762,0.068293,0.146937,0.050810,0.054198,anodr
20051130_58716_0400_PP_355.png,0.746554,0.049325,0.127755,0.041638,0.034727,anodr
20051130_58824_0400_PP_1181.png,0.626943,0.058981,0.202294,0.059653,0.052128,anodr
20051130_58874_0400_PP_1359.png,0.651938,0.060402,0.158274,0.057437,0.071949,anodr
20051130_58888_0400_PP_284.png,0.440109,0.092005,0.278688,0.082762,0.106435,anodr
20051130_58962_0400_PP_973.png,0.523050,0.097651,0.222143,0.067635,0.089522,anodr
20051130_58998_0400_PP_543.png,0.787696,0.032888,0.102134,0.039056,0.038226,anodr
20051130_59029_0400_PP_270.png,0.685326,0.047979,0.163460,0.058526,0.044709,anodr
20051130_59186_0400_PP_350.png,0.753686,0.062699,0.103847,0.036823,0.042944,anodr
20051130_59284_0400_PP_853.png,0.755189,0.057904,0.108046,0.038247,0.040615,anodr
20051130_59374_0400_PP_410.png,0.676877,0.061218,0.154121,0.050136,0.057648,anodr
20051130_59404_0400_PP_392.png,0.751778,0.060626,0.107953,0.040826,0.038817,anodr
20051130_59457_0400_PP_1053.png,0.827788,0.046114,0.076987,0.025124,0.023987,anodr
20051130_59464_0400_PP_1141.png,0.801593,0.046796,0.092015,0.030590,0.029006,anodr
20051130_59749_0400_PP_965.png,0.561098,0.081531,0.201784,0.067250,0.088336,anodr
20051130_59775_0400_PP_1224.png,0.582737,0.086971,0.198746,0.057983,0.073564,anodr
20051130_59793_0400_PP_926.png,0.641319,0.081289,0.156805,0.056769,0.063818,anodr
20051130_59802_0400_PP_430.png,0.550104,0.084491,0.223770,0.069911,0.071724,anodr
20051130_59850_0400_PP_36.png,0.737964,0.060347,0.123712,0.037131,0.040846,anodr
20051130_59869_0400_PP_520.png,0.706377,0.069955,0.139028,0.042185,0.042455,anodr
20051130_59964_0400_PP_312.png,0.668243,0.075594,0.140372,0.052573,0.063219,anodr
20051130_59993_0400_PP_439.png,0.554035,0.100507,0.213149,0.062815,0.069494,anodr
20051130_60040_0400_PP_1355.png,0.675238,0.071249,0.152488,0.047014,0.054011,anodr
20051130_60066_0400_PP_1170.png,0.698271,0.068193,0.136809,0.047876,0.048851,anodr
20051130_60186_0400_PP_1365.png,0.706902,0.067412,0.128163,0.046248,0.051274,anodr
20051130_60234_0400_PP_453.png,0.679636,0.069192,0.146245,0.050753,0.054174,anodr
20051130_60448_0400_PP_860.png,0.441376,0.083960,0.282583,0.079851,0.112230,anodr
20051130_60490_0400_PP_828.png,0.470866,0.074617,0.276527,0.071193,0.106797,anodr
20051130_60532_0400_PP_1052.png,0.509363,0.099227,0.231176,0.076588,0.083646,anodr
20051130_60562_0400_PP_121.png,0.430764,0.106212,0.277613,0.083845,0.101566,anodr
20051130_60601_0400_PP_146.png,0.728265,0.064061,0.114779,0.045266,0.047630,anodr
20051130_60630_0400_PP_60.png,0.526157,0.089652,0.232783,0.068831,0.082577,anodr
20051130_60691_0400_PP_939.png,0.565313,0.084213,0.204319,0.068900,0.077255,anodr
20051130_60715_0400_PP_555.png,0.524972,0.082195,0.228737,0.070469,0.093627,anodr
20051130_60740_0400_PP_1166.png,0.564051,0.088374,0.197838,0.064107,0.085630,anodr
20051130_60794_0400_PP_280.png,0.720875,0.060721,0.126822,0.042852,0.048730,anodr
20051130_60822_0400_PP_980.png,0.756640,0.058374,0.101877,0.040620,0.042488,anodr
20051201_37312_0400_PP_1333.png,0.694704,0.085470,0.125424,0.049463,0.044938,anodr
20051201_37337_0400_PP_839.png,0.650829,0.087182,0.151162,0.053227,0.057599,anodr
20051201_37382_0400_PP_1350.png,0.669493,0.072377,0.150072,0.049828,0.058230,anodr
20051201_37390_0400_PP_833.png,0.746082,0.055368,0.118666,0.040162,0.039722,anodr
20051201_37409_0400_PP_1340.png,0.519851,0.092676,0.232416,0.070217,0.084840,anodr
20051201_37462_0400_PP_357.png,0.606894,0.083687,0.173399,0.063529,0.072492,anodr
20051201_37534_0400_PP_906.png,0.525236,0.095716,0.229465,0.070102,0.079480,anodr
20051201_37557_0400_PP_1336.png,0.590952,0.089022,0.185823,0.064051,0.070152,anodr
20051201_38041_0400_PP_1312.png,0.766439,0.056431,0.098439,0.035772,0.042919,anodr
20051201_38081_0400_PP_963.png,0.667447,0.068020,0.146513,0.056675,0.061345,anodr
20051201_38103_0400_PP_81.png,0.505431,0.111077,0.227892,0.071382,0.084219,anodr
20051201_38137_0400_PP_391.png,0.555988,0.083700,0.204820,0.068033,0.087460,anodr
20051201_38155_0400_PP_112.png,0.666107,0.058690,0.158233,0.052410,0.064560,anodr
20051201_38164_0400_PP_881.png,0.699340,0.069240,0.141695,0.045181,0.044545,anodr
20051201_38199_0400_PP_1329.png,0.586758,0.083531,0.197321,0.061758,0.070632,anodr
20051201_38211_0400_PP_1174.png,0.578835,0.086020,0.204462,0.057936,0.072747,anodr
20051201_38246_0400_PP_1063.png,0.738541,0.051929,0.123185,0.038452,0.047892,anodr
20051201_38262_0400_PP_335.png,0.649154,0.073527,0.163630,0.050650,0.063038,anodr
20051201_38280_0400_PP_1103.png,0.687454,0.074069,0.146918,0.045269,0.046291,anodr
20051201_38291_0400_PP_468.png,0.594444,0.085327,0.200141,0.056904,0.063183,anodr
20051201_38321_0400_PP_903.png,0.526978,0.103872,0.218150,0.066495,0.084505,anodr
20051201_38349_0400_PP_892.png,0.548038,0.100525,0.201356,0.067750,0.082330,anodr
20051201_38466_0400_PP_572.png,0.705090,0.050765,0.148674,0.044206,0.051264,anodr
20051201_38475_0400_PP_560.png,0.727134,0.052256,0.132365,0.041398,0.046847,anodr
20051202_37162_0400_PP_29.png,0.625393,0.089132,0.171274,0.051722,0.062479,anodr
20051202_51599_0400_PP_966.png,0.749088,0.065811,0.105820,0.038031,0.041251,anodr
20051202_51616_0400_PP_1018.png,0.706026,0.070218,0.133176,0.044572,0.046009,anodr
20051205_57651_0400_PP_52.png,0.549236,0.098856,0.214901,0.065221,0.071786,anodr
20051205_57704_0400_PP_1167.png,0.603673,0.090304,0.185152,0.056529,0.064342,anodr
20051205_57757_0400_PP_1100.png,0.693844,0.070019,0.129186,0.049082,0.057868,anodr
20051205_57780_0400_PP_1102.png,0.650566,0.081898,0.149766,0.051459,0.066311,anodr
20051205_57799_0400_PP_868.png,0.323983,0.110087,0.353415,0.084568,0.127948,cmoderatedr
20051205_57809_0400_PP_1228.png,0.733729,0.065753,0.111890,0.038998,0.049630,anodr
20051205_57838_0400_PP_859.png,0.692357,0.065610,0.145968,0.045209,0.050856,anodr
20051205_57879_0400_PP_1254.png,0.703843,0.064518,0.132562,0.045588,0.053488,anodr
20051205_57942_0400_PP_990.png,0.695406,0.068059,0.139469,0.044042,0.053024,anodr
20051205_57988_0400_PP_1112.png,0.716264,0.059537,0.135225,0.044111,0.044863,anodr
20051205_58037_0400_PP_835.png,0.607700,0.066873,0.196346,0.059844,0.069237,anodr
20051205_58060_0400_PP_376.png,0.552009,0.080948,0.229382,0.061752,0.075908,anodr
20051205_58080_0400_PP_1034.png,0.684719,0.072001,0.141127,0.048728,0.053425,anodr
20051205_58091_0400_PP_292.png,0.589795,0.081851,0.195017,0.060353,0.072984,anodr
20051205_58109_0400_PP_1311.png,0.678973,0.066816,0.154081,0.049416,0.050714,anodr
20051205_58125_0400_PP_46.png,0.621917,0.079476,0.177477,0.054473,0.066657,anodr
20051205_58150_0400_PP_393.png,0.699939,0.066662,0.137275,0.046101,0.050024,anodr
20051205_58177_0400_PP_503.png,0.700623,0.064719,0.136836,0.044468,0.053354,anodr
20051205_58354_0400_PP_1282.png,0.658152,0.070481,0.162988,0.051450,0.056928,anodr
20051205_58373_0400_PP_55.png,0.605425,0.083865,0.181903,0.056060,0.072746,anodr
20051205_58409_0400_PP_985.png,0.684874,0.075492,0.139937,0.047166,0.052532,anodr
20051205_58431_0400_PP_493.png,0.615620,0.077715,0.182112,0.055629,0.068924,anodr
20051205_58458_0400_PP_309.png,0.616012,0.078950,0.173201,0.056804,0.075033,anodr
20051205_58502_0400_PP_482.png,0.557343,0.082395,0.214734,0.065125,0.080403,anodr
20051205_58613_0400_PP_843.png,0.766808,0.059339,0.103501,0.035499,0.034853,anodr
20051205_59240_0400_PP_301.png,0.718951,0.061356,0.129036,0.042963,0.047694,anodr
20051205_59337_0400_PP_945.png,0.686115,0.079743,0.127422,0.054300,0.052421,anodr
20051205_59351_0400_PP_332.png,0.681040,0.074494,0.139167,0.053078,0.052221,anodr
20051205_59367_0400_PP_816.png,0.728532,0.069138,0.118299,0.041097,0.042934,anodr
20051205_59379_0400_PP_842.png,0.728333,0.065727,0.123992,0.042882,0.039067,anodr
20051205_59510_0400_PP_329.png,0.731118,0.064169,0.116037,0.041835,0.046841,anodr
20051205_59538_0400_PP_534.png,0.760597,0.057211,0.099479,0.039197,0.043516,anodr
20051205_59617_0400_PP_1000.png,0.585415,0.097302,0.197470,0.055149,0.064664,anodr
20051205_59651_0400_PP_1164.png,0.593795,0.092373,0.193404,0.054074,0.066353,anodr
20051205_59738_0400_PP_119.png,0.770951,0.056605,0.097662,0.039100,0.035682,anodr
20051205_59754_0400_PP_880.png,0.738888,0.062341,0.111967,0.043648,0.043156,anodr
20051205_59833_0400_PP_531.png,0.726022,0.063818,0.126468,0.038756,0.044936,anodr
20051205_59858_0400_PP_523.png,0.644445,0.078227,0.170184,0.052961,0.054182,anodr
20051205_59901_0400_PP_417.png,0.822947,0.033560,0.089552,0.027624,0.026317,anodr
20051205_59923_0400_PP_1307.png,0.819111,0.036361,0.086809,0.030518,0.027201,anodr
20051205_60093_0400_PP_1286.png,0.617946,0.072942,0.177778,0.058849,0.072485,anodr
20051205_60119_0400_PP_451.png,0.602432,0.072415,0.193827,0.059489,0.071836,anodr
20051213_61406_0100_PP_1027.png,0.581933,0.096084,0.206518,0.056236,0.059228,anodr
20051213_61802_0100_PP_408.png,0.694828,0.074514,0.140623,0.043953,0.046081,anodr
20051213_61892_0100_PP_837.png,0.674544,0.066542,0.154098,0.050298,0.054518,anodr
20051213_61951_0100_PP_983.png,0.730984,0.056318,0.129538,0.040358,0.042802,anodr
20051213_62251_0100_PP_27.png,0.685461,0.066798,0.142261,0.048925,0.056555,anodr
20051213_62314_0100_PP_1325.png,0.539063,0.090156,0.227431,0.062090,0.081260,anodr
20051213_62518_0100_PP_821.png,0.648707,0.066921,0.184115,0.051535,0.048722,anodr
20051213_62572_0100_PP_1176.png,0.672697,0.069756,0.159810,0.057112,0.040624,anodr
20051214_40529_0100_PP_1120.png,0.776371,0.052014,0.103245,0.034639,0.033733,anodr
20051214_40767_0100_PP_1039.png,0.634473,0.091861,0.164050,0.055624,0.053991,anodr
20051214_40994_0100_PP_435.png,0.775411,0.053877,0.102999,0.033867,0.033847,anodr
20051214_41055_0100_PP_41.png,0.773595,0.054016,0.106601,0.036308,0.029479,anodr
20051214_42133_0100_PP_462.png,0.638139,0.078326,0.166500,0.060695,0.056340,anodr
20051214_42197_0100_PP_1288.png,0.577018,0.104091,0.187171,0.066548,0.065171,anodr
20051214_42323_0100_PP_845.png,0.673070,0.075991,0.146990,0.054897,0.049052,anodr
20051214_42363_0100_PP_42.png,0.573122,0.080725,0.210088,0.065034,0.071031,anodr
20051214_51178_0100_PP_1380.png,0.806698,0.044487,0.090088,0.030170,0.028556,anodr
20051214_51211_0100_PP_511.png,0.825076,0.039987,0.081968,0.028609,0.024360,anodr
20051214_51308_0100_PP_1342.png,0.618387,0.068743,0.182107,0.063421,0.067342,anodr
20051214_51342_0100_PP_970.png,0.605407,0.074885,0.184411,0.063379,0.071917,anodr
20051214_51442_0100_PP_28.png,0.686531,0.082259,0.126830,0.051789,0.052591,anodr
20051214_51469_0100_PP_1060.png,0.691423,0.088208,0.129778,0.049437,0.041154,anodr
20051214_56242_0100_PP_337.png,0.558377,0.106658,0.203229,0.065536,0.066200,anodr
20051214_56392_0100_PP_1037.png,0.802882,0.040933,0.092873,0.035019,0.028293,anodr
20051214_56438_0100_PP_22.png,0.743396,0.051463,0.121749,0.041032,0.042360,anodr
20051214_56636_0100_PP_128.png,0.566834,0.095063,0.186760,0.071312,0.080030,anodr
20051214_56688_0100_PP_120.png,0.592620,0.079909,0.195790,0.062196,0.069484,anodr
20051214_57761_0100_PP_356.png,0.504365,0.098405,0.224998,0.070127,0.102105,anodr
20051214_57817_0100_PP_876.png,0.489968,0.091089,0.236342,0.074433,0.108169,anodr
20051216_43913_0200_PP_1367.png,0.527514,0.083699,0.234688,0.068707,0.085393,anodr
20051216_44066_0200_PP_426.png,0.583683,0.073823,0.215775,0.062490,0.064228,anodr
20051216_44092_0200_PP_1090.png,0.566078,0.080690,0.196860,0.074260,0.082112,anodr
20051216_44221_0200_PP_548.png,0.687312,0.064148,0.142614,0.050780,0.055146,anodr
20051216_44252_0200_PP_952.png,0.692910,0.064410,0.143050,0.048968,0.050662,anodr
20051216_44398_0200_PP_1235.png,0.756784,0.062646,0.105227,0.039523,0.035821,anodr
20051216_44420_0200_PP_379.png,0.749753,0.076016,0.096708,0.040469,0.037056,anodr
20051216_44635_0200_PP_415.png,0.600609,0.079713,0.179657,0.063504,0.076517,anodr
20051216_44660_0200_PP_888.png,0.613570,0.079517,0.180615,0.058312,0.067986,anodr
20051216_44811_0200_PP_567.png,0.780910,0.045319,0.104232,0.033354,0.036185,anodr
20051216_44832_0200_PP_1082.png,0.821352,0.037808,0.085936,0.028236,0.026668,anodr
20051216_45076_0200_PP_818.png,0.463525,0.106930,0.258941,0.071703,0.098901,anodr
20051216_45499_0200_PP_1071.png,0.729493,0.065129,0.116277,0.044107,0.044993,anodr
20051216_45781_0200_PP_320.png,0.581276,0.089427,0.197321,0.063792,0.068185,anodr
20051216_45873_0200_PP_832.png,0.698269,0.069076,0.137004,0.045255,0.050396,anodr
20051216_45992_0200_PP_341.png,0.548032,0.093426,0.212093,0.066534,0.079916,anodr
20051216_46018_0200_PP_1216.png,0.517516,0.098813,0.223744,0.072616,0.087311,anodr
20051216_46183_0200_PP_1204.png,0.614524,0.074664,0.179359,0.061692,0.069762,anodr
20051216_47514_0200_PP_110.png,0.534266,0.085756,0.220275,0.068300,0.091403,anodr
20051216_47536_0200_PP_1339.png,0.590213,0.087181,0.175382,0.063975,0.083249,anodr
20060407_38711_0200_PP_283.png,0.586082,0.106462,0.186764,0.054855,0.065837,anodr
20060407_38970_0200_PP_1111.png,0.606100,0.092311,0.188756,0.053376,0.059458,anodr
20060407_39155_0200_PP_855.png,0.825605,0.038580,0.078817,0.029529,0.027469,anodr
20060407_39184_0200_PP_373.png,0.783328,0.040207,0.100666,0.039130,0.036669,anodr
20060407_39306_0200_PP_1074.png,0.809009,0.037814,0.092194,0.031876,0.029107,anodr
20060407_39328_0200_PP_893.png,0.691950,0.050994,0.158474,0.044611,0.053971,anodr
20060407_39435_0200_PP_1214.png,0.424936,0.106427,0.278624,0.081175,0.108838,anodr
20060407_39546_0200_PP_545.png,0.532618,0.085085,0.230784,0.070497,0.081016,anodr
20060407_39567_0200_PP_1168.png,0.525719,0.085272,0.229153,0.068790,0.091066,anodr
20060407_39687_0200_PP_101.png,0.613283,0.087301,0.174630,0.056524,0.068262,anodr
20060407_39761_0200_PP_518.png,0.585975,0.086837,0.194569,0.058549,0.074070,anodr
20060407_39780_0200_PP_1006.png,0.573667,0.080327,0.202387,0.062979,0.080639,anodr
20060407_40740_0200_PP_314.png,0.545048,0.085013,0.216339,0.071108,0.082492,anodr
20060407_40761_0200_PP_282.png,0.568427,0.079061,0.213068,0.062317,0.077127,anodr
20060407_41149_0200_PP_26.png,0.786453,0.031249,0.114834,0.035852,0.031612,anodr
20060407_41177_0200_PP_1104.png,0.709653,0.043116,0.166524,0.043639,0.037068,anodr
20060407_41312_0200_PP_895.png,0.826538,0.047662,0.075599,0.025860,0.024340,anodr
20060407_41980_0200_PP_1347.png,0.690660,0.068189,0.139919,0.048506,0.052727,anodr
20060407_42099_0200_PP_77.png,0.515424,0.093428,0.236869,0.071834,0.082446,anodr
20060407_42133_0200_PP_488.png,0.619396,0.082054,0.178489,0.054771,0.065290,anodr
20060407_42290_0200_PP_1107.png,0.775169,0.034344,0.115640,0.039069,0.035777,anodr
20060407_42308_0200_PP_1278.png,0.729021,0.042336,0.136066,0.046590,0.045987,anodr
20060407_43223_0200_PP_47.png,0.435640,0.092896,0.284512,0.084194,0.102758,anodr
20060407_43258_0200_PP_118.png,0.627155,0.071955,0.177973,0.054621,0.068296,anodr
20060407_43594_0200_PP_140.png,0.696906,0.067378,0.140946,0.047336,0.047435,anodr
20060407_43618_0200_PP_867.png,0.659833,0.075253,0.160347,0.050514,0.054053,anodr
20060407_43726_0200_PP_1128.png,0.619838,0.085872,0.163718,0.055194,0.075378,anodr
20060407_43746_0200_PP_1058.png,0.576819,0.087681,0.194298,0.062068,0.079134,anodr
20060407_43834_0200_PP_1162.png,0.471367,0.125412,0.224540,0.078362,0.100319,anodr
20060407_43856_0200_PP_862.png,0.548954,0.096191,0.218358,0.059897,0.076601,anodr
20060407_44042_0200_PP_1047.png,0.651228,0.076074,0.160116,0.051046,0.061537,anodr
20060407_44061_0200_PP_295.png,0.677828,0.067129,0.150760,0.051108,0.053175,anodr
20060407_44400_0200_PP_956.png,0.512523,0.072109,0.252704,0.078818,0.083845,anodr
20060407_44422_0200_PP_847.png,0.593006,0.055163,0.220560,0.063160,0.068111,anodr
20060407_44510_0200_PP_48.png,0.703172,0.060585,0.135717,0.047016,0.053510,anodr
20060407_44529_0200_PP_1212.png,0.587625,0.079754,0.201893,0.061941,0.068787,anodr
20060407_44743_0200_PP_824.png,0.623539,0.071727,0.177194,0.057505,0.070035,anodr
20060407_44766_0200_PP_89.png,0.535073,0.110809,0.205071,0.067310,0.081737,anodr
20060407_44866_0200_PP_293.png,0.625301,0.091331,0.171782,0.055390,0.056197,anodr
20060407_44889_0200_PP_830.png,0.753219,0.062540,0.110701,0.037512,0.036028,anodr
20060407_45107_0200_PP_1345.png,0.648965,0.075045,0.163175,0.052262,0.060553,anodr
20060407_45230_0200_PP_1297.png,0.715286,0.059345,0.134084,0.043275,0.048010,anodr
20060407_45247_0200_PP_1159.png,0.518326,0.088609,0.241922,0.066397,0.084746,anodr
20060407_45718_0200_PP_400.png,0.509389,0.082438,0.252052,0.073800,0.082320,anodr
20060407_45737_0200_PP_1089.png,0.511276,0.085733,0.249077,0.069122,0.084792,anodr
20060407_45834_0200_PP_1219.png,0.662475,0.070129,0.153921,0.053967,0.059509,anodr
20060407_45852_0200_PP_287.png,0.596353,0.092785,0.188306,0.060470,0.062086,anodr
20060407_45949_0200_PP_38.png,0.616659,0.086480,0.182834,0.058128,0.055899,anodr
20060407_46070_0200_PP_1236.png,0.592690,0.091866,0.186913,0.062321,0.066210,anodr
20060407_46235_0200_PP_566.png,0.574452,0.092735,0.200758,0.065435,0.066619,anodr
20060407_46257_0200_PP_827.png,0.524497,0.093071,0.224127,0.076432,0.081873,anodr
20060410_39047_0200_PP_457.png,0.775479,0.052604,0.104876,0.033509,0.033532,anodr
20060410_39075_0200_PP_953.png,0.696058,0.073132,0.137856,0.045226,0.047728,anodr
20060410_39229_0200_PP_1372.png,0.665607,0.065141,0.155281,0.052963,0.061008,anodr
20060410_39476_0200_PP_403.png,0.596530,0.093422,0.189829,0.061480,0.058739,anodr
20060410_39500_0200_PP_73.png,0.609853,0.089765,0.178982,0.060682,0.060717,anodr
20060410_39586_0200_PP_574.png,0.713598,0.074493,0.126225,0.043179,0.042504,anodr
20060410_39606_0200_PP_1148.png,0.612765,0.087044,0.182411,0.055005,0.062775,anodr
20060410_39695_0200_PP_1008.png,0.666157,0.067582,0.160702,0.048249,0.057309,anodr
20060410_39859_0200_PP_296.png,0.555860,0.085778,0.215698,0.065435,0.077230,anodr
20060410_39879_0200_PP_951.png,0.627175,0.076276,0.182861,0.053556,0.060131,anodr
20060410_39994_0200_PP_1378.png,0.711152,0.065005,0.134305,0.040862,0.048676,anodr
20060410_40403_0200_PP_1273.png,0.507439,0.099721,0.232841,0.071077,0.088922,anodr
20060410_40499_0200_PP_15.png,0.724446,0.052499,0.132394,0.051774,0.038887,anodr
20060410_40633_0200_PP_869.png,0.638739,0.075155,0.163171,0.061681,0.061253,anodr
20060410_40846_0200_PP_414.png,0.676732,0.065432,0.155396,0.047864,0.054576,anodr
20060410_40953_0200_PP_1362.png,0.690478,0.067558,0.149400,0.048136,0.044429,anodr
20060410_40979_0200_PP_1017.png,0.695618,0.060461,0.143533,0.050398,0.049991,anodr
20060410_41098_0200_PP_912.png,0.620483,0.077292,0.182885,0.051364,0.067976,anodr
20060410_41191_0200_PP_1364.png,0.488825,0.110171,0.239459,0.073152,0.088393,anodr
20060410_41209_0200_PP_1115.png,0.486633,0.109555,0.242729,0.069967,0.091116,anodr
20060410_41603_0200_PP_64.png,0.675679,0.070940,0.143411,0.054509,0.055460,anodr
20060410_41880_0200_PP_1266.png,0.645648,0.081635,0.160040,0.055166,0.057510,anodr
20060410_41901_0200_PP_1068.png,0.600711,0.083017,0.189058,0.059833,0.067381,anodr
20060410_43847_0200_PP_273.png,0.542263,0.087185,0.228398,0.068569,0.073584,anodr
20060410_43868_0200_PP_874.png,0.582330,0.081651,0.208694,0.065689,0.061637,anodr
20060410_43979_0200_PP_276.png,0.571645,0.104894,0.200317,0.058282,0.064863,anodr
20060410_44345_0200_PP_1011.png,0.639683,0.067531,0.170466,0.059549,0.062770,anodr
20060410_44364_0200_PP_1274.png,0.724103,0.056369,0.126461,0.046400,0.046668,anodr
20060410_44464_0200_PP_1255.png,0.799278,0.042709,0.100038,0.031184,0.026791,anodr
20060410_44504_0200_PP_474.png,0.796452,0.046658,0.097386,0.031481,0.028023,anodr
20060410_44601_0200_PP_1013.png,0.553717,0.091977,0.215151,0.066833,0.072322,anodr
20060410_44770_0200_PP_1320.png,0.368754,0.124815,0.281769,0.098751,0.125911,anodr
20060410_44802_0200_PP_1069.png,0.533699,0.105045,0.208278,0.064848,0.088130,anodr
20060410_44934_0200_PP_418.png,0.601979,0.093732,0.181688,0.059085,0.063517,anodr
20060410_45167_0200_PP_549.png,0.699478,0.061246,0.147055,0.044502,0.047719,anodr
20060410_45188_0200_PP_544.png,0.702414,0.060628,0.142896,0.042903,0.051160,anodr
20060410_47186_0200_PP_1143.png,0.652770,0.074456,0.151572,0.057010,0.064192,anodr
20060411_58071_0200_PP_1022.png,0.673076,0.062366,0.155363,0.051158,0.058038,anodr
20060411_58392_0200_PP_34.png,0.674563,0.080960,0.144220,0.050505,0.049752,anodr
20060411_58413_0200_PP_358.png,0.691114,0.081769,0.140328,0.044096,0.042694,anodr
20060411_58469_0200_PP_982.png,0.743141,0.044411,0.134103,0.042210,0.036135,anodr
20060411_58494_0200_PP_452.png,0.781601,0.039625,0.114478,0.034007,0.030289,anodr
20060411_58571_0200_PP_148.png,0.516936,0.106485,0.218130,0.062622,0.095827,anodr
20060411_58644_0200_PP_538.png,0.667993,0.069140,0.156551,0.050948,0.055368,anodr
20060411_58808_0200_PP_125.png,0.805144,0.043058,0.083041,0.034229,0.034529,anodr
20060411_58829_0200_PP_1091.png,0.762701,0.048356,0.105031,0.038906,0.045007,anodr
20060411_58891_0200_PP_929.png,0.665895,0.069265,0.161144,0.052406,0.051290,anodr
20060411_58913_0200_PP_1356.png,0.732267,0.058694,0.119617,0.044069,0.045353,anodr
20060411_60511_0200_PP_351.png,0.520789,0.106141,0.224169,0.064264,0.084636,anodr
20060411_61687_0200_PP_431.png,0.679266,0.065250,0.145475,0.048087,0.061922,anodr
20060411_61702_0200_PP_1040.png,0.637353,0.073055,0.160407,0.057049,0.072136,anodr
20060411_61869_0200_PP_955.png,0.633354,0.084508,0.176797,0.051490,0.053851,anodr
20060411_61901_0200_PP_288.png,0.632318,0.078637,0.174256,0.051832,0.062957,anodr
20060411_62036_0200_PP_59.png,0.631099,0.080848,0.153691,0.062207,0.072154,anodr
20060411_62058_0200_PP_948.png,0.502143,0.085317,0.237162,0.075139,0.100239,anodr
20060411_62162_0200_PP_97.png,0.537924,0.088093,0.238421,0.062930,0.072632,anodr
20060412_51835_0200_PP_1331.png,0.597253,0.079032,0.197049,0.062623,0.064043,anodr
20060412_51860_0200_PP_890.png,0.525535,0.088320,0.236289,0.070226,0.079629,anodr
20060412_52098_0200_PP_491.png,0.702869,0.064277,0.132587,0.045699,0.054568,anodr
20060412_52351_0200_PP_944.png,0.601129,0.088944,0.179032,0.056602,0.074293,anodr
20060412_52371_0200_PP_354.png,0.530617,0.099433,0.227819,0.059040,0.083090,anodr
20060412_52425_0200_PP_1292.png,0.661546,0.062713,0.169671,0.052184,0.053886,anodr
20060412_52446_0200_PP_533.png,0.632697,0.059006,0.184300,0.058472,0.065526,anodr
20060412_52606_0200_PP_1046.png,0.738222,0.060521,0.123182,0.038896,0.039180,anodr
20060412_52840_0200_PP_343.png,0.666802,0.085017,0.153747,0.049306,0.045127,anodr
20060412_57874_0200_PP_108.png,0.612769,0.083185,0.198018,0.049576,0.056453,anodr
20060412_57952_0200_PP_388.png,0.764583,0.050113,0.108021,0.036438,0.040845,anodr
20060412_57974_0200_PP_94.png,0.700195,0.049928,0.148127,0.048538,0.053212,anodr
20060412_58032_0200_PP_994.png,0.596048,0.086994,0.190693,0.058647,0.067619,anodr
20060412_58054_0200_PP_825.png,0.531013,0.102452,0.221662,0.062358,0.082515,anodr
20060412_58137_0200_PP_1215.png,0.528155,0.094587,0.226635,0.068674,0.081949,anodr
20060412_58723_0200_PP_1153.png,0.508620,0.091048,0.242834,0.073471,0.084028,anodr
20060412_58802_0200_PP_925.png,0.728884,0.065353,0.117309,0.041032,0.047422,anodr
20060412_58819_0200_PP_942.png,0.743312,0.064426,0.109082,0.040028,0.043152,anodr
20060412_59175_0200_PP_852.png,0.578672,0.096165,0.197753,0.056916,0.070494,anodr
20060412_59196_0200_PP_1021.png,0.687878,0.066935,0.147157,0.043685,0.054345,anodr
20060412_59259_0200_PP_364.png,0.620799,0.088746,0.177258,0.054909,0.058289,anodr
20060412_59338_0200_PP_423.png,0.610765,0.092897,0.185216,0.056558,0.054565,anodr
20060412_59355_0200_PP_977.png,0.571935,0.097799,0.203943,0.062663,0.063659,anodr
20060412_60751_0200_PP_822.png,0.622017,0.082410,0.165306,0.059904,0.070363,anodr
20060412_60773_0200_PP_319.png,0.829097,0.043048,0.079367,0.025264,0.023223,anodr
20060412_61064_0200_PP_1114.png,0.497054,0.092414,0.244614,0.070281,0.095637,anodr
20060412_61365_0200_PP_274.png,0.685057,0.062442,0.151740,0.046454,0.054307,anodr
20060412_61383_0200_PP_334.png,0.799776,0.041492,0.091896,0.032890,0.033947,anodr
20060412_61433_0200_PP_1072.png,0.596784,0.062459,0.215933,0.058020,0.066804,anodr
20060412_61450_0200_PP_1002.png,0.577744,0.076422,0.218054,0.061736,0.066043,anodr
20060412_61525_0200_PP_889.png,0.647095,0.065224,0.169243,0.053802,0.064636,anodr
20060412_61665_0200_PP_1324.png,0.692983,0.065233,0.143424,0.046546,0.051813,anodr
20060412_61790_0200_PP_12.png,0.615341,0.091051,0.170209,0.057376,0.066023,anodr
20060522_43758_0100_PP_988.png,0.711515,0.066492,0.121941,0.050652,0.049399,anodr
20060522_45777_0100_PP_1327.png,0.619653,0.091589,0.155657,0.065965,0.067136,anodr
20060522_45796_0100_PP_1360.png,0.575921,0.084687,0.205362,0.066359,0.067671,anodr
20060522_45853_0100_PP_813.png,0.646710,0.075574,0.168379,0.055214,0.054124,anodr
20060522_45873_0100_PP_1192.png,0.696620,0.061521,0.153787,0.045253,0.042819,anodr
20060522_46104_0100_PP_1302.png,0.677710,0.060455,0.154338,0.052229,0.055268,anodr
20060522_46149_0100_PP_1012.png,0.698265,0.058869,0.152132,0.042917,0.047818,anodr
20060522_46379_0100_PP_1348.png,0.556036,0.111607,0.199462,0.064504,0.068392,anodr
20060522_46400_0100_PP_957.png,0.414722,0.105944,0.293633,0.082880,0.102821,anodr
20060523_42953_0100_PP_409.png,0.757185,0.049845,0.119270,0.037542,0.036158,anodr
20060523_43105_0100_PP_1156.png,0.715590,0.070105,0.126622,0.042629,0.045054,anodr
20060523_43123_0100_PP_123.png,0.694624,0.060156,0.153078,0.044094,0.048049,anodr
20060523_43248_0100_PP_80.png,0.595114,0.093920,0.184833,0.063297,0.062836,anodr
20060523_43333_0100_PP_551.png,0.580690,0.084017,0.201806,0.061662,0.071825,anodr
20060523_43354_0100_PP_1093.png,0.583019,0.079771,0.208943,0.065621,0.062645,anodr
20060523_45300_0100_PP_21.png,0.682902,0.070573,0.144555,0.049022,0.052948,anodr
20060523_45316_0100_PP_1213.png,0.690085,0.068979,0.139833,0.045431,0.055671,anodr
20060523_45449_0100_PP_1269.png,0.502268,0.084320,0.236474,0.072500,0.104439,anodr
20060523_45467_0100_PP_44.png,0.517637,0.096962,0.221783,0.062358,0.101260,anodr
20060523_45524_0100_PP_428.png,0.499147,0.087729,0.250293,0.075602,0.087230,anodr
20060523_45548_0100_PP_1229.png,0.576203,0.073126,0.214826,0.067035,0.068811,anodr
20060523_47987_0100_PP_844.png,0.599726,0.090370,0.180544,0.059416,0.069945,anodr
20060523_48005_0100_PP_877.png,0.535279,0.099641,0.213820,0.068658,0.082602,anodr
20060523_48136_0100_PP_856.png,0.718244,0.057644,0.125032,0.049895,0.049186,anodr
20060523_48161_0100_PP_385.png,0.665944,0.068623,0.162413,0.051064,0.051955,anodr
20060523_48406_0100_PP_1056.png,0.727769,0.063793,0.123144,0.043961,0.041333,anodr
20060523_48591_0100_PP_1317.png,0.508382,0.094276,0.237317,0.069931,0.090094,anodr
20060523_48709_0100_PP_541.png,0.697146,0.085743,0.131452,0.044249,0.041409,anodr
20060523_48728_0100_PP_1375.png,0.613537,0.093282,0.171019,0.064348,0.057814,anodr
20060523_48890_0100_PP_1338.png,0.691552,0.077569,0.138573,0.044679,0.047628,anodr
20060523_48931_0100_PP_16.png,0.764776,0.044384,0.115451,0.035428,0.039962,anodr
20060523_49100_0100_PP_307.png,0.531345,0.093200,0.213109,0.075283,0.087063,anodr
20060523_49120_0100_PP_85.png,0.519844,0.087330,0.234690,0.073009,0.085128,anodr
20060523_49176_0100_PP_366.png,0.512530,0.115588,0.225717,0.069010,0.077155,anodr
20060523_49191_0100_PP_476.png,0.748858,0.060537,0.117503,0.034760,0.038342,anodr
20060523_49515_0100_PP_375.png,0.689723,0.070545,0.128751,0.054908,0.056072,anodr
20060523_49573_0100_PP_919.png,0.740077,0.059000,0.114852,0.042613,0.043458,anodr
20060523_49663_0100_PP_455.png,0.570303,0.078944,0.202064,0.061322,0.087367,anodr
20060523_49681_0100_PP_1363.png,0.578008,0.077172,0.192155,0.063736,0.088928,anodr
20060523_49726_0100_PP_989.png,0.703943,0.068534,0.135224,0.044137,0.048163,anodr
20060523_49745_0100_PP_1108.png,0.580899,0.084287,0.201020,0.059930,0.073864,anodr
20060523_50153_0100_PP_558.png,0.596769,0.091712,0.175747,0.066494,0.069277,anodr
20060523_50325_0100_PP_1051.png,0.682646,0.058786,0.157456,0.048228,0.052884,anodr
20060523_50342_0100_PP_1211.png,0.649619,0.062779,0.174401,0.054179,0.059022,anodr
20060523_50616_0100_PP_136.png,0.559897,0.085235,0.206575,0.066780,0.081513,anodr
20060523_50631_0100_PP_91.png,0.451980,0.098582,0.270438,0.086851,0.092149,anodr
20060529_56013_0100_PP_1065.png,0.485837,0.110230,0.227064,0.078223,0.098647,anodr
20060529_56039_0100_PP_931.png,0.542520,0.087676,0.232819,0.066126,0.070859,anodr
20060529_56420_0100_PP_466.png,0.788989,0.047632,0.092698,0.037321,0.033359,anodr
20060529_56442_0100_PP_75.png,0.799200,0.048317,0.089451,0.034128,0.028904,anodr
20060529_56563_0100_PP_100.png,0.609303,0.074361,0.188526,0.057032,0.070779,anodr
20060529_56592_0100_PP_381.png,0.495267,0.094697,0.242750,0.071262,0.096024,anodr
20060529_56948_0100_PP_857.png,0.589759,0.071541,0.197367,0.061393,0.079940,anodr
20060529_56968_0100_PP_1131.png,0.580397,0.078750,0.207779,0.060869,0.072205,anodr
20060529_57261_0100_PP_1059.png,0.612145,0.084654,0.179376,0.060527,0.063298,anodr
20060529_57287_0100_PP_1172.png,0.593340,0.085789,0.192490,0.064795,0.063587,anodr
20060529_57351_0100_PP_1206.png,0.763933,0.056838,0.100852,0.040956,0.037420,anodr
20060529_57372_0100_PP_532.png,0.670019,0.067150,0.149774,0.051933,0.061123,anodr
20060530_51254_0100_PP_516.png,0.700364,0.054997,0.144720,0.046491,0.053428,anodr
20060530_51279_0100_PP_67.png,0.673430,0.069631,0.154922,0.048445,0.053572,anodr
20060530_53042_0100_PP_469.png,0.579270,0.106644,0.189626,0.061419,0.063041,anodr
20060530_53062_0100_PP_1377.png,0.556729,0.104884,0.216032,0.063038,0.059317,anodr
20060530_53132_0100_PP_899.png,0.704069,0.061823,0.133494,0.047427,0.053188,anodr
20060530_53152_0100_PP_1227.png,0.639431,0.078400,0.170593,0.053185,0.058391,anodr
20060530_53597_0100_PP_565.png,0.732742,0.066523,0.120757,0.041045,0.038933,anodr
20060530_53742_0100_PP_1137.png,0.650182,0.078934,0.160088,0.051666,0.059131,anodr
20060530_53761_0100_PP_1160.png,0.576569,0.099599,0.189596,0.060638,0.073598,anodr
20060530_53816_0100_PP_1135.png,0.803287,0.045459,0.092469,0.034132,0.024653,anodr
20060530_53836_0100_PP_1343.png,0.689408,0.059737,0.142922,0.051409,0.056523,anodr
20060530_53928_0100_PP_353.png,0.626880,0.082696,0.174451,0.051970,0.064004,anodr
20060530_53954_0100_PP_103.png,0.499733,0.101341,0.243773,0.069280,0.085873,anodr
20060530_55180_0100_PP_1124.png,0.609497,0.081546,0.189234,0.059634,0.060089,anodr
20060530_55607_0100_PP_1222.png,0.598575,0.087009,0.166871,0.067525,0.080020,anodr
IM000056_1358.png,0.523223,0.103803,0.218993,0.067585,0.086396,anodr
IM000057_872.png,0.461578,0.107678,0.265207,0.077349,0.088188,anodr
IM000072_1306.png,0.508125,0.084652,0.248561,0.069661,0.089002,anodr
IM000073_70.png,0.693852,0.053013,0.138348,0.055560,0.059226,anodr
IM000080_434.png,0.363042,0.112711,0.314473,0.089015,0.120758,anodr
IM000086_333.png,0.571874,0.067102,0.202223,0.068287,0.090515,anodr
IM000087_331.png,0.690086,0.059357,0.133676,0.051517,0.065364,anodr
IM000100_1007.png,0.504424,0.089757,0.245031,0.075680,0.085108,anodr
IM000101_1070.png,0.504023,0.077544,0.260627,0.070617,0.087189,anodr
IM000107_863.png,0.398709,0.126816,0.288059,0.079406,0.107010,anodr
IM000108_991.png,0.436366,0.108232,0.256109,0.082533,0.116761,anodr
IM000114_349.png,0.606157,0.078506,0.191648,0.059066,0.064624,anodr
IM000115_512.png,0.481886,0.095913,0.259112,0.071581,0.091508,anodr
