filename,prob_anodr,prob_bmilddr,prob_cmoderatedr,prob_dseveredr,prob_eproliferativedr,prediction
002c21358ce6.png,0.942807,0.014818,0.011332,0.015897,0.015147,anodr
005b95c28852.png,0.942442,0.012214,0.014721,0.015153,0.015469,anodr
00cc2b75cddd.png,0.937514,0.018579,0.011117,0.017438,0.015352,anodr
0182152c50de.png,0.942410,0.016674,0.011905,0.016287,0.012723,anodr
02cd34a85b24.png,0.923491,0.033557,0.015711,0.014469,0.012772,anodr
03b373718013.png,0.940827,0.017554,0.011675,0.017164,0.012779,anodr
04aef84a2cc1.png,0.940002,0.013588,0.013066,0.017886,0.015457,anodr
05b1bb2bdb81.png,0.941234,0.012776,0.014111,0.016650,0.015229,anodr
07596907347b.png,0.943277,0.015913,0.010730,0.015952,0.014128,anodr
07751b94a88a.png,0.935095,0.024946,0.011503,0.014480,0.013976,anodr
0790515cf5af.png,0.943429,0.017121,0.012417,0.014880,0.012154,anodr
08037e4490e5.png,0.941169,0.013547,0.013402,0.016424,0.015459,anodr
0851d6a69589.png,0.943688,0.017814,0.009009,0.014242,0.015248,anodr
08b6e3240858.png,0.855054,0.093195,0.016076,0.020151,0.015525,anodr
08bef347f40d.png,0.932951,0.020983,0.023036,0.010744,0.012286,anodr
08ee569d4721.png,0.940775,0.015008,0.011654,0.016395,0.016168,anodr
09237bf783a4.png,0.943689,0.015534,0.010144,0.015227,0.015406,anodr
096436d68d06.png,0.943525,0.011685,0.013514,0.017132,0.014143,anodr
099021fac3c9.png,0.945388,0.012937,0.013384,0.013386,0.014905,anodr
09c8323c612e.png,0.941367,0.016326,0.009863,0.015860,0.016584,anodr
0a38b552372d.png,0.943159,0.015349,0.013352,0.015273,0.012867,anodr
0a85a1e8f9e9.png,0.935640,0.011373,0.028138,0.013560,0.011288,anodr
0babc12807b2.png,0.004729,0.822817,0.141338,0.015810,0.015307,bmilddr
0cbcc7b23613.png,0.933151,0.016764,0.027805,0.007980,0.014300,anodr
0cd31078cd08.png,0.939265,0.015084,0.013379,0.017110,0.015161,anodr
0ce062f26edc.png,0.949723,0.009515,0.014670,0.016243,0.009849,anodr
0cecc2864b7f.png,0.942055,0.017231,0.012809,0.016284,0.011620,anodr
0d9a9896f801.png,0.941152,0.019445,0.010409,0.014491,0.014504,anodr
0da321efbce6.png,0.946188,0.011246,0.012260,0.017342,0.012964,anodr
0db1d8dcf219.png,0.942689,0.012535,0.016420,0.014631,0.013725,anodr
0e3572b5884a.png,0.941636,0.016251,0.011142,0.015633,0.015338,anodr
0ef4c61dc056.png,0.939144,0.019342,0.013055,0.015521,0.012940,anodr
0fbbd665431f.png,0.942521,0.018518,0.009782,0.016237,0.012942,anodr
0fc6829da85b.png,0.944490,0.014160,0.014889,0.014407,0.012054,anodr
1002b5151b8e.png,0.936933,0.018120,0.011065,0.018916,0.014966,anodr
103f97a2ab15.png,0.940922,0.018368,0.011197,0.014075,0.015438,anodr
10a5026eb8e6.png,0.941701,0.013517,0.012743,0.016124,0.015914,anodr
10de500cf0c5.png,0.941257,0.013522,0.011778,0.017819,0.015623,anodr
10f10fd30718.png,0.943433,0.014555,0.011049,0.013965,0.016998,anodr
12058bbb8299.png,0.943900,0.014799,0.012660,0.016924,0.011717,anodr
12bc439d373a.png,0.941513,0.015230,0.013183,0.016642,0.013432,anodr
12ef75375322.png,0.943805,0.013057,0.010790,0.016458,0.015891,anodr
143db89c11c8.png,0.943577,0.014951,0.011475,0.015969,0.014028,anodr
15b21c80cc31.png,0.940997,0.015058,0.010498,0.017147,0.016301,anodr
15e24b73d4a7.png,0.943097,0.014875,0.014938,0.015075,0.012015,anodr
1633f8291a80.png,0.921052,0.036295,0.009415,0.019274,0.013965,anodr
165634a6167e.png,0.942172,0.013809,0.014537,0.015147,0.014335,anodr
178412895d5e.png,0.889380,0.011158,0.047181,0.043330,0.008951,anodr
186c1835eec5.png,0.941928,0.015015,0.010503,0.016786,0.015768,anodr
18b7e34eab8f.png,0.939831,0.015827,0.012467,0.017569,0.014306,anodr
18b99159a14f.png,0.940935,0.017192,0.010407,0.015192,0.016275,anodr
18ce0cdc473d.png,0.942256,0.016533,0.013297,0.015160,0.012754,anodr
1a0dbc6c0cda.png,0.932499,0.019956,0.030357,0.008978,0.008210,anodr
1a1e974a7dbf.png,0.937621,0.014624,0.014072,0.017424,0.016259,anodr
1c47815f4a6b.png,0.936814,0.012230,0.019710,0.022218,0.009028,anodr
1ca62b3e4fd3.png,0.944166,0.011682,0.012747,0.016519,0.014887,anodr
1d0b93317aa8.png,0.940471,0.012868,0.013030,0.016937,0.016693,anodr
1d3e9b939732.png,0.940834,0.019637,0.014581,0.012630,0.012317,anodr
1d74c4713e21.png,0.942555,0.012597,0.012735,0.016848,0.015265,anodr
1db0393cdbc1.png,0.940287,0.012005,0.012717,0.018559,0.016432,anodr
1df1530b9b8d.png,0.938286,0.015661,0.012573,0.018798,0.014682,anodr
1e742358e0b9.png,0.945163,0.014312,0.011755,0.013349,0.015421,anodr
1e7ccd4a1c87.png,0.940643,0.013360,0.015921,0.017002,0.013074,anodr
1ec95179cdfe.png,0.945051,0.012034,0.012001,0.017777,0.013138,anodr
1f31701dd61b.png,0.944670,0.011395,0.016662,0.014854,0.012418,anodr
1f5496352859.png,0.938534,0.011415,0.021777,0.012971,0.015303,anodr
218c822a3dd9.png,0.929673,0.031804,0.014962,0.010006,0.013555,anodr
224c14366e11.png,0.946263,0.012859,0.010401,0.015262,0.015214,anodr
226c6ceb9185.png,0.945739,0.014414,0.012791,0.011643,0.015413,anodr
237aa50edc34.png,0.944230,0.012775,0.011195,0.016650,0.015150,anodr
248dec89b3a2.png,0.938234,0.015590,0.010803,0.019059,0.016314,anodr
253e96488cfb.png,0.165817,0.795711,0.009845,0.012719,0.015907,bmilddr
2682e6da9050.png,0.941105,0.011853,0.012388,0.019708,0.014946,anodr
27933cdbe0cc.png,0.944894,0.014599,0.013917,0.013928,0.012663,anodr
283c3aeba594.png,0.942204,0.012238,0.013011,0.016761,0.015787,anodr
28503940d10b.png,0.941455,0.014895,0.012113,0.017573,0.013963,anodr
28f73575e1f2.png,0.941375,0.012702,0.012693,0.018575,0.014654,anodr
2923971566fe.png,0.347549,0.614064,0.010241,0.014202,0.013944,bmilddr
2927665214e1.png,0.937609,0.022033,0.010793,0.016164,0.013400,anodr
29a13e666266.png,0.943798,0.014238,0.009554,0.015678,0.016732,anodr
2a4520f1f9a3.png,0.942490,0.014597,0.012649,0.015663,0.014601,anodr
2b4c7b5f1f1e.png,0.928758,0.016188,0.035295,0.011676,0.008083,anodr
2b5bb6d33959.png,0.940081,0.015008,0.012247,0.018979,0.013684,anodr
2bb3c492d6d3.png,0.942897,0.011572,0.016656,0.016793,0.012082,anodr
2c8101f14723.png,0.941025,0.013643,0.012784,0.016319,0.016229,anodr
2c827005b8f8.png,0.942930,0.014453,0.010574,0.016179,0.015863,anodr
2cacdb0dffae.png,0.939832,0.015349,0.011239,0.017102,0.016478,anodr
2cdcc910778d.png,0.939669,0.012586,0.013840,0.017806,0.016099,anodr
2d04cead4d3a.png,0.940340,0.013434,0.011697,0.017167,0.017361,anodr
2d07162a13b1.png,0.344710,0.225336,0.409387,0.008938,0.011629,cmoderatedr
2db0cd3e30da.png,0.939288,0.012077,0.015471,0.017826,0.015337,anodr
2dc647e00ad3.png,0.941250,0.011791,0.013503,0.017860,0.015596,anodr
2dd28ac497d2.png,0.939247,0.019413,0.012595,0.016732,0.012014,anodr
2ef10194e80d.png,0.940370,0.012584,0.014398,0.015502,0.017146,anodr
2ef4a04aed1b.png,0.938899,0.016759,0.011726,0.017010,0.015606,anodr
2ef955d6d9ff.png,0.939010,0.017873,0.011116,0.018386,0.013616,anodr
2f143453bb71.png,0.944837,0.012517,0.012476,0.016764,0.013406,anodr
2f7fbdcc9a4b.png,0.936057,0.015245,0.023677,0.012298,0.012722,anodr
2fefb720869a.png,0.931777,0.024007,0.010067,0.016391,0.017759,anodr
3286073a976e.png,0.943846,0.010659,0.016164,0.016954,0.012376,anodr
331121c65e88.png,0.940028,0.013392,0.012329,0.016813,0.017438,anodr
33b91def2035.png,0.938455,0.013028,0.016189,0.018143,0.014185,anodr
33b978734eab.png,0.939841,0.013547,0.013985,0.015490,0.017137,anodr
345b1f0abbba.png,0.943680,0.013378,0.011362,0.015933,0.015648,anodr
348598d01e18.png,0.944669,0.016487,0.016044,0.012236,0.010564,anodr
35362d43e753.png,0.936723,0.025118,0.008547,0.015490,0.014122,anodr
35ac70c0d08f.png,0.941910,0.014883,0.012545,0.016502,0.014160,anodr
35df2bc6ae95.png,0.939372,0.014829,0.011738,0.018284,0.015776,anodr
360832d84ce0.png,0.946875,0.012688,0.013452,0.015772,0.011213,anodr
37c523296d42.png,0.939225,0.016275,0.011254,0.016945,0.016302,anodr
387138ddf43d.png,0.947546,0.012371,0.009086,0.017244,0.013754,anodr
389552047476.png,0.940278,0.020225,0.009078,0.015649,0.014769,anodr
393fa5a023a5.png,0.940556,0.016764,0.011214,0.017901,0.013566,anodr
3a4cfea0a766.png,0.942443,0.013871,0.012699,0.015798,0.015189,anodr
3b2b91590590.png,0.942971,0.013359,0.012906,0.016244,0.014520,anodr
3bf2deaa5ef0.png,0.940535,0.014682,0.011279,0.016284,0.017220,anodr
3bf3085ac167.png,0.939168,0.015052,0.011639,0.017245,0.016896,anodr
3c42512c81e0.png,0.941823,0.020785,0.008655,0.014246,0.014491,anodr
3ce2f8a77a32.png,0.934031,0.023995,0.013355,0.013620,0.014998,anodr
3f0d3629d69e.png,0.940047,0.011077,0.016911,0.015707,0.016258,anodr
3f44d749cd0b.png,0.933061,0.030231,0.006127,0.016523,0.014058,anodr
3f6c627e2ff2.png,0.944493,0.022375,0.012383,0.009804,0.010944,anodr
3fd45879afe6.png,0.935842,0.020468,0.011734,0.016754,0.015202,anodr
401fdfd0db07.png,0.938102,0.013122,0.016269,0.016694,0.015813,anodr
41345cec5957.png,0.944308,0.012763,0.011994,0.013979,0.016957,anodr
415d5c5e785f.png,0.936120,0.024733,0.009163,0.015696,0.014289,anodr
41ab357d103f.png,0.940013,0.013843,0.012319,0.017535,0.016290,anodr
4276b82e4489.png,0.941447,0.012338,0.014000,0.017141,0.015075,anodr
42b9c1977681.png,0.941775,0.015857,0.012974,0.014541,0.014854,anodr
42c65af5ab16.png,0.947506,0.011457,0.014399,0.012774,0.013863,anodr
436e7a7af761.png,0.940282,0.016105,0.011858,0.015985,0.015769,anodr
43823561c3f0.png,0.940274,0.012425,0.013765,0.017362,0.016174,anodr
43bc7c066dfb.png,0.948145,0.016096,0.011026,0.011801,0.012932,anodr
445a8a6da55c.png,0.941860,0.017259,0.013587,0.014491,0.012804,anodr
44a4d04162cc.png,0.941549,0.011676,0.016934,0.015554,0.014288,anodr
44a86263117b.png,0.943844,0.014832,0.009593,0.016254,0.015477,anodr
4554062fa836.png,0.940393,0.012706,0.012071,0.018387,0.016443,anodr
475300735b7f.png,0.938407,0.015827,0.013040,0.017321,0.015405,anodr
478fc46eaa49.png,0.941615,0.015442,0.011360,0.016374,0.015209,anodr
4826d10030b3.png,0.941967,0.014869,0.010765,0.015294,0.017105,anodr
4a05f81b3aba.png,0.936906,0.017864,0.011690,0.019922,0.013618,anodr
4a4cb731f91a.png,0.944738,0.013961,0.011532,0.015680,0.014089,anodr
4a589edaea60.png,0.948151,0.013069,0.013293,0.015046,0.010441,anodr
4ad8d3ec8789.png,0.942293,0.015912,0.012288,0.013328,0.016179,anodr
4d1e7def7624.png,0.936675,0.011701,0.024815,0.013526,0.013283,anodr
4dd4a4bf2421.png,0.941011,0.016094,0.010437,0.016186,0.016272,anodr
4e1e252317b5.png,0.924172,0.037692,0.011140,0.014674,0.012322,anodr
4fd5ec0dca09.png,0.940717,0.015785,0.012817,0.016773,0.013908,anodr
500aad15b7c8.png,0.942580,0.010498,0.018863,0.013145,0.014914,anodr
501c319f7a9f.png,0.940573,0.014386,0.012533,0.018196,0.014312,anodr
504a69096fcb.png,0.939606,0.013753,0.015525,0.016467,0.014649,anodr
5069feccd866.png,0.943427,0.012330,0.013968,0.014635,0.015640,anodr
50915e2329a1.png,0.942207,0.013987,0.011235,0.017689,0.014883,anodr
50916d67bb51.png,0.941548,0.015806,0.011901,0.016412,0.014332,anodr
50d8249f7bc9.png,0.938602,0.013315,0.012664,0.019010,0.016408,anodr
50ddd7d976df.png,0.939473,0.013794,0.014080,0.019065,0.013588,anodr
521b5377a727.png,0.942778,0.011395,0.010727,0.020047,0.015053,anodr
5257cb536da2.png,0.904602,0.057044,0.012148,0.017308,0.008898,anodr
5299a532f0e0.png,0.945150,0.014735,0.014076,0.014675,0.011363,anodr
52edbe29d655.png,0.943890,0.017795,0.013137,0.012399,0.012779,anodr
5321ab64f9ea.png,0.939546,0.014669,0.014080,0.016334,0.015371,anodr
53c874dbc594.png,0.943531,0.019184,0.013459,0.011595,0.012230,anodr
54038e56131d.png,0.942107,0.013085,0.015008,0.016021,0.013779,anodr
54f57cf26126.png,0.942182,0.014551,0.012305,0.015527,0.015435,anodr
5511f114e7ee.png,0.938102,0.013856,0.012550,0.018489,0.017004,anodr
555d0bef3c5b.png,0.940097,0.015720,0.011150,0.017237,0.015796,anodr
55f7f018c61c.png,0.940835,0.013641,0.012879,0.017460,0.015186,anodr
568455854a11.png,0.939908,0.015547,0.010966,0.018886,0.014693,anodr
586f5c56081e.png,0.940093,0.019005,0.010966,0.014602,0.015334,anodr
58a9e0d7f7af.png,0.943965,0.015589,0.014544,0.013467,0.012436,anodr
58eb3809f456.png,0.943867,0.011600,0.014402,0.015940,0.014190,anodr
58f07741ee3b.png,0.938977,0.013801,0.012811,0.017350,0.017061,anodr
59928f999ae7.png,0.943550,0.013529,0.011704,0.015019,0.016198,anodr
5995321563b7.png,0.939380,0.017019,0.012531,0.015981,0.015089,anodr
59bd19c1c5bb.png,0.942802,0.014302,0.011507,0.015486,0.015903,anodr
5a27b9b2a9c1.png,0.922485,0.031826,0.016140,0.017339,0.012211,anodr
5b1c4cefeb24.png,0.934492,0.022769,0.010767,0.018069,0.013902,anodr
5b994ff78547.png,0.942642,0.017503,0.010273,0.014399,0.015183,anodr
5ba156a35ff2.png,0.942226,0.011805,0.016286,0.016083,0.013599,anodr
5baed382f062.png,0.931190,0.029248,0.012673,0.013926,0.012962,anodr
5c85d22bd0de.png,0.903423,0.056067,0.010246,0.017978,0.012286,anodr
5ca73d28f17f.png,0.942349,0.014513,0.012195,0.016150,0.014793,anodr
5cbe88914a72.png,0.941089,0.014046,0.013881,0.016288,0.014696,anodr
5d4e5fd34d91.png,0.939760,0.019038,0.010744,0.015820,0.014638,anodr
5de4615a5161.png,0.941525,0.015205,0.009974,0.017433,0.015864,anodr
5e505e25cd3e.png,0.939517,0.011916,0.016142,0.016953,0.015472,anodr
5e97cb2b0888.png,0.937238,0.014160,0.010743,0.023972,0.013887,anodr
5f6db235c04d.png,0.944183,0.013142,0.013846,0.015093,0.013736,anodr
609be3ca5ddf.png,0.944156,0.015891,0.010814,0.016487,0.012652,anodr
60aa4e649abf.png,0.944715,0.012415,0.013402,0.015332,0.014136,anodr
6180920bc224.png,0.886328,0.070899,0.012595,0.011730,0.018449,anodr
61a62b1dcc36.png,0.940145,0.013131,0.015379,0.015180,0.016165,anodr
61da799bf0aa.png,0.894571,0.071127,0.007264,0.011747,0.015291,anodr
628b581aa905.png,0.932848,0.013882,0.017647,0.017841,0.017782,anodr
6294b378d09f.png,0.935245,0.024298,0.009947,0.018937,0.011573,anodr
633fe9dbaf39.png,0.937005,0.020134,0.022317,0.011664,0.008879,anodr
63b71347e95d.png,0.939862,0.015652,0.010751,0.017271,0.016465,anodr
63e041a757eb.png,0.940682,0.012027,0.018366,0.015355,0.013569,anodr
6504b703c429.png,0.946659,0.015181,0.012121,0.014420,0.011619,anodr
65a3b13ad9a0.png,0.019882,0.923470,0.027722,0.013283,0.015642,bmilddr
65a7fe9482fe.png,0.940808,0.015519,0.013562,0.014558,0.015553,anodr
65dda202653d.png,0.937378,0.022966,0.013664,0.011989,0.014003,anodr
66393d8c60ba.png,0.940009,0.015064,0.013497,0.016277,0.015153,anodr
66b88a4bc474.png,0.939123,0.013371,0.013136,0.017740,0.016631,anodr
68ddb15a74de.png,0.939608,0.018939,0.011333,0.016734,0.013386,anodr
69b3a00927fc.png,0.943002,0.014011,0.010813,0.016594,0.015579,anodr
69c4cbb630de.png,0.938776,0.016923,0.011354,0.017853,0.015094,anodr
6a2642131e4a.png,0.942018,0.014919,0.011283,0.015599,0.016181,anodr
6a57a3db3eff.png,0.941880,0.014381,0.011221,0.016042,0.016475,anodr
6a905a7202d2.png,0.942183,0.020238,0.010946,0.014930,0.011704,anodr
6b30767595d8.png,0.935980,0.011373,0.019447,0.017517,0.015683,anodr
6b66b0e86f7e.png,0.940331,0.014735,0.011450,0.016859,0.016624,anodr
6bf2a81a5d91.png,0.938986,0.011948,0.017298,0.014515,0.017254,anodr
6c6505a0c637.png,0.941808,0.013287,0.014245,0.014364,0.016296,anodr
6d4f6c9a8406.png,0.936712,0.017497,0.014357,0.017554,0.013881,anodr
6d5a8362dd1e.png,0.945253,0.013847,0.014039,0.013333,0.013528,anodr
6d9effbcde78.png,0.945188,0.011460,0.012357,0.016671,0.014324,anodr
6dc0281f11e3.png,0.948888,0.014103,0.012392,0.013177,0.011440,anodr
6df8b7b6e837.png,0.941153,0.016538,0.011444,0.015232,0.015633,anodr
6e0f78e188ff.png,0.941435,0.012927,0.014960,0.015704,0.014974,anodr
6e1db8711879.png,0.940390,0.013019,0.013079,0.017562,0.015950,anodr
6fbaaf8eb67a.png,0.944639,0.013002,0.010760,0.018150,0.013449,anodr
7131bf4c9e6f.png,0.940961,0.021031,0.010120,0.017668,0.010220,anodr
726dff37edc0.png,0.941347,0.010860,0.014988,0.022286,0.010519,anodr
735836b1ffa6.png,0.034089,0.735248,0.166004,0.050768,0.013891,bmilddr
737ef6226677.png,0.940814,0.018370,0.011530,0.016059,0.013226,anodr
73d40ce06a67.png,0.940582,0.012879,0.015518,0.016744,0.014277,anodr
73ef3c3dcbe4.png,0.946156,0.010806,0.012438,0.017750,0.012851,anodr
74211a2b6dcf.png,0.939703,0.008880,0.024131,0.016278,0.011007,anodr
74898f372d2b.png,0.943152,0.012162,0.013249,0.016842,0.014595,anodr
757e39293591.png,0.943403,0.014386,0.012571,0.013048,0.016593,anodr
75a071608ea6.png,0.939275,0.016017,0.012152,0.017059,0.015497,anodr
76516f828d88.png,0.945142,0.009922,0.012449,0.014712,0.017776,anodr
76bc31e0d3be.png,0.940368,0.013198,0.012512,0.016301,0.017621,anodr
76cab26493f1.png,0.943569,0.014384,0.009256,0.018345,0.014447,anodr
76cb010f7aa0.png,0.938844,0.016439,0.011710,0.016653,0.016354,anodr
780f9c237c56.png,0.940600,0.016956,0.010049,0.017411,0.014983,anodr
7831ce1d895e.png,0.943754,0.013894,0.010332,0.015818,0.016201,anodr
789f0ec1eab8.png,0.940936,0.019584,0.008653,0.015500,0.015327,anodr
79ade634c633.png,0.941781,0.014563,0.013531,0.013274,0.016851,anodr
7a06ea127e02.png,0.938001,0.014769,0.014912,0.017473,0.014845,anodr
7a12f49e29df.png,0.940144,0.013897,0.013665,0.017197,0.015097,anodr
7a9f45fdf29b.png,0.943541,0.013792,0.012020,0.015525,0.015122,anodr
7aabd768abff.png,0.944554,0.013121,0.010462,0.015583,0.016281,anodr
7ad0c4975890.png,0.800443,0.164258,0.008015,0.015108,0.012177,anodr
7af4d8704032.png,0.944051,0.013892,0.011285,0.014939,0.015834,anodr
7b691d9ced34.png,0.940589,0.015872,0.014726,0.015083,0.013730,anodr
7b9d519cbd66.png,0.943136,0.011076,0.013993,0.016520,0.015275,anodr
7ba6b23c4b46.png,0.944549,0.010818,0.014528,0.019137,0.010968,anodr
7bc00e58d419.png,0.941264,0.013797,0.013271,0.015109,0.016559,anodr
7da558d92100.png,0.942019,0.014285,0.012251,0.017432,0.014013,anodr
7ec0e61a7e29.png,0.942714,0.016904,0.009523,0.015181,0.015678,anodr
7f1f3269f546.png,0.940317,0.015538,0.011834,0.016727,0.015583,anodr
7fc3a8bb40de.png,0.941030,0.015981,0.012092,0.016502,0.014395,anodr
7fe7309d0b4f.png,0.939896,0.015855,0.014120,0.015303,0.014827,anodr
810ed108f5b7.png,0.941587,0.012917,0.013276,0.017567,0.014653,anodr
81914ceb4e74.png,0.934837,0.019488,0.012463,0.017252,0.015961,anodr
8329e80c10ac.png,0.939703,0.014491,0.014753,0.016356,0.014697,anodr
837acf120946.png,0.942732,0.009735,0.014322,0.016555,0.016656,anodr
83a63c4a3e4a.png,0.942415,0.014502,0.011825,0.015159,0.016098,anodr
83d81ba5959c.png,0.941657,0.012052,0.014064,0.016670,0.015557,anodr
83fda7c0500b.png,0.939890,0.014728,0.011471,0.017229,0.016681,anodr
840a06a9c690.png,0.941134,0.015051,0.014406,0.015087,0.014323,anodr
847b04287c9c.png,0.943673,0.016455,0.011178,0.014264,0.014430,anodr
84b88e8d3bca.png,0.939972,0.014650,0.011877,0.018273,0.015229,anodr
851e40a21f81.png,0.941203,0.012946,0.014030,0.016176,0.015645,anodr
8650d32f4a9e.png,0.939666,0.014608,0.013628,0.016966,0.015132,anodr
8693ab1fd2be.png,0.942991,0.013450,0.010555,0.019414,0.013589,anodr
875d2ffcbf47.png,0.942520,0.017344,0.009942,0.014578,0.015615,anodr
876deb29f000.png,0.941501,0.013350,0.012111,0.017123,0.015916,anodr
87b671c6d4c5.png,0.948068,0.016414,0.009348,0.013391,0.012779,anodr
883c6a184f16.png,0.930190,0.024750,0.013430,0.015735,0.015895,anodr
883ddb650967.png,0.942281,0.016571,0.012768,0.014745,0.013636,anodr
88e5051f65bd.png,0.940653,0.014825,0.013825,0.015842,0.014855,anodr
8af50c9d0a86.png,0.942341,0.012722,0.011723,0.018029,0.015186,anodr
8b079e79035f.png,0.950712,0.011190,0.016973,0.010320,0.010805,anodr
8bf2d925dc0c.png,0.939574,0.019166,0.011981,0.015750,0.013529,anodr
8c4ceddeb1c6.png,0.941987,0.013336,0.012499,0.015906,0.016272,anodr
8d13c46e7d75.png,0.815518,0.138974,0.018092,0.015556,0.011859,anodr
8d4ff745a409.png,0.942516,0.013630,0.013220,0.016997,0.013636,anodr
8e6df9eedcd8.png,0.940589,0.012347,0.012619,0.018750,0.015695,anodr
8e76054f0831.png,0.938257,0.017169,0.011210,0.017367,0.015997,anodr
8f06ca4642bd.png,0.939405,0.014265,0.012363,0.018680,0.015287,anodr
8f14bca04b47.png,0.938278,0.013346,0.013416,0.017859,0.017101,anodr
8fbb2ca39911.png,0.945241,0.014303,0.011367,0.015688,0.013401,anodr
90a9a41eec6d.png,0.947345,0.014913,0.012104,0.014850,0.010787,anodr
90bde2ff8953.png,0.939939,0.015961,0.012618,0.017252,0.014231,anodr
912fbe06407e.png,0.940535,0.016022,0.010210,0.017869,0.015365,anodr
916915f01e17.png,0.939836,0.016645,0.011992,0.016025,0.015501,anodr
91b7a4179ecf.png,0.940385,0.013519,0.011263,0.020710,0.014123,anodr
9274e75dc4d5.png,0.930189,0.026449,0.012784,0.016579,0.013999,anodr
92e3d608fd3c.png,0.940040,0.018864,0.009247,0.015584,0.016264,anodr
92fcf50b3562.png,0.939229,0.014208,0.013190,0.016936,0.016438,anodr
93802d1e3c41.png,0.941152,0.016547,0.009809,0.016230,0.016262,anodr
94076a9fb9b5.png,0.940267,0.020958,0.010345,0.015138,0.013293,anodr
946545473380.png,0.939992,0.015989,0.012011,0.016264,0.015743,anodr
949710bead24.png,0.944753,0.014179,0.013226,0.016526,0.011316,anodr
94b9ccc73bb9.png,0.937541,0.017705,0.011239,0.017717,0.015798,anodr
94f9ecf4b8d2.png,0.941439,0.012548,0.011122,0.020216,0.014675,anodr
96793edb1003.png,0.572245,0.029551,0.364045,0.027337,0.006821,anodr
96ea316ed0ab.png,0.938753,0.016546,0.011360,0.018849,0.014492,anodr
973b0facfa9b.png,0.941332,0.014389,0.012145,0.016013,0.016121,anodr
97fdee242fea.png,0.938290,0.013999,0.011200,0.019736,0.016775,anodr
983c98354e9c.png,0.941214,0.021731,0.012691,0.013026,0.011338,anodr
98441214557f.png,0.940037,0.016690,0.012327,0.015889,0.015057,anodr
98d41bce73a8.png,0.940929,0.014355,0.011867,0.018251,0.014597,anodr
99c626e58464.png,0.942112,0.013331,0.012953,0.015196,0.016408,anodr
9a1029536d78.png,0.939060,0.017853,0.011411,0.016653,0.015023,anodr
9ab18a4a957f.png,0.942156,0.013584,0.012357,0.017188,0.014716,anodr
9be71d6d7e59.png,0.916530,0.037191,0.013319,0.015921,0.017039,anodr
9c514d2d5b3f.png,0.940421,0.015256,0.012282,0.017369,0.014673,anodr
9ce46d400cd6.png,0.941330,0.013564,0.014377,0.016456,0.014273,anodr
9de9421f17e3.png,0.939690,0.014854,0.012917,0.017577,0.014961,anodr
9e2058917304.png,0.933490,0.023842,0.016313,0.014677,0.011678,anodr
9e5737f771c3.png,0.941109,0.012432,0.013729,0.016171,0.016559,anodr
9e99ae6ee7af.png,0.937733,0.017360,0.012121,0.016784,0.016001,anodr
9f1b14dfa14c.png,0.937503,0.020476,0.010645,0.017747,0.013628,anodr
a06b353e7bed.png,0.941962,0.014330,0.012148,0.016513,0.015047,anodr
a0fd94e2ad76.png,0.942110,0.014837,0.010297,0.015300,0.017456,anodr
a11c62cb3f86.png,0.942973,0.011798,0.014509,0.016396,0.014323,anodr
a12ca80bb8c7.png,0.941617,0.013869,0.012492,0.016018,0.016004,anodr
a188c60b93fb.png,0.941393,0.016089,0.011866,0.016024,0.014628,anodr
a1b28bcbce00.png,0.925183,0.022679,0.008359,0.028429,0.015350,anodr
a247961a5cd9.png,0.942479,0.013380,0.020436,0.010928,0.012778,anodr
a2b97d98f130.png,0.938572,0.018494,0.013291,0.015701,0.013942,anodr
a34fc5376669.png,0.947597,0.015463,0.016527,0.009512,0.010900,anodr
a419fcb2dfb5.png,0.940450,0.013684,0.012787,0.015660,0.017418,anodr
a44345b27804.png,0.938781,0.017812,0.019523,0.014113,0.009771,anodr
a484bdf85b4c.png,0.942311,0.017106,0.009707,0.015301,0.015573,anodr
a528be013a04.png,0.939621,0.015224,0.019979,0.011461,0.013715,anodr
a6356a3c5d11.png,0.941910,0.016924,0.011577,0.014297,0.015291,anodr
a673193cd5a9.png,0.942380,0.014879,0.013903,0.014432,0.014406,anodr
a6b6d27c1b32.png,0.938036,0.017122,0.012101,0.017800,0.014940,anodr
a70d0f12a641.png,0.936246,0.016957,0.018479,0.014772,0.013547,anodr
a73d012c4c38.png,0.945335,0.011132,0.018041,0.012890,0.012602,anodr
a8263d248523.png,0.743773,0.019706,0.178057,0.051113,0.007351,anodr
a8b637abd96b.png,0.931402,0.028799,0.006996,0.017772,0.015030,anodr
a94da3d3b5c0.png,0.939647,0.014658,0.013096,0.015375,0.017224,anodr
a963ac561580.png,0.940013,0.016109,0.013733,0.016133,0.014011,anodr
a9b3177f01c0.png,0.937302,0.010758,0.016913,0.018035,0.016992,anodr
a9bc2f892cb3.png,0.940318,0.018788,0.010711,0.015870,0.014313,anodr
aa4407aab872.png,0.938970,0.015483,0.014559,0.016538,0.014451,anodr
aa60813e1a8d.png,0.941326,0.014781,0.014305,0.015059,0.014529,anodr
aa6242f9e08c.png,0.941673,0.014548,0.011458,0.016065,0.016255,anodr
aa8a1e814811.png,0.947240,0.014880,0.014315,0.012201,0.011364,anodr
aaaadb174012.png,0.943630,0.013033,0.012964,0.016650,0.013722,anodr
aafb0c944f14.png,0.938438,0.014524,0.013142,0.018320,0.015576,anodr
abbb8791785e.png,0.940570,0.016155,0.014026,0.014829,0.014420,anodr
abe940882578.png,0.944216,0.013309,0.014070,0.014868,0.013537,anodr
ad029ba7fa8b.png,0.941452,0.013969,0.012070,0.017619,0.014891,anodr
ad12cde115ab.png,0.940162,0.011941,0.016209,0.016105,0.015583,anodr
ad1aa75d5630.png,0.943653,0.014396,0.012176,0.014676,0.015098,anodr
ad6b07d5c338.png,0.945101,0.012081,0.012885,0.015935,0.013998,anodr
ad93d88c87ea.png,0.941146,0.014336,0.011661,0.016749,0.016108,anodr
ae2c3f6312ef.png,0.939148,0.018193,0.010935,0.017699,0.014025,anodr
ae49cc60f251.png,0.941588,0.012549,0.014633,0.016750,0.014480,anodr
ae61e19fb766.png,0.940622,0.013251,0.011611,0.017623,0.016894,anodr
ae94ce412de9.png,0.942779,0.013135,0.015772,0.017138,0.011176,anodr
aeb6f4fd2eed.png,0.940414,0.017384,0.011927,0.015281,0.014994,anodr
aec51513cf45.png,0.938313,0.014407,0.011849,0.018273,0.017159,anodr
af6166d57f13.png,0.939989,0.015079,0.012380,0.017496,0.015055,anodr
afc744fad65e.png,0.939553,0.014866,0.013108,0.015936,0.016537,anodr
b0c9a492e068.png,0.941204,0.014401,0.012626,0.016830,0.014940,anodr
b0f0fa677d5f.png,0.938464,0.014985,0.014714,0.016634,0.015203,anodr
b1c6f0997e27.png,0.944061,0.014406,0.020306,0.011424,0.009803,anodr
b21abe5d9722.png,0.941981,0.015072,0.011426,0.019409,0.012112,anodr
b294927b14b0.png,0.940140,0.015022,0.010522,0.016822,0.017495,anodr
b35cad8fe2d7.png,0.909011,0.034232,0.022425,0.017246,0.017086,anodr
b43440c6ebe4.png,0.940884,0.018377,0.010949,0.015425,0.014364,anodr
b4b04d81acbb.png,0.945364,0.014799,0.013469,0.013046,0.013321,anodr
b549af91bd30.png,0.940811,0.015021,0.010421,0.015755,0.017991,anodr
b553e7909535.png,0.940045,0.019514,0.010653,0.014641,0.015147,anodr
b5a3ca5c0a80.png,0.942881,0.016723,0.011787,0.014995,0.013613,anodr
b5bf7b84fc66.png,0.941332,0.013637,0.013295,0.016519,0.015217,anodr
b69c224edd6e.png,0.937123,0.015148,0.019776,0.017718,0.010236,anodr
b72a86d61959.png,0.938451,0.019830,0.009092,0.016598,0.016029,anodr
b73d0bcd3d33.png,0.945216,0.014487,0.011657,0.014043,0.014597,anodr
b7bd4a6627b6.png,0.939472,0.014119,0.015328,0.016509,0.014572,anodr
b86fb2d5be1a.png,0.942685,0.012077,0.013949,0.016729,0.014559,anodr
b9519abce0c1.png,0.943860,0.011829,0.015614,0.016979,0.011718,anodr
b9bc81fcb075.png,0.942239,0.015821,0.009691,0.016295,0.015954,anodr
ba0107fb1bfd.png,0.941975,0.017247,0.009636,0.014844,0.016297,anodr
ba4e62c11cc0.png,0.938417,0.014479,0.013406,0.018128,0.015570,anodr
bacfa2b8e706.png,0.940342,0.022916,0.016212,0.011394,0.009136,anodr
badb5ff8d3c7.png,0.347549,0.614064,0.010241,0.014202,0.013944,bmilddr
bb2f89488ecd.png,0.943012,0.013382,0.014257,0.016104,0.013245,anodr
bc8c6a778cde.png,0.939176,0.014256,0.012073,0.019029,0.015466,anodr
bd500a73beae.png,0.942670,0.014496,0.010629,0.016997,0.015209,anodr
bdc6c60e9133.png,0.940249,0.010392,0.016809,0.018671,0.013878,anodr
be3a7d9e981e.png,0.942156,0.015424,0.011633,0.013832,0.016956,anodr
be521870a0ea.png,0.947120,0.010619,0.011022,0.016841,0.014397,anodr
be8697eb2078.png,0.941956,0.016399,0.009575,0.015930,0.016140,anodr
bebfbd907cac.png,0.940937,0.016506,0.011739,0.016672,0.014146,anodr
bf811911acf9.png,0.941757,0.013868,0.011416,0.017502,0.015457,anodr
bffca6eeb2bf.png,0.938072,0.015362,0.011121,0.018059,0.017386,anodr
c096131ad065.png,0.942395,0.014508,0.013022,0.016013,0.014062,anodr
c1437a7a52c9.png,0.923609,0.034246,0.015842,0.013031,0.013272,anodr
c26f98f58350.png,0.942840,0.013136,0.011449,0.017420,0.015156,anodr
c2f3281cf528.png,0.942750,0.017145,0.011558,0.015315,0.013232,anodr
c365c598ad4e.png,0.939384,0.018404,0.009727,0.015744,0.016741,anodr
c3789c1dab96.png,0.942804,0.011770,0.014524,0.017179,0.013723,anodr
c3b15bf9b4bc.png,0.939328,0.016003,0.011714,0.015979,0.016977,anodr
c56293f53191.png,0.938305,0.021018,0.009675,0.015973,0.015029,anodr
c58971bcebb2.png,0.947378,0.010600,0.012308,0.015445,0.014269,anodr
c5bec7f1e5f3.png,0.938286,0.013879,0.015724,0.016398,0.015713,anodr
c6229222bf22.png,0.942979,0.015750,0.012169,0.015603,0.013499,anodr
c62cef02efa2.png,0.940625,0.014671,0.012978,0.016706,0.015019,anodr
c639d837f5e4.png,0.941822,0.014469,0.009588,0.017659,0.016461,anodr
c6f5b5b5be41.png,0.942057,0.013061,0.015296,0.015080,0.014505,anodr
c755a0c4edcc.png,0.938187,0.013027,0.014352,0.017592,0.016842,anodr
c7c3d363bc86.png,0.944849,0.014757,0.015275,0.014604,0.010515,anodr
c81c6911f5e0.png,0.941203,0.014708,0.010706,0.016886,0.016497,anodr
c85b79d70079.png,0.944936,0.012819,0.016438,0.013144,0.012664,anodr
c90c6b94cf40.png,0.913955,0.026071,0.035050,0.013040,0.011885,anodr
c98f623d08d1.png,0.941972,0.013568,0.013227,0.016581,0.014651,anodr
c9e697117f3f.png,0.940739,0.015673,0.009812,0.016851,0.016926,anodr
ca05f7e7801b.png,0.941315,0.016367,0.009721,0.015683,0.016913,anodr
cad5b1a82e60.png,0.941489,0.015898,0.014882,0.013486,0.014245,anodr
cb0cc98d7e35.png,0.822434,0.108616,0.011100,0.039185,0.018665,anodr
cb68fce07789.png,0.939769,0.016968,0.011108,0.016386,0.015768,anodr
cc671a73e1cb.png,0.941249,0.014995,0.012697,0.016687,0.014372,anodr
cd01672507c9.png,0.933263,0.013323,0.022047,0.019969,0.011398,anodr
cd1c98ec48b1.png,0.942226,0.012890,0.018774,0.013937,0.012173,anodr
cd314653a4d8.png,0.937424,0.013238,0.014714,0.018206,0.016418,anodr
ce754234d760.png,0.942431,0.014918,0.014800,0.014260,0.013591,anodr
ce8d2efd9d4f.png,0.943166,0.013329,0.016608,0.013866,0.013031,anodr
cec299c2a2d5.png,0.939378,0.011327,0.015113,0.016992,0.017190,anodr
cf6551521a35.png,0.942729,0.011591,0.018449,0.012382,0.014849,anodr
cf8f1bc7a215.png,0.628444,0.045437,0.301089,0.015790,0.009239,anodr
cfed7c1172ec.png,0.945539,0.015519,0.011194,0.015871,0.011877,anodr
cff262ed8f4c.png,0.930069,0.009152,0.034734,0.012203,0.013841,anodr
d02b79fc3200.png,0.939734,0.016034,0.015586,0.014544,0.014102,anodr
d18f6431ebce.png,0.937178,0.014980,0.014534,0.017733,0.015575,anodr
d1afdb8cf70d.png,0.941166,0.015086,0.010479,0.015927,0.017342,anodr
d1ca85af57c9.png,0.937759,0.016156,0.011233,0.017817,0.017035,anodr
d26bb2ed6e71.png,0.944188,0.013880,0.011745,0.015793,0.014394,anodr
d26bc6e1230d.png,0.943198,0.014087,0.012504,0.016575,0.013637,anodr
d27ac9e54901.png,0.939730,0.014959,0.013622,0.016629,0.015060,anodr
d2c5fb82fe5f.png,0.939788,0.014285,0.011685,0.017763,0.016480,anodr
d2fb715b0c41.png,0.941709,0.015787,0.012271,0.016034,0.014200,anodr
d30d079e6f9a.png,0.940992,0.014656,0.015661,0.017932,0.010759,anodr
d332d7b8a26e.png,0.939431,0.019528,0.012302,0.014988,0.013751,anodr
d38cf0f4a9af.png,0.947186,0.016612,0.009040,0.012495,0.014667,anodr
d39752cb6e57.png,0.940241,0.014929,0.011107,0.017000,0.016722,anodr
d3dfd0a2dee6.png,0.944073,0.014682,0.011773,0.013825,0.015646,anodr
d4583e9525dc.png,0.944081,0.013755,0.012550,0.014032,0.015582,anodr
d4bc001f7224.png,0.945009,0.010915,0.013470,0.015666,0.014940,anodr
d516f77d4516.png,0.941489,0.013890,0.012360,0.016171,0.016090,anodr
d51e5d7484ea.png,0.941887,0.014457,0.011277,0.016136,0.016242,anodr
d6130f2ec903.png,0.937799,0.018498,0.009515,0.023429,0.010758,anodr
d667af5742f6.png,0.921771,0.041467,0.008017,0.014379,0.014365,anodr
d69698f838db.png,0.939845,0.017685,0.012078,0.016018,0.014374,anodr
d6f6bdfd8011.png,0.942804,0.015803,0.009900,0.015726,0.015767,anodr
d7078e8b0349.png,0.940496,0.012117,0.014066,0.016648,0.016673,anodr
d74ccc796517.png,0.945001,0.015948,0.014371,0.013813,0.010867,anodr
d7ac4a0c9760.png,0.944146,0.014768,0.012507,0.014379,0.014200,anodr
d7bc62d60e8c.png,0.942398,0.014966,0.010505,0.016796,0.015335,anodr
d807c53c1399.png,0.940289,0.014494,0.014122,0.016320,0.014776,anodr
d866c26d76f0.png,0.941997,0.014326,0.013377,0.015202,0.015098,anodr
d91635f380b4.png,0.940982,0.012523,0.014513,0.013865,0.018118,anodr
d93b61dc8f64.png,0.924465,0.011015,0.038510,0.017044,0.008966,anodr
d97911a32918.png,0.945472,0.012671,0.014252,0.013816,0.013790,anodr
da0a83f074f3.png,0.937265,0.015026,0.013543,0.018736,0.015430,anodr
da9574d35b82.png,0.942258,0.013590,0.010657,0.017485,0.016009,anodr
daad7b617f21.png,0.946118,0.014739,0.013302,0.015721,0.010121,anodr
db3cd58aa315.png,0.941996,0.012816,0.012658,0.016344,0.016186,anodr
dc0f6e5b489b.png,0.941343,0.016173,0.011021,0.015758,0.015706,anodr
dcc6c0ad5cad.png,0.936106,0.027783,0.013436,0.011313,0.011362,anodr
dccdf750c962.png,0.940364,0.017144,0.009485,0.016141,0.016867,anodr
dcf109df1a2b.png,0.937201,0.014607,0.011891,0.018774,0.017527,anodr
ddb222ff7c1d.png,0.940799,0.015269,0.011712,0.015479,0.016741,anodr
de4cdabbce6d.png,0.942429,0.012166,0.014832,0.015952,0.014621,anodr
de55ed25e0e8.png,0.942456,0.014735,0.014080,0.014741,0.013988,anodr
de57c9e9fa93.png,0.942195,0.016381,0.010800,0.013088,0.017535,anodr
dee31065f8fe.png,0.940259,0.015323,0.012431,0.016296,0.015691,anodr
df0886f1e76b.png,0.939351,0.013255,0.012992,0.017482,0.016921,anodr
e01b7bac822b.png,0.942653,0.012354,0.014441,0.017161,0.013391,anodr
e06cccc08c59.png,0.939352,0.015021,0.013911,0.017327,0.014388,anodr
e135d7ba9a0e.png,0.941170,0.018334,0.010142,0.016107,0.014246,anodr
e1c02f6c3362.png,0.943852,0.015078,0.011323,0.014730,0.015018,anodr
e3cd96cb094c.png,0.939102,0.013339,0.014055,0.016888,0.016616,anodr
e47452069ea1.png,0.945869,0.015652,0.012837,0.013066,0.012575,anodr
e4a44f9158dc.png,0.938200,0.018030,0.013012,0.016787,0.013970,anodr
e4ae1ee6aada.png,0.942203,0.015616,0.008890,0.017013,0.016278,anodr
e529c5757d64.png,0.941671,0.015987,0.010843,0.016653,0.014845,anodr
e582e56e7942.png,0.939181,0.017315,0.013229,0.016357,0.013919,anodr
e594c19e2e1d.png,0.943423,0.013947,0.013431,0.015090,0.014110,anodr
e68746d426b2.png,0.945004,0.012183,0.012661,0.017282,0.012870,anodr
e6a5e4718873.png,0.938499,0.017418,0.010549,0.016843,0.016691,anodr
e77a93c3d9a9.png,0.941461,0.012408,0.012711,0.017228,0.016191,anodr
e893e86dde94.png,0.940751,0.014984,0.013525,0.017688,0.013051,anodr
e8e44b3160e3.png,0.941531,0.017917,0.010113,0.015420,0.015020,anodr
e907d23cce3d.png,0.939855,0.011877,0.016691,0.016311,0.015266,anodr
e966850247f4.png,0.941040,0.016626,0.011721,0.017000,0.013612,anodr
e97ecf4355cb.png,0.939805,0.014155,0.013040,0.017104,0.015896,anodr
ea5c42a78979.png,0.944028,0.015702,0.012297,0.014452,0.013521,anodr
ea6a53e54d0f.png,0.936316,0.015208,0.013902,0.022007,0.012567,anodr
ea7e21bab610.png,0.940925,0.017581,0.011185,0.015182,0.015126,anodr
eabf421f94d0.png,0.947986,0.014490,0.011692,0.013696,0.012135,anodr
eae70f527755.png,0.941737,0.015925,0.010424,0.016359,0.015555,anodr
eb050765b323.png,0.940415,0.015693,0.012655,0.016069,0.015167,anodr
eb175669d789.png,0.941271,0.013856,0.011847,0.018634,0.014392,anodr
ebd96d853918.png,0.941354,0.014198,0.012242,0.017803,0.014403,anodr
ec01f0862669.png,0.939886,0.016092,0.012902,0.016122,0.014998,anodr
ec0c9f817b03.png,0.943372,0.015688,0.009158,0.015429,0.016353,anodr
ecad6845f630.png,0.942449,0.011949,0.014676,0.016735,0.014190,anodr
ee77763a6afb.png,0.941603,0.014686,0.011290,0.016800,0.015620,anodr
ef247f28004f.png,0.939513,0.013458,0.013483,0.017049,0.016497,anodr
ef4121e9bb67.png,0.941872,0.014004,0.012020,0.016844,0.015260,anodr
ef5155990874.png,0.946350,0.014615,0.011360,0.015901,0.011774,anodr
f0267c42907c.png,0.940894,0.021158,0.010008,0.013608,0.014331,anodr
f02956bd7c50.png,0.940521,0.012504,0.011740,0.017814,0.017422,anodr
f233638e0e90.png,0.899206,0.015248,0.007695,0.020276,0.057575,anodr
f36cb007a1ef.png,0.940104,0.015314,0.012939,0.015952,0.015691,anodr
f3a4751af42e.png,0.809441,0.098480,0.069861,0.012668,0.009551,anodr
f3bb996b45ce.png,0.939785,0.015149,0.013146,0.017180,0.014740,anodr
f451eee2b66b.png,0.940727,0.013818,0.013106,0.017566,0.014783,anodr
f48241b0c995.png,0.942646,0.013451,0.012840,0.015725,0.015339,anodr
f4c7ae514c54.png,0.940008,0.013405,0.013135,0.018702,0.014749,anodr
f56ff0440ed1.png,0.939436,0.012140,0.012626,0.020257,0.015541,anodr
f7116e7b2f4e.png,0.943885,0.014606,0.011265,0.014607,0.015637,anodr
f7735b6d47f7.png,0.943806,0.014163,0.011695,0.016053,0.014283,anodr
f7e9fa75c7c1.png,0.941837,0.012604,0.015103,0.016052,0.014404,anodr
f819c65b803c.png,0.944080,0.011931,0.016677,0.011730,0.015582,anodr
f85fd4fac887.png,0.948545,0.011194,0.012937,0.014216,0.013108,anodr
f8d62557ad0c.png,0.944452,0.013787,0.013884,0.016887,0.010990,anodr
f9d8ff3e6592.png,0.941147,0.013537,0.011905,0.017982,0.015431,anodr
fa0c87bd75ce.png,0.941105,0.013697,0.012853,0.017186,0.015159,anodr
fa573163dd8b.png,0.941990,0.015087,0.010902,0.016673,0.015347,anodr
fb88783de055.png,0.943834,0.011680,0.015817,0.014350,0.014319,anodr
fbdc796290d4.png,0.941109,0.017177,0.011079,0.016027,0.014608,anodr
fc898dfeb24f.png,0.945385,0.010447,0.014538,0.014626,0.015004,anodr
fcc32dffd24d.png,0.942347,0.012413,0.011699,0.017918,0.015623,anodr
fd079d2e93a2.png,0.939582,0.015415,0.010314,0.017769,0.016921,anodr
fd87b6b2e664.png,0.943194,0.012000,0.013662,0.016921,0.014224,anodr
fdbc252813b1.png,0.939961,0.015732,0.012667,0.017269,0.014370,anodr
fe3f62695b2d.png,0.945848,0.013027,0.015851,0.013566,0.011707,anodr
febfb20dc311.png,0.940106,0.015468,0.010884,0.018193,0.015348,anodr
ff1e940105f9.png,0.944766,0.016032,0.010238,0.013363,0.015601,anodr
ff4832d55461.png,0.943701,0.011587,0.013890,0.014646,0.016175,anodr
ff59d44a70a7.png,0.940493,0.017673,0.012319,0.014920,0.014595,anodr
ff631653374e.png,0.941435,0.017771,0.012160,0.015060,0.013575,anodr
0369f3efe69b.png,0.020011,0.036117,0.929185,0.009718,0.004969,cmoderatedr
03e25101e8e8.png,0.011410,0.106755,0.840422,0.036981,0.004432,cmoderatedr
04ac765f91a1.png,0.010624,0.954965,0.014140,0.010101,0.010171,bmilddr
07929d32b5b3.png,0.008099,0.034608,0.892361,0.052297,0.012635,cmoderatedr
07a1c7073982.png,0.008050,0.069701,0.873215,0.041006,0.008027,cmoderatedr
086d41d17da8.png,0.008921,0.960632,0.013459,0.010411,0.006577,bmilddr
0ad7f631dedb.png,0.003764,0.240637,0.683736,0.054630,0.017232,cmoderatedr
0d310aba6373.png,0.028024,0.061558,0.832854,0.073586,0.003978,cmoderatedr
1116271db4ea.png,0.016948,0.023002,0.910426,0.033347,0.016276,cmoderatedr
12ce6a1a1f31.png,0.018902,0.347876,0.616600,0.010022,0.006599,cmoderatedr
1a03a7970337.png,0.033654,0.922678,0.011541,0.020921,0.011206,bmilddr
1bb0ddfe753a.png,0.009865,0.067396,0.899104,0.018358,0.005277,cmoderatedr
27e4c800a449.png,0.005820,0.940456,0.020042,0.014650,0.019032,bmilddr
28f98cfe3858.png,0.018192,0.032999,0.935808,0.007565,0.005435,cmoderatedr
2a08ed6bbcbc.png,0.006244,0.150658,0.783413,0.043237,0.016448,cmoderatedr
2d9d97a6e713.png,0.015374,0.925862,0.035632,0.010312,0.012820,bmilddr
2f2e1949ad56.png,0.010360,0.952502,0.010162,0.014081,0.012895,bmilddr
33105f9b3a04.png,0.010804,0.956325,0.016362,0.006997,0.009513,bmilddr
35aa7f5c2ec0.png,0.006310,0.061208,0.894680,0.029420,0.008382,cmoderatedr
365f8c01d994.png,0.040785,0.382391,0.561504,0.004854,0.010465,cmoderatedr
36677b70b1ef.png,0.009098,0.946386,0.031593,0.005792,0.007131,bmilddr
38b9bb961847.png,0.004998,0.033316,0.937403,0.011545,0.012738,cmoderatedr
3c72f580d4ba.png,0.006611,0.866961,0.103414,0.013189,0.009825,bmilddr
3dbc90c7ee7d.png,0.007366,0.033965,0.823359,0.067447,0.067863,cmoderatedr
3de8ad4151e1.png,0.146150,0.805207,0.009396,0.012906,0.026341,bmilddr
3f73c91b7e32.png,0.007198,0.940748,0.026600,0.013139,0.012315,bmilddr
40e9b5630438.png,0.058981,0.911557,0.008639,0.008986,0.011838,bmilddr
4661006f3ba6.png,0.015800,0.948889,0.009055,0.013740,0.012517,bmilddr
495255c7492f.png,0.007158,0.186615,0.777903,0.020846,0.007479,cmoderatedr
4c129470cec4.png,0.006265,0.844594,0.067644,0.013150,0.068348,bmilddr
4c3c1ed09771.png,0.019075,0.246705,0.720350,0.009595,0.004275,cmoderatedr
4fa26d065ad3.png,0.011827,0.962600,0.015154,0.006641,0.003779,bmilddr
50840c36f0b4.png,0.865338,0.032292,0.084717,0.012338,0.005315,anodr
51131b48f9d4.png,0.013259,0.032473,0.906527,0.031394,0.016347,cmoderatedr
