filename,prob_anodr,prob_bmilddr,prob_cmoderatedr,prob_dseveredr,prob_eproliferativedr,pred_class
anodr/20051020_43808_0100_PP_967.png,0.910811,0.029466,0.018983,0.022565,0.018175,anodr
anodr/20051020_44261_0100_PP_1191.png,0.915477,0.026001,0.020060,0.019914,0.018548,anodr
anodr/20051020_44284_0100_PP_502.png,0.922244,0.020635,0.018866,0.019906,0.018349,anodr
anodr/20051020_44338_0100_PP_547.png,0.905342,0.035382,0.021262,0.020998,0.017017,anodr
anodr/20051020_44400_0100_PP_920.png,0.909175,0.037440,0.017115,0.021691,0.014579,anodr
anodr/20051020_44431_0100_PP_514.png,0.907534,0.032942,0.025740,0.017463,0.016322,anodr
anodr/20051020_44692_0100_PP_419.png,0.914705,0.026908,0.028360,0.014894,0.015133,anodr
anodr/20051020_44714_0100_PP_1199.png,0.913098,0.029861,0.016821,0.021766,0.018454,anodr
anodr/20051020_44982_0100_PP_486.png,0.462378,0.398446,0.106977,0.020208,0.011990,anodr
anodr/20051020_56791_0100_PP_1185.png,0.917034,0.029984,0.015526,0.021516,0.015940,anodr
anodr/20051020_57157_0100_PP_971.png,0.707451,0.213348,0.047421,0.019241,0.012539,anodr
anodr/20051020_57967_0100_PP_829.png,0.930956,0.017054,0.017280,0.020551,0.014159,anodr
anodr/20051020_58065_0100_PP_561.png,0.929119,0.019296,0.014646,0.022024,0.014915,anodr
anodr/20051020_61757_0100_PP_484.png,0.934021,0.014323,0.017447,0.020848,0.013361,anodr
anodr/20051020_62461_0100_PP_76.png,0.773607,0.076031,0.096268,0.025202,0.028892,anodr
anodr/20051020_62510_0100_PP_106.png,0.510914,0.110895,0.262497,0.037123,0.078570,anodr
anodr/20051020_62577_0100_PP_479.png,0.919470,0.024550,0.017855,0.023598,0.014527,anodr
anodr/20051020_62615_0100_PP_294.png,0.914013,0.027968,0.017623,0.023257,0.017140,anodr
anodr/20051020_63269_0100_PP_1183.png,0.905749,0.032305,0.019612,0.023702,0.018631,anodr
anodr/20051020_63337_0100_PP_471.png,0.908127,0.042383,0.014780,0.019288,0.015422,anodr
anodr/20051020_64249_0100_PP_1004.png,0.924406,0.022638,0.016491,0.021907,0.014558,anodr
anodr/20051020_64388_0100_PP_1194.png,0.920394,0.021953,0.017753,0.023850,0.016050,anodr
anodr/20051020_64653_0100_PP_124.png,0.920356,0.023686,0.017881,0.021401,0.016677,anodr
anodr/20051020_64775_0100_PP_480.png,0.925977,0.021710,0.018578,0.019060,0.014676,anodr
anodr/20051020_64836_0100_PP_1270.png,0.923631,0.022054,0.018461,0.019659,0.016194,anodr
anodr/20051021_36380_0100_PP_135.png,0.919389,0.029655,0.016159,0.020888,0.013909,anodr
anodr/20051021_36476_0100_PP_1243.png,0.917383,0.023517,0.017792,0.024823,0.016485,anodr
anodr/20051021_39845_0100_PP_315.png,0.897410,0.033275,0.021464,0.026884,0.020966,anodr
anodr/20051021_39914_0100_PP_1352.png,0.908350,0.029816,0.019434,0.025510,0.016889,anodr
anodr/20051021_51418_0100_PP_18.png,0.909299,0.028469,0.019241,0.023718,0.019273,anodr
anodr/20051021_51476_0100_PP_150.png,0.919958,0.030870,0.019217,0.015721,0.014234,anodr
anodr/20051021_51936_0100_PP_1379.png,0.890507,0.049812,0.018433,0.024275,0.016973,anodr
anodr/20051021_51994_0100_PP_1283.png,0.904782,0.036720,0.017697,0.022449,0.018351,anodr
anodr/20051021_57798_0100_PP_1322.png,0.912237,0.028663,0.022575,0.020544,0.015981,anodr
anodr/20051021_57862_0100_PP_372.png,0.915890,0.032181,0.017944,0.019185,0.014799,anodr
anodr/20051021_57975_0100_PP_517.png,0.913715,0.021506,0.035599,0.016631,0.012549,anodr
anodr/20051021_58035_0100_PP_1138.png,0.917905,0.023850,0.029709,0.013368,0.015168,anodr
anodr/20051021_58388_0100_PP_1300.png,0.923023,0.021349,0.017122,0.021655,0.016851,anodr
anodr/20051021_58522_0100_PP_50.png,0.918197,0.024057,0.017360,0.022292,0.018094,anodr
anodr/20051109_57843_0400_PP_1109.png,0.923941,0.030468,0.014378,0.017636,0.013578,anodr
anodr/20051109_59969_0400_PP_1079.png,0.913295,0.034065,0.014677,0.022679,0.015284,anodr
anodr/20051109_60031_0400_PP_528.png,0.904334,0.046324,0.019151,0.017853,0.012338,anodr
anodr/20051109_60136_0400_PP_905.png,0.911185,0.031552,0.018374,0.020502,0.018387,anodr
anodr/20051110_33960_0400_PP_35.png,0.914489,0.027006,0.018865,0.019082,0.020559,anodr
anodr/20051110_34013_0400_PP_151.png,0.912895,0.032653,0.027425,0.014883,0.012144,anodr
anodr/20051110_35239_0400_PP_836.png,0.918172,0.027576,0.016999,0.020328,0.016924,anodr
anodr/20051110_35279_0400_PP_1033.png,0.921723,0.026536,0.016968,0.020566,0.014208,anodr
anodr/20051110_35332_0400_PP_497.png,0.903112,0.049025,0.017546,0.018446,0.011871,anodr
anodr/20051110_37992_0400_PP_1043.png,0.899406,0.044861,0.020743,0.017971,0.017020,anodr
anodr/20051110_38111_0400_PP_429.png,0.839054,0.082791,0.034786,0.023610,0.019759,anodr
anodr/20051110_38156_0400_PP_477.png,0.888650,0.056931,0.022859,0.018355,0.013205,anodr
anodr/20051110_38280_0400_PP_83.png,0.918876,0.026344,0.017636,0.019258,0.017886,anodr
anodr/20051110_38313_0400_PP_1041.png,0.929231,0.019829,0.015844,0.018985,0.016111,anodr
anodr/20051110_38352_0400_PP_934.png,0.934868,0.016583,0.015600,0.018319,0.014630,anodr
anodr/20051110_38472_0400_PP_1127.png,0.910416,0.039420,0.018666,0.018436,0.013063,anodr
anodr/20051110_38507_0400_PP_1190.png,0.904383,0.044732,0.018203,0.019548,0.013134,anodr
anodr/20051116_43388_0400_PP_344.png,0.912049,0.033637,0.020022,0.018324,0.015967,anodr
anodr/20051116_43585_0400_PP_950.png,0.875846,0.061530,0.032542,0.016592,0.013490,anodr
anodr/20051116_43710_0400_PP_95.png,0.928475,0.022024,0.014974,0.018781,0.015747,anodr
anodr/20051116_43721_0400_PP_363.png,0.927006,0.022255,0.016517,0.017422,0.016800,anodr
anodr/20051116_43785_0400_PP_445.png,0.906426,0.039205,0.018326,0.021219,0.014823,anodr
anodr/20051116_43801_0400_PP_325.png,0.910712,0.034119,0.015748,0.022284,0.017137,anodr
anodr/20051116_44648_0400_PP_1036.png,0.920296,0.036134,0.013546,0.017887,0.012137,anodr
anodr/20051117_37042_0400_PP_1119.png,0.919525,0.035208,0.016080,0.016393,0.012794,anodr
anodr/20051117_37051_0400_PP_1136.png,0.917158,0.041104,0.013598,0.016941,0.011200,anodr
anodr/20051117_37078_0400_PP_559.png,0.929833,0.022434,0.018839,0.016406,0.012488,anodr
anodr/20051117_37100_0400_PP_1083.png,0.934377,0.016201,0.020104,0.014889,0.014429,anodr
anodr/20051117_37130_0400_PP_938.png,0.917700,0.027406,0.017603,0.018327,0.018964,anodr
anodr/20051117_37155_0400_PP_84.png,0.894492,0.042617,0.025902,0.016978,0.020012,anodr
anodr/20051117_37185_0400_PP_404.png,0.909224,0.040830,0.015519,0.020057,0.014371,anodr
anodr/20051117_37321_0400_PP_947.png,0.927473,0.025640,0.015932,0.017387,0.013568,anodr
anodr/20051130_53586_0400_PP_1121.png,0.921330,0.034421,0.014494,0.018197,0.011558,anodr
anodr/20051130_53623_0400_PP_894.png,0.918607,0.027898,0.022526,0.017226,0.013744,anodr
anodr/20051130_53663_0400_PP_510.png,0.930801,0.018506,0.015049,0.020338,0.015306,anodr
anodr/20051130_53991_0400_PP_277.png,0.919316,0.026253,0.017167,0.021071,0.016193,anodr
anodr/20051130_54030_0400_PP_946.png,0.920627,0.026438,0.016146,0.021242,0.015548,anodr
anodr/20051130_54077_0400_PP_1117.png,0.916701,0.033845,0.022063,0.014786,0.012604,anodr
anodr/20051130_54121_0400_PP_1281.png,0.925179,0.023398,0.019385,0.017162,0.014875,anodr
anodr/20051130_54257_0400_PP_506.png,0.951118,0.012224,0.015244,0.011568,0.009845,anodr
anodr/20051130_54301_0400_PP_93.png,0.908459,0.029118,0.033818,0.014217,0.014388,anodr
anodr/20051130_54323_0400_PP_978.png,0.871284,0.061115,0.018784,0.031971,0.016846,anodr
anodr/20051130_54476_0400_PP_394.png,0.919613,0.025342,0.019229,0.017754,0.018062,anodr
anodr/20051130_54498_0400_PP_1217.png,0.920647,0.025502,0.018461,0.018726,0.016664,anodr
anodr/20051130_54595_0400_PP_940.png,0.185797,0.608698,0.181664,0.006335,0.017506,bmilddr
anodr/20051130_54802_0400_PP_550.png,0.917095,0.026087,0.019090,0.020512,0.017216,anodr
anodr/20051130_54846_0400_PP_289.png,0.919058,0.024825,0.018621,0.020822,0.016673,anodr
anodr/20051130_54943_0400_PP_1044.png,0.920291,0.025920,0.018450,0.018486,0.016853,anodr
anodr/20051130_54956_0400_PP_875.png,0.923034,0.022108,0.017472,0.020007,0.017379,anodr
anodr/20051130_55004_0400_PP_1259.png,0.917304,0.032588,0.015447,0.020909,0.013752,anodr
anodr/20051130_55012_0400_PP_865.png,0.808202,0.108183,0.038446,0.020974,0.024195,anodr
anodr/20051130_55037_0400_PP_443.png,0.924305,0.025399,0.015540,0.019523,0.015234,anodr
anodr/20051130_55048_0400_PP_921.png,0.919507,0.026248,0.017093,0.020805,0.016347,anodr
anodr/20051130_55074_0400_PP_986.png,0.870826,0.056945,0.044484,0.015187,0.012558,anodr
anodr/20051130_55086_0400_PP_1152.png,0.860351,0.054855,0.041646,0.012162,0.030986,anodr
anodr/20051130_55107_0400_PP_316.png,0.921079,0.024026,0.019063,0.020807,0.015025,anodr
anodr/20051130_55160_0400_PP_1182.png,0.905990,0.045812,0.019346,0.017678,0.011173,anodr
anodr/20051130_55269_0400_PP_820.png,0.930783,0.026054,0.017361,0.015478,0.010325,anodr
anodr/20051130_55311_0400_PP_896.png,0.917449,0.030130,0.015672,0.020728,0.016022,anodr
anodr/20051130_55323_0400_PP_883.png,0.912302,0.032784,0.016060,0.022084,0.016770,anodr
anodr/20051130_55381_0400_PP_504.png,0.916436,0.024429,0.016452,0.023945,0.018738,anodr
anodr/20051130_55393_0400_PP_1251.png,0.924742,0.025016,0.017457,0.017452,0.015334,anodr
anodr/20051130_58716_0400_PP_355.png,0.927343,0.018381,0.019956,0.020083,0.014236,anodr
anodr/20051130_58824_0400_PP_1181.png,0.907273,0.015551,0.036300,0.020886,0.019990,anodr
anodr/20051130_58874_0400_PP_1359.png,0.922577,0.021678,0.016939,0.021336,0.017471,anodr
anodr/20051130_58888_0400_PP_284.png,0.924369,0.020004,0.016817,0.020565,0.018245,anodr
anodr/20051130_58962_0400_PP_973.png,0.901870,0.045394,0.018776,0.019340,0.014620,anodr
anodr/20051130_58998_0400_PP_543.png,0.922008,0.018394,0.019933,0.021845,0.017820,anodr
anodr/20051130_59029_0400_PP_270.png,0.935905,0.014814,0.015795,0.018556,0.014930,anodr
anodr/20051130_59186_0400_PP_350.png,0.920385,0.024508,0.018437,0.019565,0.017105,anodr
anodr/20051130_59284_0400_PP_853.png,0.920296,0.024429,0.017763,0.019863,0.017649,anodr
anodr/20051130_59374_0400_PP_410.png,0.914817,0.029208,0.016852,0.024656,0.014467,anodr
anodr/20051130_59404_0400_PP_392.png,0.912645,0.026232,0.017896,0.029295,0.013931,anodr
anodr/20051130_59457_0400_PP_1053.png,0.925161,0.022623,0.016540,0.020036,0.015640,anodr
anodr/20051130_59464_0400_PP_1141.png,0.922363,0.023264,0.016702,0.021956,0.015714,anodr
anodr/20051130_59749_0400_PP_965.png,0.918205,0.028963,0.016765,0.021390,0.014678,anodr
anodr/20051130_59775_0400_PP_1224.png,0.914209,0.033381,0.018778,0.018811,0.014820,anodr
anodr/20051130_59793_0400_PP_926.png,0.906795,0.033888,0.017603,0.023144,0.018571,anodr
anodr/20051130_59802_0400_PP_430.png,0.904638,0.038241,0.016599,0.024211,0.016311,anodr
anodr/20051130_59850_0400_PP_36.png,0.930646,0.019693,0.014879,0.021098,0.013684,anodr
anodr/20051130_59869_0400_PP_520.png,0.929201,0.017929,0.015966,0.022323,0.014582,anodr
anodr/20051130_59964_0400_PP_312.png,0.925077,0.028583,0.015934,0.017611,0.012795,anodr
anodr/20051130_59993_0400_PP_439.png,0.793049,0.098843,0.078409,0.015979,0.013720,anodr
anodr/20051130_60040_0400_PP_1355.png,0.922903,0.029243,0.014447,0.020862,0.012544,anodr
anodr/20051130_60066_0400_PP_1170.png,0.930026,0.023584,0.013183,0.024485,0.008722,anodr
anodr/20051130_60186_0400_PP_1365.png,0.911163,0.038922,0.017172,0.019692,0.013051,anodr
anodr/20051130_60234_0400_PP_453.png,0.915230,0.029855,0.016154,0.021570,0.017192,anodr
anodr/20051130_60448_0400_PP_860.png,0.901863,0.034425,0.025662,0.018965,0.019086,anodr
anodr/20051130_60490_0400_PP_828.png,0.912395,0.029294,0.020416,0.016773,0.021122,anodr
anodr/20051130_60532_0400_PP_1052.png,0.904815,0.035498,0.018557,0.023978,0.017151,anodr
anodr/20051130_60562_0400_PP_121.png,0.859687,0.075989,0.028534,0.020966,0.014823,anodr
anodr/20051130_60601_0400_PP_146.png,0.925739,0.023884,0.015996,0.018885,0.015497,anodr
anodr/20051130_60630_0400_PP_60.png,0.911408,0.034337,0.017348,0.022259,0.014647,anodr
anodr/20051130_60691_0400_PP_939.png,0.898542,0.045796,0.015196,0.024702,0.015763,anodr
anodr/20051130_60715_0400_PP_555.png,0.824645,0.093942,0.036002,0.024533,0.020877,anodr
anodr/20051130_60740_0400_PP_1166.png,0.866336,0.075994,0.020859,0.022561,0.014250,anodr
anodr/20051130_60794_0400_PP_280.png,0.923223,0.028317,0.016067,0.018379,0.014014,anodr
anodr/20051130_60822_0400_PP_980.png,0.917108,0.032415,0.015406,0.019691,0.015380,anodr
anodr/20051201_37312_0400_PP_1333.png,0.890989,0.058432,0.019269,0.019747,0.011563,anodr
anodr/20051201_37337_0400_PP_839.png,0.919541,0.032193,0.014364,0.019209,0.014694,anodr
anodr/20051201_37382_0400_PP_1350.png,0.884889,0.055079,0.022982,0.020079,0.016971,anodr
anodr/20051201_37390_0400_PP_833.png,0.919552,0.025579,0.018858,0.019820,0.016190,anodr
anodr/20051201_37409_0400_PP_1340.png,0.880261,0.067557,0.019695,0.018109,0.014378,anodr
anodr/20051201_37462_0400_PP_357.png,0.910573,0.041470,0.014856,0.019410,0.013691,anodr
anodr/20051201_37534_0400_PP_906.png,0.905126,0.032117,0.019347,0.024611,0.018799,anodr
anodr/20051201_37557_0400_PP_1336.png,0.911251,0.030167,0.019186,0.021650,0.017747,anodr
anodr/20051201_38041_0400_PP_1312.png,0.923784,0.024901,0.015039,0.020209,0.016067,anodr
anodr/20051201_38081_0400_PP_963.png,0.925952,0.022768,0.016147,0.018479,0.016654,anodr
anodr/20051201_38103_0400_PP_81.png,0.903596,0.045135,0.018701,0.019445,0.013122,anodr
anodr/20051201_38137_0400_PP_391.png,0.905674,0.039524,0.016836,0.021191,0.016775,anodr
anodr/20051201_38155_0400_PP_112.png,0.424600,0.114898,0.358451,0.024295,0.077756,anodr
anodr/20051201_38164_0400_PP_881.png,0.581260,0.111040,0.156668,0.020260,0.130772,anodr
anodr/20051201_38199_0400_PP_1329.png,0.914449,0.029426,0.019707,0.019699,0.016719,anodr
anodr/20051201_38211_0400_PP_1174.png,0.896102,0.049949,0.020662,0.018931,0.014357,anodr
anodr/20051201_38246_0400_PP_1063.png,0.921890,0.024837,0.020304,0.016932,0.016038,anodr
anodr/20051201_38262_0400_PP_335.png,0.929114,0.024489,0.015382,0.018210,0.012806,anodr
anodr/20051201_38280_0400_PP_1103.png,0.926269,0.023521,0.017002,0.017994,0.015214,anodr
anodr/20051201_38291_0400_PP_468.png,0.917617,0.025347,0.020400,0.018613,0.018023,anodr
anodr/20051201_38321_0400_PP_903.png,0.807922,0.118754,0.038978,0.015470,0.018875,anodr
anodr/20051201_38349_0400_PP_892.png,0.908910,0.039106,0.016487,0.018657,0.016840,anodr
anodr/20051201_38466_0400_PP_572.png,0.925214,0.029717,0.016075,0.014688,0.014306,anodr
anodr/20051201_38475_0400_PP_560.png,0.915696,0.029981,0.018107,0.019894,0.016322,anodr
anodr/20051202_37162_0400_PP_29.png,0.804397,0.112434,0.049321,0.015406,0.018442,anodr
anodr/20051202_51599_0400_PP_966.png,0.918056,0.035732,0.016420,0.017928,0.011864,anodr
anodr/20051202_51616_0400_PP_1018.png,0.926376,0.024979,0.016386,0.017955,0.014305,anodr
anodr/20051205_57651_0400_PP_52.png,0.906013,0.035268,0.016986,0.023223,0.018510,anodr
anodr/20051205_57704_0400_PP_1167.png,0.917188,0.030088,0.016540,0.021964,0.014220,anodr
anodr/20051205_57757_0400_PP_1100.png,0.914711,0.028915,0.021694,0.019124,0.015555,anodr
anodr/20051205_57780_0400_PP_1102.png,0.917522,0.032935,0.017188,0.018523,0.013832,anodr
anodr/20051205_57799_0400_PP_868.png,0.893103,0.063229,0.018626,0.011577,0.013465,anodr
anodr/20051205_57809_0400_PP_1228.png,0.882251,0.065181,0.018594,0.020029,0.013945,anodr
anodr/20051205_57838_0400_PP_859.png,0.926732,0.028464,0.017994,0.015970,0.010839,anodr
anodr/20051205_57879_0400_PP_1254.png,0.921586,0.026094,0.015884,0.020879,0.015556,anodr
anodr/20051205_57942_0400_PP_990.png,0.918862,0.028102,0.018995,0.017972,0.016069,anodr
anodr/20051205_57988_0400_PP_1112.png,0.929481,0.022341,0.016007,0.017433,0.014737,anodr
anodr/20051205_58037_0400_PP_835.png,0.927209,0.025814,0.018308,0.015223,0.013445,anodr
anodr/20051205_58060_0400_PP_376.png,0.931710,0.020102,0.014968,0.016977,0.016243,anodr
anodr/20051205_58080_0400_PP_1034.png,0.924500,0.022191,0.017822,0.019430,0.016057,anodr
anodr/20051205_58091_0400_PP_292.png,0.923008,0.023458,0.015599,0.020337,0.017597,anodr
anodr/20051205_58109_0400_PP_1311.png,0.912504,0.036364,0.016499,0.019974,0.014659,anodr
anodr/20051205_58125_0400_PP_46.png,0.918100,0.028037,0.016310,0.023363,0.014190,anodr
anodr/20051205_58150_0400_PP_393.png,0.915015,0.027030,0.018118,0.022454,0.017384,anodr
anodr/20051205_58177_0400_PP_503.png,0.913568,0.027229,0.017253,0.022915,0.019035,anodr
anodr/20051205_58354_0400_PP_1282.png,0.921399,0.024766,0.015915,0.020604,0.017315,anodr
anodr/20051205_58373_0400_PP_55.png,0.622306,0.220915,0.114180,0.015666,0.026932,anodr
anodr/20051205_58409_0400_PP_985.png,0.910258,0.035674,0.021291,0.018587,0.014190,anodr
anodr/20051205_58431_0400_PP_493.png,0.908575,0.039501,0.021244,0.017434,0.013246,anodr
anodr/20051205_58458_0400_PP_309.png,0.914847,0.030905,0.020358,0.017999,0.015890,anodr
anodr/20051205_58502_0400_PP_482.png,0.903473,0.033367,0.022091,0.021893,0.019175,anodr
anodr/20051205_58613_0400_PP_843.png,0.913039,0.032257,0.017362,0.021385,0.015957,anodr
anodr/20051205_59240_0400_PP_301.png,0.922476,0.025640,0.017825,0.020207,0.013851,anodr
anodr/20051205_59337_0400_PP_945.png,0.914971,0.027506,0.018565,0.020985,0.017972,anodr
anodr/20051205_59351_0400_PP_332.png,0.918279,0.027751,0.017142,0.020449,0.016379,anodr
anodr/20051205_59367_0400_PP_816.png,0.907440,0.032530,0.029447,0.016395,0.014188,anodr
anodr/20051205_59379_0400_PP_842.png,0.918799,0.027162,0.016425,0.020262,0.017352,anodr
anodr/20051205_59510_0400_PP_329.png,0.910814,0.038561,0.016815,0.018903,0.014907,anodr
anodr/20051205_59538_0400_PP_534.png,0.916979,0.032488,0.014505,0.019665,0.016363,anodr
anodr/20051205_59617_0400_PP_1000.png,0.906027,0.036047,0.022596,0.018651,0.016678,anodr
anodr/20051205_59651_0400_PP_1164.png,0.909898,0.031134,0.022969,0.019846,0.016153,anodr
anodr/20051205_59738_0400_PP_119.png,0.919874,0.027696,0.016844,0.019818,0.015767,anodr
anodr/20051205_59754_0400_PP_880.png,0.917841,0.026057,0.016655,0.020990,0.018457,anodr
anodr/20051205_59833_0400_PP_531.png,0.913537,0.030256,0.018501,0.020702,0.017003,anodr
anodr/20051205_59858_0400_PP_523.png,0.927642,0.022353,0.017171,0.017586,0.015248,anodr
anodr/20051205_59901_0400_PP_417.png,0.927914,0.023804,0.017639,0.017681,0.012962,anodr
anodr/20051205_59923_0400_PP_1307.png,0.922866,0.023282,0.016413,0.020038,0.017401,anodr
anodr/20051205_60093_0400_PP_1286.png,0.919378,0.024657,0.019143,0.019890,0.016932,anodr
anodr/20051205_60119_0400_PP_451.png,0.926881,0.022324,0.016989,0.017342,0.016463,anodr
anodr/20051213_61406_0100_PP_1027.png,0.826317,0.084584,0.038888,0.033526,0.016686,anodr
anodr/20051213_61802_0100_PP_408.png,0.911481,0.033841,0.017623,0.021116,0.015939,anodr
anodr/20051213_61892_0100_PP_837.png,0.910019,0.034104,0.016823,0.022486,0.016568,anodr
anodr/20051213_61951_0100_PP_983.png,0.905208,0.033432,0.018085,0.025836,0.017439,anodr
anodr/20051213_62251_0100_PP_27.png,0.911216,0.029090,0.018043,0.023375,0.018275,anodr
anodr/20051213_62314_0100_PP_1325.png,0.902534,0.036514,0.019209,0.023681,0.018062,anodr
anodr/20051213_62518_0100_PP_821.png,0.911100,0.029952,0.019763,0.022703,0.016483,anodr
anodr/20051213_62572_0100_PP_1176.png,0.913193,0.038189,0.022623,0.015753,0.010242,anodr
anodr/20051214_40529_0100_PP_1120.png,0.917005,0.029374,0.016261,0.019927,0.017433,anodr
anodr/20051214_40767_0100_PP_1039.png,0.914022,0.037186,0.015660,0.019021,0.014111,anodr
anodr/20051214_40994_0100_PP_435.png,0.927962,0.023599,0.015075,0.019141,0.014224,anodr
anodr/20051214_41055_0100_PP_41.png,0.923004,0.031504,0.017681,0.016279,0.011532,anodr
anodr/20051214_42133_0100_PP_462.png,0.912318,0.035812,0.020597,0.017732,0.013541,anodr
anodr/20051214_42197_0100_PP_1288.png,0.920881,0.025829,0.017634,0.019663,0.015994,anodr
anodr/20051214_42323_0100_PP_845.png,0.917764,0.025795,0.016767,0.022940,0.016734,anodr
anodr/20051214_42363_0100_PP_42.png,0.907129,0.033910,0.017811,0.024279,0.016871,anodr
anodr/20051214_51178_0100_PP_1380.png,0.918669,0.023241,0.016886,0.023226,0.017978,anodr
anodr/20051214_51211_0100_PP_511.png,0.919174,0.024884,0.016582,0.022357,0.017003,anodr
anodr/20051214_51308_0100_PP_1342.png,0.609826,0.302358,0.053729,0.020775,0.013312,anodr
anodr/20051214_51342_0100_PP_970.png,0.913755,0.035557,0.017839,0.018761,0.014089,anodr
anodr/20051214_51442_0100_PP_28.png,0.915732,0.033319,0.015545,0.020932,0.014473,anodr
anodr/20051214_51469_0100_PP_1060.png,0.733978,0.167983,0.057742,0.022345,0.017952,anodr
anodr/20051214_56242_0100_PP_337.png,0.916234,0.032719,0.020407,0.018209,0.012432,anodr
anodr/20051214_56392_0100_PP_1037.png,0.931634,0.019520,0.015253,0.018206,0.015387,anodr
anodr/20051214_56438_0100_PP_22.png,0.922864,0.024074,0.017482,0.018638,0.016942,anodr
anodr/20051214_56636_0100_PP_128.png,0.908038,0.038519,0.016729,0.020181,0.016534,anodr
anodr/20051214_56688_0100_PP_120.png,0.919691,0.023137,0.015936,0.024650,0.016586,anodr
anodr/20051214_57761_0100_PP_356.png,0.899540,0.044291,0.015356,0.022256,0.018557,anodr
anodr/20051214_57817_0100_PP_876.png,0.886884,0.047634,0.024430,0.022820,0.018232,anodr
anodr/20051216_43913_0200_PP_1367.png,0.913308,0.031195,0.017143,0.020970,0.017383,anodr
anodr/20051216_44066_0200_PP_426.png,0.046808,0.035569,0.904983,0.007302,0.005337,cmoderatedr
anodr/20051216_44092_0200_PP_1090.png,0.253386,0.066720,0.655834,0.010005,0.014056,cmoderatedr
anodr/20051216_44221_0200_PP_548.png,0.924622,0.029077,0.017090,0.015987,0.013224,anodr
anodr/20051216_44252_0200_PP_952.png,0.901241,0.038964,0.029393,0.018372,0.012030,anodr
anodr/20051216_44398_0200_PP_1235.png,0.908566,0.035230,0.017208,0.022963,0.016033,anodr
anodr/20051216_44420_0200_PP_379.png,0.921196,0.030032,0.014304,0.021176,0.013292,anodr
anodr/20051216_44635_0200_PP_415.png,0.860922,0.086548,0.020297,0.016700,0.015533,anodr
anodr/20051216_44660_0200_PP_888.png,0.912042,0.034529,0.017404,0.019724,0.016300,anodr
anodr/20051216_44811_0200_PP_567.png,0.917834,0.031475,0.016808,0.019429,0.014454,anodr
anodr/20051216_44832_0200_PP_1082.png,0.920356,0.030342,0.017585,0.019297,0.012420,anodr
anodr/20051216_45076_0200_PP_818.png,0.255791,0.147178,0.534944,0.016198,0.045889,cmoderatedr
anodr/20051216_45499_0200_PP_1071.png,0.923966,0.024753,0.016951,0.019680,0.014650,anodr
anodr/20051216_45781_0200_PP_320.png,0.914250,0.030570,0.020402,0.020920,0.013857,anodr
anodr/20051216_45873_0200_PP_832.png,0.912532,0.032232,0.018413,0.019494,0.017330,anodr
anodr/20051216_45992_0200_PP_341.png,0.537697,0.368925,0.062466,0.019521,0.011390,anodr
anodr/20051216_46018_0200_PP_1216.png,0.899791,0.044509,0.019299,0.020157,0.016244,anodr
anodr/20051216_46183_0200_PP_1204.png,0.921176,0.027972,0.017206,0.019328,0.014317,anodr
anodr/20051216_47514_0200_PP_110.png,0.903291,0.038702,0.020560,0.021118,0.016329,anodr
anodr/20051216_47536_0200_PP_1339.png,0.918631,0.022711,0.019722,0.020328,0.018608,anodr
anodr/20060407_38711_0200_PP_283.png,0.857721,0.042856,0.071934,0.010398,0.017091,anodr
anodr/20060407_38970_0200_PP_1111.png,0.882016,0.062559,0.027550,0.014902,0.012973,anodr
anodr/20060407_39155_0200_PP_855.png,0.920334,0.023360,0.018764,0.021015,0.016527,anodr
anodr/20060407_39184_0200_PP_373.png,0.931522,0.017950,0.015874,0.019285,0.015369,anodr
anodr/20060407_39306_0200_PP_1074.png,0.916616,0.027266,0.020315,0.019823,0.015981,anodr
anodr/20060407_39328_0200_PP_893.png,0.915459,0.028474,0.022180,0.018133,0.015753,anodr
anodr/20060407_39435_0200_PP_1214.png,0.488143,0.291426,0.158024,0.033763,0.028645,anodr
anodr/20060407_39546_0200_PP_545.png,0.869063,0.061131,0.036266,0.019517,0.014023,anodr
anodr/20060407_39567_0200_PP_1168.png,0.903072,0.040906,0.018948,0.019433,0.017641,anodr
anodr/20060407_39687_0200_PP_101.png,0.926076,0.018449,0.026517,0.015157,0.013801,anodr
anodr/20060407_39761_0200_PP_518.png,0.905840,0.033218,0.020471,0.022208,0.018262,anodr
anodr/20060407_39780_0200_PP_1006.png,0.919845,0.036192,0.016094,0.015409,0.012461,anodr
anodr/20060407_40740_0200_PP_314.png,0.031217,0.219008,0.737301,0.007425,0.005049,cmoderatedr
anodr/20060407_40761_0200_PP_282.png,0.846339,0.077063,0.041768,0.016171,0.018658,anodr
anodr/20060407_41149_0200_PP_26.png,0.897790,0.039370,0.034354,0.014529,0.013957,anodr
anodr/20060407_41177_0200_PP_1104.png,0.927661,0.023741,0.021015,0.015443,0.012139,anodr
anodr/20060407_41312_0200_PP_895.png,0.918300,0.028151,0.018290,0.020465,0.014794,anodr
anodr/20060407_41980_0200_PP_1347.png,0.932805,0.023782,0.014882,0.016280,0.012252,anodr
anodr/20060407_42099_0200_PP_77.png,0.915000,0.032209,0.028088,0.012413,0.012289,anodr
anodr/20060407_42133_0200_PP_488.png,0.931369,0.015546,0.019905,0.016448,0.016731,anodr
anodr/20060407_42290_0200_PP_1107.png,0.927903,0.018077,0.019245,0.019023,0.015752,anodr
anodr/20060407_42308_0200_PP_1278.png,0.923701,0.019709,0.018272,0.020351,0.017967,anodr
anodr/20060407_43223_0200_PP_47.png,0.068394,0.127221,0.780471,0.011301,0.012613,cmoderatedr
anodr/20060407_43258_0200_PP_118.png,0.917016,0.023068,0.024165,0.018054,0.017697,anodr
anodr/20060407_43594_0200_PP_140.png,0.900064,0.046755,0.021937,0.017151,0.014093,anodr
anodr/20060407_43618_0200_PP_867.png,0.912893,0.034364,0.018246,0.019215,0.015282,anodr
anodr/20060407_43726_0200_PP_1128.png,0.926607,0.023876,0.016327,0.017871,0.015318,anodr
anodr/20060407_43746_0200_PP_1058.png,0.928001,0.024639,0.015732,0.017679,0.013949,anodr
anodr/20060407_43834_0200_PP_1162.png,0.904784,0.015665,0.051546,0.014864,0.013140,anodr
anodr/20060407_43856_0200_PP_862.png,0.923361,0.021696,0.027255,0.014414,0.013274,anodr
anodr/20060407_44042_0200_PP_1047.png,0.923525,0.028265,0.013936,0.020696,0.013579,anodr
anodr/20060407_44061_0200_PP_295.png,0.927358,0.023340,0.015819,0.019374,0.014108,anodr
anodr/20060407_44400_0200_PP_956.png,0.920345,0.026899,0.020032,0.018748,0.013975,anodr
anodr/20060407_44422_0200_PP_847.png,0.928162,0.019283,0.018229,0.018852,0.015474,anodr
anodr/20060407_44510_0200_PP_48.png,0.909794,0.028345,0.019956,0.023066,0.018839,anodr
anodr/20060407_44529_0200_PP_1212.png,0.931325,0.021868,0.015436,0.016925,0.014446,anodr
anodr/20060407_44743_0200_PP_824.png,0.908581,0.032182,0.020133,0.022184,0.016920,anodr
anodr/20060407_44766_0200_PP_89.png,0.931302,0.022862,0.014712,0.016829,0.014296,anodr
anodr/20060407_44866_0200_PP_293.png,0.859154,0.059800,0.045687,0.020800,0.014559,anodr
anodr/20060407_44889_0200_PP_830.png,0.938648,0.016592,0.015755,0.015168,0.013837,anodr
anodr/20060407_45107_0200_PP_1345.png,0.919299,0.031701,0.015865,0.018512,0.014622,anodr
anodr/20060407_45230_0200_PP_1297.png,0.925675,0.028098,0.017324,0.016722,0.012181,anodr
anodr/20060407_45247_0200_PP_1159.png,0.938640,0.022070,0.013863,0.014377,0.011050,anodr
anodr/20060407_45718_0200_PP_400.png,0.042533,0.090845,0.852510,0.008885,0.005227,cmoderatedr
anodr/20060407_45737_0200_PP_1089.png,0.896919,0.046912,0.020868,0.019915,0.015386,anodr
anodr/20060407_45834_0200_PP_1219.png,0.916546,0.030272,0.021533,0.016617,0.015032,anodr
anodr/20060407_45852_0200_PP_287.png,0.930086,0.024633,0.016802,0.014956,0.013522,anodr
anodr/20060407_45949_0200_PP_38.png,0.920908,0.026489,0.016825,0.022100,0.013677,anodr
anodr/20060407_46070_0200_PP_1236.png,0.448032,0.176442,0.334427,0.013943,0.027156,anodr
anodr/20060407_46235_0200_PP_566.png,0.904692,0.048456,0.016661,0.017284,0.012906,anodr
anodr/20060407_46257_0200_PP_827.png,0.919257,0.037195,0.015200,0.017180,0.011169,anodr
anodr/20060410_39047_0200_PP_457.png,0.937564,0.015973,0.015822,0.018426,0.012216,anodr
anodr/20060410_39075_0200_PP_953.png,0.923110,0.022478,0.017953,0.020605,0.015855,anodr
anodr/20060410_39229_0200_PP_1372.png,0.921065,0.026804,0.016079,0.021646,0.014405,anodr
anodr/20060410_39476_0200_PP_403.png,0.909755,0.029072,0.021295,0.021266,0.018612,anodr
anodr/20060410_39500_0200_PP_73.png,0.913865,0.027896,0.019762,0.021355,0.017122,anodr
anodr/20060410_39586_0200_PP_574.png,0.912912,0.029055,0.019805,0.020655,0.017573,anodr
anodr/20060410_39606_0200_PP_1148.png,0.928581,0.022689,0.015279,0.018334,0.015118,anodr
anodr/20060410_39695_0200_PP_1008.png,0.881694,0.045850,0.050084,0.012951,0.009422,anodr
anodr/20060410_39859_0200_PP_296.png,0.419105,0.275856,0.253765,0.018574,0.032700,anodr
anodr/20060410_39879_0200_PP_951.png,0.904226,0.032496,0.019163,0.027320,0.016795,anodr
anodr/20060410_39994_0200_PP_1378.png,0.918681,0.025131,0.022376,0.016416,0.017396,anodr
anodr/20060410_40403_0200_PP_1273.png,0.894626,0.017905,0.058360,0.014344,0.014765,anodr
anodr/20060410_40499_0200_PP_15.png,0.924361,0.020135,0.018216,0.019773,0.017516,anodr
anodr/20060410_40633_0200_PP_869.png,0.922183,0.030616,0.013365,0.020296,0.013540,anodr
anodr/20060410_40846_0200_PP_414.png,0.900324,0.042809,0.020423,0.021193,0.015251,anodr
anodr/20060410_40953_0200_PP_1362.png,0.915891,0.039160,0.019991,0.015233,0.009724,anodr
anodr/20060410_40979_0200_PP_1017.png,0.755348,0.167385,0.045180,0.018530,0.013557,anodr
anodr/20060410_41098_0200_PP_912.png,0.905830,0.034383,0.023306,0.020115,0.016366,anodr
anodr/20060410_41191_0200_PP_1364.png,0.914851,0.033702,0.019087,0.017056,0.015304,anodr
anodr/20060410_41209_0200_PP_1115.png,0.898948,0.038578,0.028005,0.017102,0.017366,anodr
anodr/20060410_41603_0200_PP_64.png,0.916903,0.029525,0.018005,0.020292,0.015276,anodr
anodr/20060410_41880_0200_PP_1266.png,0.884937,0.047119,0.022381,0.029379,0.016184,anodr
anodr/20060410_41901_0200_PP_1068.png,0.914399,0.028733,0.020172,0.021322,0.015374,anodr
anodr/20060410_43847_0200_PP_273.png,0.922834,0.025480,0.018861,0.017652,0.015173,anodr
anodr/20060410_43868_0200_PP_874.png,0.919067,0.026115,0.018372,0.020860,0.015586,anodr
anodr/20060410_43979_0200_PP_276.png,0.901675,0.044365,0.024201,0.017841,0.011918,anodr
anodr/20060410_44345_0200_PP_1011.png,0.929249,0.016763,0.028807,0.013979,0.011201,anodr
anodr/20060410_44364_0200_PP_1274.png,0.943333,0.018047,0.013469,0.014240,0.010912,anodr
anodr/20060410_44464_0200_PP_1255.png,0.920011,0.026071,0.017506,0.020730,0.015683,anodr
anodr/20060410_44504_0200_PP_474.png,0.925979,0.021333,0.016854,0.021621,0.014213,anodr
anodr/20060410_44601_0200_PP_1013.png,0.900220,0.043058,0.019418,0.021305,0.016000,anodr
anodr/20060410_44770_0200_PP_1320.png,0.066316,0.036798,0.840361,0.016365,0.040160,cmoderatedr
anodr/20060410_44802_0200_PP_1069.png,0.950125,0.008030,0.021888,0.010006,0.009951,anodr
anodr/20060410_44934_0200_PP_418.png,0.867130,0.075905,0.022619,0.021839,0.012507,anodr
anodr/20060410_45167_0200_PP_549.png,0.915163,0.024189,0.023130,0.020155,0.017363,anodr
anodr/20060410_45188_0200_PP_544.png,0.924074,0.020642,0.020076,0.018939,0.016268,anodr
anodr/20060410_47186_0200_PP_1143.png,0.898857,0.042317,0.017257,0.023716,0.017854,anodr
anodr/20060411_58071_0200_PP_1022.png,0.921388,0.029959,0.017138,0.017099,0.014417,anodr
anodr/20060411_58392_0200_PP_34.png,0.926849,0.029040,0.017548,0.012864,0.013699,anodr
anodr/20060411_58413_0200_PP_358.png,0.925799,0.026021,0.018084,0.016201,0.013895,anodr
anodr/20060411_58469_0200_PP_982.png,0.930665,0.017568,0.018050,0.019947,0.013771,anodr
anodr/20060411_58494_0200_PP_452.png,0.929429,0.018071,0.017945,0.019935,0.014620,anodr
anodr/20060411_58571_0200_PP_148.png,0.896654,0.023919,0.030965,0.024883,0.023579,anodr
anodr/20060411_58644_0200_PP_538.png,0.926326,0.020048,0.021671,0.017674,0.014281,anodr
anodr/20060411_58808_0200_PP_125.png,0.918337,0.026450,0.017375,0.021760,0.016078,anodr
anodr/20060411_58829_0200_PP_1091.png,0.921755,0.026310,0.016235,0.019920,0.015779,anodr
anodr/20060411_58891_0200_PP_929.png,0.914033,0.029018,0.019411,0.020934,0.016604,anodr
anodr/20060411_58913_0200_PP_1356.png,0.923364,0.023860,0.016766,0.019249,0.016760,anodr
anodr/20060411_60511_0200_PP_351.png,0.882861,0.063976,0.021742,0.017403,0.014018,anodr
anodr/20060411_61687_0200_PP_431.png,0.919093,0.019433,0.024639,0.018148,0.018688,anodr
anodr/20060411_61702_0200_PP_1040.png,0.929622,0.026973,0.022510,0.010410,0.010485,anodr
anodr/20060411_61869_0200_PP_955.png,0.910698,0.030994,0.022033,0.019687,0.016588,anodr
anodr/20060411_61901_0200_PP_288.png,0.915274,0.031663,0.020008,0.016844,0.016211,anodr
anodr/20060411_62036_0200_PP_59.png,0.917701,0.025873,0.019733,0.019961,0.016732,anodr
anodr/20060411_62058_0200_PP_948.png,0.929416,0.021804,0.016710,0.018808,0.013261,anodr
anodr/20060411_62162_0200_PP_97.png,0.348042,0.115749,0.508311,0.016386,0.011513,cmoderatedr
anodr/20060412_51835_0200_PP_1331.png,0.707672,0.207355,0.049437,0.023621,0.011915,anodr
anodr/20060412_51860_0200_PP_890.png,0.715789,0.185972,0.065128,0.017882,0.015228,anodr
anodr/20060412_52098_0200_PP_491.png,0.906171,0.035931,0.017619,0.023619,0.016660,anodr
anodr/20060412_52351_0200_PP_944.png,0.901997,0.040766,0.033876,0.012906,0.010455,anodr
anodr/20060412_52371_0200_PP_354.png,0.905936,0.026983,0.040106,0.014795,0.012179,anodr
anodr/20060412_52425_0200_PP_1292.png,0.920654,0.023610,0.018012,0.021108,0.016617,anodr
anodr/20060412_52446_0200_PP_533.png,0.916645,0.025920,0.018767,0.020678,0.017991,anodr
anodr/20060412_52606_0200_PP_1046.png,0.648917,0.232231,0.086914,0.017283,0.014655,anodr
anodr/20060412_52840_0200_PP_343.png,0.432674,0.454835,0.080364,0.018772,0.013355,bmilddr
anodr/20060412_57874_0200_PP_108.png,0.881237,0.044415,0.045061,0.017253,0.012035,anodr
anodr/20060412_57952_0200_PP_388.png,0.921119,0.026694,0.017589,0.018735,0.015862,anodr
anodr/20060412_57974_0200_PP_94.png,0.930650,0.020903,0.015533,0.017114,0.015800,anodr
anodr/20060412_58032_0200_PP_994.png,0.912628,0.035187,0.020020,0.018038,0.014127,anodr
anodr/20060412_58054_0200_PP_825.png,0.910942,0.032534,0.022724,0.018768,0.015031,anodr
anodr/20060412_58137_0200_PP_1215.png,0.906654,0.029142,0.023033,0.021332,0.019839,anodr
anodr/20060412_58723_0200_PP_1153.png,0.913079,0.030119,0.018066,0.021058,0.017678,anodr
anodr/20060412_58802_0200_PP_925.png,0.898015,0.043617,0.022566,0.019153,0.016648,anodr
anodr/20060412_58819_0200_PP_942.png,0.919269,0.024304,0.016974,0.021808,0.017646,anodr
anodr/20060412_59175_0200_PP_852.png,0.918565,0.035603,0.019075,0.015345,0.011412,anodr
anodr/20060412_59196_0200_PP_1021.png,0.859409,0.061510,0.050249,0.016029,0.012803,anodr
anodr/20060412_59259_0200_PP_364.png,0.922624,0.026485,0.016742,0.018920,0.015229,anodr
anodr/20060412_59338_0200_PP_423.png,0.842743,0.083210,0.039941,0.018428,0.015678,anodr
anodr/20060412_59355_0200_PP_977.png,0.921955,0.028600,0.018180,0.016565,0.014700,anodr
anodr/20060412_60751_0200_PP_822.png,0.913741,0.040165,0.018173,0.016599,0.011322,anodr
anodr/20060412_60773_0200_PP_319.png,0.924634,0.025893,0.017168,0.019921,0.012384,anodr
anodr/20060412_61064_0200_PP_1114.png,0.908287,0.025893,0.039620,0.011201,0.014999,anodr
anodr/20060412_61365_0200_PP_274.png,0.913824,0.027996,0.019146,0.021616,0.017418,anodr
anodr/20060412_61383_0200_PP_334.png,0.926765,0.020607,0.017879,0.019278,0.015471,anodr
anodr/20060412_61433_0200_PP_1072.png,0.948720,0.012942,0.012982,0.013742,0.011614,anodr
anodr/20060412_61450_0200_PP_1002.png,0.936946,0.018898,0.015847,0.014876,0.013434,anodr
anodr/20060412_61525_0200_PP_889.png,0.929621,0.021368,0.021968,0.013606,0.013438,anodr
anodr/20060412_61665_0200_PP_1324.png,0.917671,0.029209,0.019111,0.020335,0.013674,anodr
anodr/20060412_61790_0200_PP_12.png,0.916494,0.026650,0.025967,0.016738,0.014151,anodr
anodr/20060522_43758_0100_PP_988.png,0.902262,0.039500,0.018561,0.023034,0.016644,anodr
anodr/20060522_45777_0100_PP_1327.png,0.860693,0.079886,0.025392,0.022760,0.011270,anodr
anodr/20060522_45796_0100_PP_1360.png,0.905712,0.038769,0.017497,0.022766,0.015256,anodr
anodr/20060522_45853_0100_PP_813.png,0.926209,0.015133,0.015629,0.018277,0.024752,anodr
anodr/20060522_45873_0100_PP_1192.png,0.925763,0.018114,0.019436,0.019463,0.017224,anodr
anodr/20060522_46104_0100_PP_1302.png,0.912050,0.032448,0.018704,0.021672,0.015126,anodr
anodr/20060522_46149_0100_PP_1012.png,0.916733,0.029947,0.017494,0.020369,0.015457,anodr
anodr/20060522_46379_0100_PP_1348.png,0.636891,0.244605,0.069459,0.024742,0.024303,anodr
anodr/20060522_46400_0100_PP_957.png,0.359473,0.469802,0.130220,0.022926,0.017579,bmilddr
anodr/20060523_42953_0100_PP_409.png,0.908937,0.038646,0.020122,0.019843,0.012451,anodr
anodr/20060523_43105_0100_PP_1156.png,0.931647,0.018027,0.015616,0.024090,0.010620,anodr
anodr/20060523_43123_0100_PP_123.png,0.925186,0.021331,0.016214,0.023441,0.013828,anodr
anodr/20060523_43248_0100_PP_80.png,0.900603,0.044135,0.018575,0.019549,0.017138,anodr
anodr/20060523_43333_0100_PP_551.png,0.890496,0.049167,0.026054,0.020606,0.013677,anodr
anodr/20060523_43354_0100_PP_1093.png,0.906743,0.032952,0.024252,0.020382,0.015671,anodr
anodr/20060523_45300_0100_PP_21.png,0.917104,0.033810,0.016133,0.019412,0.013540,anodr
anodr/20060523_45316_0100_PP_1213.png,0.928866,0.026612,0.013667,0.015951,0.014904,anodr
anodr/20060523_45449_0100_PP_1269.png,0.895837,0.038627,0.033480,0.017820,0.014236,anodr
anodr/20060523_45467_0100_PP_44.png,0.845015,0.058894,0.055126,0.018910,0.022055,anodr
anodr/20060523_45524_0100_PP_428.png,0.919500,0.029225,0.014932,0.021825,0.014519,anodr
anodr/20060523_45548_0100_PP_1229.png,0.913546,0.038248,0.015208,0.021013,0.011984,anodr
anodr/20060523_47987_0100_PP_844.png,0.897077,0.034838,0.032702,0.017492,0.017891,anodr
anodr/20060523_48005_0100_PP_877.png,0.899450,0.042050,0.026889,0.016023,0.015588,anodr
anodr/20060523_48136_0100_PP_856.png,0.273971,0.236756,0.466819,0.010914,0.011540,cmoderatedr
anodr/20060523_48161_0100_PP_385.png,0.023820,0.037621,0.931713,0.003352,0.003494,cmoderatedr
anodr/20060523_48406_0100_PP_1056.png,0.924558,0.020539,0.017289,0.022132,0.015481,anodr
anodr/20060523_48591_0100_PP_1317.png,0.892132,0.038867,0.025871,0.024063,0.019067,anodr
anodr/20060523_48709_0100_PP_541.png,0.828252,0.106326,0.029751,0.021224,0.014447,anodr
anodr/20060523_48728_0100_PP_1375.png,0.894609,0.049167,0.017136,0.023469,0.015620,anodr
anodr/20060523_48890_0100_PP_1338.png,0.923091,0.025550,0.015340,0.020795,0.015224,anodr
anodr/20060523_48931_0100_PP_16.png,0.910349,0.032241,0.018026,0.022149,0.017235,anodr
anodr/20060523_49100_0100_PP_307.png,0.803968,0.065865,0.081904,0.017594,0.030669,anodr
anodr/20060523_49120_0100_PP_85.png,0.909180,0.030001,0.022553,0.020436,0.017830,anodr
anodr/20060523_49176_0100_PP_366.png,0.591939,0.044831,0.303254,0.025482,0.034495,anodr
anodr/20060523_49191_0100_PP_476.png,0.645820,0.077209,0.193877,0.035525,0.047569,anodr
anodr/20060523_49515_0100_PP_375.png,0.912673,0.033246,0.017342,0.020450,0.016290,anodr
anodr/20060523_49573_0100_PP_919.png,0.919350,0.025050,0.016760,0.021772,0.017068,anodr
anodr/20060523_49663_0100_PP_455.png,0.881280,0.058203,0.028436,0.018617,0.013464,anodr
anodr/20060523_49681_0100_PP_1363.png,0.778565,0.127426,0.062759,0.018434,0.012815,anodr
anodr/20060523_49726_0100_PP_989.png,0.910367,0.035092,0.016434,0.021958,0.016150,anodr
anodr/20060523_49745_0100_PP_1108.png,0.906533,0.034128,0.016453,0.024626,0.018260,anodr
anodr/20060523_50153_0100_PP_558.png,0.915533,0.026985,0.017365,0.021612,0.018504,anodr
anodr/20060523_50325_0100_PP_1051.png,0.896373,0.040901,0.022139,0.023857,0.016729,anodr
anodr/20060523_50342_0100_PP_1211.png,0.896365,0.040480,0.020337,0.027245,0.015573,anodr
anodr/20060523_50616_0100_PP_136.png,0.891762,0.038934,0.030377,0.021742,0.017186,anodr
anodr/20060523_50631_0100_PP_91.png,0.913237,0.025052,0.023666,0.020563,0.017481,anodr
anodr/20060529_56013_0100_PP_1065.png,0.901315,0.034173,0.022210,0.022111,0.020191,anodr
anodr/20060529_56039_0100_PP_931.png,0.911824,0.026207,0.021527,0.023280,0.017161,anodr
anodr/20060529_56420_0100_PP_466.png,0.916630,0.030057,0.017151,0.020652,0.015509,anodr
anodr/20060529_56442_0100_PP_75.png,0.933501,0.018512,0.016216,0.018438,0.013333,anodr
anodr/20060529_56563_0100_PP_100.png,0.917959,0.028881,0.019432,0.019879,0.013850,anodr
