filename,score_anodr,score_bmilddr,score_cmoderatedr,score_dseveredr,score_eproliferativedr,prediction
20051020_43808_0100_PP_967.png,0.635346,0.097870,0.162127,0.050146,0.054511,anodr
20051020_44261_0100_PP_1191.png,0.683884,0.096334,0.141787,0.037726,0.040269,anodr
20051020_44284_0100_PP_502.png,0.767493,0.069502,0.103722,0.029463,0.029821,anodr
20051020_44338_0100_PP_547.png,0.582844,0.112301,0.182338,0.054330,0.068186,anodr
20051020_44400_0100_PP_920.png,0.604990,0.115012,0.173677,0.048898,0.057423,anodr
20051020_44431_0100_PP_514.png,0.470588,0.121069,0.251316,0.068974,0.088053,anodr
20051020_44692_0100_PP_419.png,0.457505,0.100887,0.276553,0.075805,0.089249,anodr
20051020_44714_0100_PP_1199.png,0.758713,0.072297,0.104321,0.031825,0.032843,anodr
20051020_44982_0100_PP_486.png,0.718908,0.075922,0.124703,0.038548,0.041918,anodr
20051020_56791_0100_PP_1185.png,0.677437,0.105006,0.136655,0.040700,0.040203,anodr
20051020_57157_0100_PP_971.png,0.641098,0.103186,0.161458,0.047099,0.047159,anodr
20051020_57967_0100_PP_829.png,0.650874,0.097757,0.158352,0.046231,0.046786,anodr
20051020_58065_0100_PP_561.png,0.692740,0.080682,0.131562,0.041651,0.053365,anodr
20051020_61757_0100_PP_484.png,0.741486,0.072167,0.115979,0.034931,0.035438,anodr
20051020_62461_0100_PP_76.png,0.492242,0.125897,0.238766,0.064873,0.078222,anodr
20051020_62510_0100_PP_106.png,0.450115,0.125797,0.260201,0.069973,0.093913,anodr
20051020_62577_0100_PP_479.png,0.722190,0.077249,0.124501,0.038285,0.037774,anodr
20051020_62615_0100_PP_294.png,0.673847,0.088971,0.145525,0.043740,0.047917,anodr
20051020_63269_0100_PP_1183.png,0.668542,0.084998,0.153205,0.044618,0.048636,anodr
20051020_63337_0100_PP_471.png,0.570162,0.102729,0.211770,0.055963,0.059375,anodr
20051020_64249_0100_PP_1004.png,0.721870,0.078285,0.127053,0.037406,0.035387,anodr
20051020_64388_0100_PP_1194.png,0.717679,0.078583,0.130055,0.037532,0.036151,anodr
20051020_64653_0100_PP_124.png,0.613544,0.121791,0.163773,0.051262,0.049630,anodr
20051020_64775_0100_PP_480.png,0.688921,0.082724,0.143319,0.041491,0.043545,anodr
20051020_64836_0100_PP_1270.png,0.715855,0.077642,0.130301,0.038892,0.037310,anodr
20051021_36380_0100_PP_135.png,0.644183,0.108158,0.152416,0.046047,0.049197,anodr
20051021_36476_0100_PP_1243.png,0.667186,0.099098,0.144636,0.044016,0.045064,anodr
20051021_39845_0100_PP_315.png,0.571046,0.103147,0.206737,0.054944,0.064126,anodr
20051021_39914_0100_PP_1352.png,0.675924,0.086818,0.148673,0.043317,0.045268,anodr
20051021_51418_0100_PP_18.png,0.691549,0.096809,0.131602,0.039449,0.040591,anodr
20051021_51476_0100_PP_150.png,0.675341,0.084170,0.149266,0.042915,0.048308,anodr
20051021_51936_0100_PP_1379.png,0.561687,0.119676,0.192348,0.055889,0.070400,anodr
20051021_51994_0100_PP_1283.png,0.597139,0.117565,0.170273,0.051436,0.063587,anodr
20051021_57798_0100_PP_1322.png,0.459101,0.138836,0.257143,0.063246,0.081674,anodr
20051021_57862_0100_PP_372.png,0.483315,0.140683,0.242002,0.058864,0.075137,anodr
20051021_57975_0100_PP_517.png,0.754957,0.065054,0.113824,0.034379,0.031786,anodr
20051021_58035_0100_PP_1138.png,0.705491,0.074516,0.141636,0.039844,0.038514,anodr
20051021_58388_0100_PP_1300.png,0.743339,0.069119,0.113088,0.036750,0.037703,anodr
20051021_58522_0100_PP_50.png,0.685782,0.082195,0.144290,0.042208,0.045524,anodr
20051109_57843_0400_PP_1109.png,0.661992,0.097206,0.152165,0.043054,0.045583,anodr
20051109_59969_0400_PP_1079.png,0.661286,0.099157,0.144158,0.043520,0.051880,anodr
20051109_60031_0400_PP_528.png,0.597337,0.108840,0.181382,0.053674,0.058768,anodr
20051109_60136_0400_PP_905.png,0.666356,0.096846,0.147873,0.043307,0.045618,anodr
20051110_33960_0400_PP_35.png,0.646098,0.095513,0.158563,0.049904,0.049923,anodr
20051110_34013_0400_PP_151.png,0.472494,0.137534,0.248059,0.061485,0.080429,anodr
20051110_35239_0400_PP_836.png,0.671894,0.094085,0.147835,0.040836,0.045350,anodr
20051110_35279_0400_PP_1033.png,0.639309,0.101502,0.161407,0.044996,0.052786,anodr
20051110_35332_0400_PP_497.png,0.659743,0.104313,0.147847,0.043799,0.044298,anodr
20051110_37992_0400_PP_1043.png,0.727045,0.087260,0.111940,0.036178,0.037576,anodr
20051110_38111_0400_PP_429.png,0.812039,0.061473,0.078067,0.023902,0.024519,anodr
20051110_38156_0400_PP_477.png,0.565019,0.120971,0.204004,0.051738,0.058269,anodr
20051110_38280_0400_PP_83.png,0.673152,0.091606,0.144801,0.043988,0.046453,anodr
20051110_38313_0400_PP_1041.png,0.541516,0.099867,0.220116,0.065843,0.072659,anodr
20051110_38352_0400_PP_934.png,0.636728,0.085810,0.164636,0.053622,0.059204,anodr
20051110_38472_0400_PP_1127.png,0.590517,0.122462,0.175682,0.049267,0.062072,anodr
20051110_38507_0400_PP_1190.png,0.426951,0.149878,0.261614,0.069490,0.092067,anodr
20051116_43388_0400_PP_344.png,0.617996,0.110784,0.172769,0.046775,0.051677,anodr
20051116_43585_0400_PP_950.png,0.596142,0.122571,0.176472,0.049384,0.055431,anodr
20051116_43710_0400_PP_95.png,0.675539,0.083137,0.143317,0.044671,0.053336,anodr
20051116_43721_0400_PP_363.png,0.620339,0.093371,0.171796,0.050818,0.063676,anodr
20051116_43785_0400_PP_445.png,0.653506,0.108550,0.146797,0.044391,0.046756,anodr
20051116_43801_0400_PP_325.png,0.715478,0.092896,0.117183,0.037317,0.037126,anodr
20051116_44648_0400_PP_1036.png,0.710814,0.085390,0.118399,0.040560,0.044836,anodr
20051117_37042_0400_PP_1119.png,0.467870,0.151002,0.237454,0.062664,0.081011,anodr
20051117_37051_0400_PP_1136.png,0.494267,0.136826,0.226015,0.065531,0.077361,anodr
20051117_37078_0400_PP_559.png,0.662319,0.087155,0.154583,0.045993,0.049950,anodr
20051117_37100_0400_PP_1083.png,0.603769,0.090290,0.190611,0.055378,0.059952,anodr
20051117_37130_0400_PP_938.png,0.610734,0.096923,0.179176,0.053816,0.059351,anodr
20051117_37155_0400_PP_84.png,0.645246,0.096459,0.155210,0.049179,0.053905,anodr
20051117_37185_0400_PP_404.png,0.625446,0.100391,0.167513,0.050094,0.056556,anodr
20051117_37321_0400_PP_947.png,0.570946,0.104571,0.203268,0.056046,0.065169,anodr
20051130_53586_0400_PP_1121.png,0.541902,0.116166,0.205876,0.057379,0.078678,anodr
20051130_53623_0400_PP_894.png,0.674123,0.070169,0.161730,0.050598,0.043380,anodr
20051130_53663_0400_PP_510.png,0.712761,0.071794,0.136464,0.041264,0.037718,anodr
20051130_53991_0400_PP_277.png,0.632498,0.095381,0.167198,0.049732,0.055191,anodr
20051130_54030_0400_PP_946.png,0.602921,0.107501,0.174960,0.052832,0.061787,anodr
20051130_54077_0400_PP_1117.png,0.534765,0.130985,0.214621,0.055909,0.063719,anodr
20051130_54121_0400_PP_1281.png,0.667081,0.092637,0.147541,0.043297,0.049444,anodr
20051130_54257_0400_PP_506.png,0.589993,0.103018,0.188838,0.055352,0.062799,anodr
20051130_54301_0400_PP_93.png,0.567989,0.102565,0.196252,0.060709,0.072485,anodr
20051130_54323_0400_PP_978.png,0.556324,0.113946,0.199466,0.055494,0.074769,anodr
20051130_54476_0400_PP_394.png,0.630312,0.107689,0.165044,0.045986,0.050969,anodr
20051130_54498_0400_PP_1217.png,0.537484,0.118912,0.211618,0.061880,0.070105,anodr
20051130_54595_0400_PP_940.png,0.327907,0.143198,0.312822,0.083842,0.132230,anodr
20051130_54802_0400_PP_550.png,0.677062,0.094319,0.143191,0.042095,0.043333,anodr
20051130_54846_0400_PP_289.png,0.693472,0.086785,0.139309,0.039138,0.041295,anodr
20051130_54943_0400_PP_1044.png,0.673214,0.085444,0.152249,0.045978,0.043115,anodr
20051130_54956_0400_PP_875.png,0.686735,0.091622,0.138204,0.042064,0.041376,anodr
20051130_55004_0400_PP_1259.png,0.630363,0.102700,0.159970,0.047816,0.059151,anodr
20051130_55012_0400_PP_865.png,0.669219,0.082903,0.148051,0.045970,0.053856,anodr
20051130_55037_0400_PP_443.png,0.687407,0.084867,0.142940,0.042065,0.042721,anodr
20051130_55048_0400_PP_921.png,0.734302,0.070460,0.120816,0.037304,0.037118,anodr
20051130_55074_0400_PP_986.png,0.567889,0.117260,0.196966,0.053778,0.064107,anodr
20051130_55086_0400_PP_1152.png,0.603725,0.114168,0.177024,0.049567,0.055516,anodr
20051130_55107_0400_PP_316.png,0.514805,0.110078,0.230436,0.065865,0.078816,anodr
20051130_55160_0400_PP_1182.png,0.528431,0.132660,0.224526,0.054093,0.060291,anodr
20051130_55269_0400_PP_820.png,0.619734,0.114160,0.176874,0.043940,0.045292,anodr
20051130_55311_0400_PP_896.png,0.454634,0.140086,0.252998,0.065043,0.087238,anodr
20051130_55323_0400_PP_883.png,0.545958,0.113980,0.209494,0.059138,0.071431,anodr
20051130_55381_0400_PP_504.png,0.736266,0.080820,0.111479,0.035294,0.036142,anodr
20051130_55393_0400_PP_1251.png,0.732826,0.078314,0.120060,0.034409,0.034391,anodr
20051130_58716_0400_PP_355.png,0.667362,0.079698,0.161878,0.048654,0.042408,anodr
20051130_58824_0400_PP_1181.png,0.595064,0.086285,0.202896,0.060442,0.055314,anodr
20051130_58874_0400_PP_1359.png,0.632491,0.091541,0.166060,0.049704,0.060205,anodr
20051130_58888_0400_PP_284.png,0.457812,0.122158,0.255878,0.068846,0.095305,anodr
20051130_58962_0400_PP_973.png,0.570796,0.112967,0.189610,0.054718,0.071909,anodr
20051130_58998_0400_PP_543.png,0.745967,0.062652,0.115104,0.037791,0.038485,anodr
20051130_59029_0400_PP_270.png,0.677509,0.066238,0.160506,0.051384,0.044362,anodr
20051130_59186_0400_PP_350.png,0.708808,0.095616,0.121065,0.035865,0.038646,anodr
20051130_59284_0400_PP_853.png,0.789861,0.072440,0.080754,0.027475,0.029470,anodr
20051130_59374_0400_PP_410.png,0.606269,0.095908,0.186331,0.053020,0.058473,anodr
20051130_59404_0400_PP_392.png,0.724990,0.072668,0.125524,0.036761,0.040057,anodr
20051130_59457_0400_PP_1053.png,0.760724,0.075308,0.099534,0.031167,0.033267,anodr
20051130_59464_0400_PP_1141.png,0.783218,0.066050,0.093471,0.028791,0.028470,anodr
20051130_59749_0400_PP_965.png,0.494674,0.111665,0.237077,0.067934,0.088651,anodr
20051130_59775_0400_PP_1224.png,0.511233,0.126546,0.227639,0.060125,0.074457,anodr
20051130_59793_0400_PP_926.png,0.570117,0.121043,0.188895,0.055368,0.064577,anodr
20051130_59802_0400_PP_430.png,0.510628,0.121218,0.231163,0.063931,0.073059,anodr
20051130_59850_0400_PP_36.png,0.690729,0.091459,0.137917,0.040515,0.039380,anodr
20051130_59869_0400_PP_520.png,0.660560,0.100249,0.155521,0.041687,0.041983,anodr
20051130_59964_0400_PP_312.png,0.665037,0.096286,0.146246,0.043249,0.049182,anodr
20051130_59993_0400_PP_439.png,0.607823,0.115226,0.174550,0.048516,0.053886,anodr
20051130_60040_0400_PP_1355.png,0.604407,0.102629,0.183975,0.051351,0.057637,anodr
20051130_60066_0400_PP_1170.png,0.644330,0.100377,0.160984,0.044289,0.050019,anodr
20051130_60186_0400_PP_1365.png,0.720464,0.084142,0.119707,0.035901,0.039786,anodr
20051130_60234_0400_PP_453.png,0.681923,0.093539,0.135204,0.041206,0.048129,anodr
20051130_60448_0400_PP_860.png,0.461793,0.108683,0.270107,0.070979,0.088437,anodr
20051130_60490_0400_PP_828.png,0.331744,0.119669,0.354014,0.084329,0.110244,cmoderatedr
20051130_60532_0400_PP_1052.png,0.470194,0.130774,0.247550,0.068246,0.083236,anodr
20051130_60562_0400_PP_121.png,0.442060,0.133028,0.263240,0.067070,0.094602,anodr
20051130_60601_0400_PP_146.png,0.715717,0.085708,0.122549,0.037591,0.038435,anodr
20051130_60630_0400_PP_60.png,0.523047,0.113750,0.228388,0.061814,0.073000,anodr
20051130_60691_0400_PP_939.png,0.493059,0.115981,0.246511,0.065011,0.079439,anodr
20051130_60715_0400_PP_555.png,0.431419,0.118782,0.282261,0.074499,0.093039,anodr
20051130_60740_0400_PP_1166.png,0.519999,0.125866,0.214556,0.059256,0.080322,anodr
20051130_60794_0400_PP_280.png,0.672982,0.094771,0.142502,0.043541,0.046205,anodr
20051130_60822_0400_PP_980.png,0.750391,0.074569,0.106382,0.033494,0.035163,anodr
20051201_37312_0400_PP_1333.png,0.662373,0.111512,0.139670,0.042003,0.044442,anodr
20051201_37337_0400_PP_839.png,0.685696,0.100185,0.128611,0.041651,0.043857,anodr
20051201_37382_0400_PP_1350.png,0.570348,0.127079,0.188754,0.053400,0.060419,anodr
20051201_37390_0400_PP_833.png,0.726599,0.082388,0.119936,0.035317,0.035759,anodr
20051201_37409_0400_PP_1340.png,0.535311,0.123529,0.211881,0.059468,0.069811,anodr
20051201_37462_0400_PP_357.png,0.636928,0.104473,0.157787,0.047823,0.052989,anodr
20051201_37534_0400_PP_906.png,0.529439,0.116430,0.220288,0.060636,0.073207,anodr
20051201_37557_0400_PP_1336.png,0.518707,0.128872,0.216616,0.061768,0.074037,anodr
20051201_38041_0400_PP_1312.png,0.667773,0.096534,0.142839,0.042230,0.050625,anodr
20051201_38081_0400_PP_963.png,0.687042,0.083442,0.136256,0.045382,0.047879,anodr
20051201_38103_0400_PP_81.png,0.547921,0.128093,0.201200,0.053058,0.069727,anodr
20051201_38137_0400_PP_391.png,0.514067,0.126716,0.217572,0.060784,0.080860,anodr
20051201_38155_0400_PP_112.png,0.650193,0.089720,0.158387,0.048997,0.052704,anodr
20051201_38164_0400_PP_881.png,0.684373,0.095706,0.137649,0.041104,0.041168,anodr
20051201_38199_0400_PP_1329.png,0.576096,0.114411,0.192748,0.054879,0.061866,anodr
20051201_38211_0400_PP_1174.png,0.469256,0.135829,0.255389,0.064280,0.075246,anodr
20051201_38246_0400_PP_1063.png,0.701087,0.085051,0.133622,0.038051,0.042190,anodr
20051201_38262_0400_PP_335.png,0.613324,0.111937,0.170261,0.046588,0.057890,anodr
20051201_38280_0400_PP_1103.png,0.700999,0.096260,0.130952,0.036422,0.035368,anodr
20051201_38291_0400_PP_468.png,0.656002,0.101416,0.150993,0.043761,0.047829,anodr
20051201_38321_0400_PP_903.png,0.516055,0.132487,0.215682,0.058134,0.077641,anodr
20051201_38349_0400_PP_892.png,0.566081,0.120700,0.188546,0.053551,0.071123,anodr
20051201_38466_0400_PP_572.png,0.596425,0.088317,0.201152,0.055184,0.058922,anodr
20051201_38475_0400_PP_560.png,0.589051,0.097254,0.202397,0.053204,0.058094,anodr
20051202_37162_0400_PP_29.png,0.648937,0.109039,0.148481,0.043498,0.050044,anodr
20051202_51599_0400_PP_966.png,0.696640,0.093025,0.128257,0.039843,0.042235,anodr
20051202_51616_0400_PP_1018.png,0.690108,0.092550,0.134979,0.041175,0.041188,anodr
20051205_57651_0400_PP_52.png,0.570683,0.117816,0.196872,0.054040,0.060588,anodr
20051205_57704_0400_PP_1167.png,0.521112,0.141133,0.214869,0.056317,0.066570,anodr
20051205_57757_0400_PP_1100.png,0.623988,0.108927,0.162678,0.045845,0.058562,anodr
20051205_57780_0400_PP_1102.png,0.648387,0.100419,0.151432,0.043969,0.055792,anodr
20051205_57799_0400_PP_868.png,0.365763,0.140852,0.306847,0.078296,0.108242,anodr
20051205_57809_0400_PP_1228.png,0.707661,0.091767,0.119715,0.036545,0.044313,anodr
20051205_57838_0400_PP_859.png,0.640012,0.095526,0.166085,0.046684,0.051693,anodr
20051205_57879_0400_PP_1254.png,0.680576,0.092157,0.140118,0.040687,0.046462,anodr
20051205_57942_0400_PP_990.png,0.716623,0.084128,0.124861,0.036462,0.037926,anodr
20051205_57988_0400_PP_1112.png,0.644311,0.089331,0.173438,0.047235,0.045685,anodr
20051205_58037_0400_PP_835.png,0.503382,0.111666,0.248264,0.065129,0.071558,anodr
20051205_58060_0400_PP_376.png,0.534614,0.113559,0.221952,0.060662,0.069213,anodr
20051205_58080_0400_PP_1034.png,0.665421,0.091429,0.149091,0.043491,0.050568,anodr
20051205_58091_0400_PP_292.png,0.641909,0.096797,0.158539,0.047210,0.055546,anodr
20051205_58109_0400_PP_1311.png,0.673908,0.095178,0.145393,0.041140,0.044380,anodr
20051205_58125_0400_PP_46.png,0.616078,0.109760,0.166357,0.049379,0.058426,anodr
20051205_58150_0400_PP_393.png,0.643619,0.098234,0.163353,0.046193,0.048600,anodr
20051205_58177_0400_PP_503.png,0.701774,0.082786,0.132634,0.040094,0.042712,anodr
20051205_58354_0400_PP_1282.png,0.663999,0.099004,0.145414,0.044367,0.047216,anodr
20051205_58373_0400_PP_55.png,0.540779,0.127357,0.205325,0.055753,0.070785,anodr
20051205_58409_0400_PP_985.png,0.608123,0.112372,0.179455,0.047554,0.052496,anodr
20051205_58431_0400_PP_493.png,0.584255,0.107770,0.193674,0.052355,0.061947,anodr
20051205_58458_0400_PP_309.png,0.523831,0.123768,0.216952,0.060807,0.074642,anodr
20051205_58502_0400_PP_482.png,0.513036,0.117425,0.232302,0.062791,0.074445,anodr
20051205_58613_0400_PP_843.png,0.751429,0.078377,0.107108,0.032328,0.030758,anodr
20051205_59240_0400_PP_301.png,0.653397,0.097259,0.157908,0.043783,0.047654,anodr
20051205_59337_0400_PP_945.png,0.734978,0.084116,0.107968,0.036846,0.036092,anodr
20051205_59351_0400_PP_332.png,0.683564,0.092976,0.139115,0.040994,0.043351,anodr
20051205_59367_0400_PP_816.png,0.719756,0.092467,0.116376,0.035035,0.036366,anodr
20051205_59379_0400_PP_842.png,0.660464,0.099612,0.153914,0.044443,0.041568,anodr
20051205_59510_0400_PP_329.png,0.677899,0.100694,0.136697,0.042053,0.042657,anodr
20051205_59538_0400_PP_534.png,0.721569,0.082509,0.118826,0.037534,0.039562,anodr
20051205_59617_0400_PP_1000.png,0.559489,0.133090,0.199775,0.049399,0.058247,anodr
20051205_59651_0400_PP_1164.png,0.601591,0.119507,0.175469,0.046758,0.056675,anodr
20051205_59738_0400_PP_119.png,0.703791,0.087982,0.127858,0.038810,0.041560,anodr
20051205_59754_0400_PP_880.png,0.731827,0.083184,0.110552,0.036845,0.037592,anodr
20051205_59833_0400_PP_531.png,0.675126,0.098709,0.141821,0.040283,0.044061,anodr
20051205_59858_0400_PP_523.png,0.660655,0.100906,0.149312,0.043808,0.045319,anodr
20051205_59901_0400_PP_417.png,0.723899,0.080120,0.125128,0.035636,0.035217,anodr
20051205_59923_0400_PP_1307.png,0.757248,0.067295,0.110767,0.033061,0.031629,anodr
20051205_60093_0400_PP_1286.png,0.626354,0.093399,0.177136,0.048839,0.054272,anodr
20051205_60119_0400_PP_451.png,0.596738,0.100802,0.190828,0.051993,0.059639,anodr
20051213_61406_0100_PP_1027.png,0.660404,0.097558,0.154527,0.043599,0.043912,anodr
20051213_61802_0100_PP_408.png,0.751718,0.080884,0.104755,0.031773,0.030870,anodr
20051213_61892_0100_PP_837.png,0.662014,0.097022,0.151863,0.043587,0.045514,anodr
20051213_61951_0100_PP_983.png,0.720230,0.079656,0.126469,0.036258,0.037386,anodr
20051213_62251_0100_PP_27.png,0.596828,0.103476,0.188860,0.052654,0.058182,anodr
20051213_62314_0100_PP_1325.png,0.539237,0.116373,0.218950,0.056606,0.068834,anodr
20051213_62518_0100_PP_821.png,0.681775,0.086470,0.151428,0.040415,0.039911,anodr
20051213_62572_0100_PP_1176.png,0.671148,0.085194,0.157513,0.046269,0.039876,anodr
20051214_40529_0100_PP_1120.png,0.766763,0.072876,0.098880,0.031373,0.030108,anodr
20051214_40767_0100_PP_1039.png,0.658084,0.110084,0.145685,0.042044,0.044104,anodr
20051214_40994_0100_PP_435.png,0.766837,0.078415,0.095509,0.030228,0.029010,anodr
20051214_41055_0100_PP_41.png,0.776787,0.071647,0.094072,0.030391,0.027104,anodr
20051214_42133_0100_PP_462.png,0.593093,0.117378,0.182078,0.053043,0.054409,anodr
20051214_42197_0100_PP_1288.png,0.581064,0.122990,0.182278,0.053967,0.059702,anodr
20051214_42323_0100_PP_845.png,0.616235,0.113848,0.171147,0.048680,0.050091,anodr
20051214_42363_0100_PP_42.png,0.599073,0.104840,0.182993,0.052882,0.060212,anodr
20051214_51178_0100_PP_1380.png,0.710687,0.082766,0.134673,0.037320,0.034554,anodr
20051214_51211_0100_PP_511.png,0.746465,0.070642,0.119877,0.032806,0.030210,anodr
20051214_51308_0100_PP_1342.png,0.623387,0.093269,0.176664,0.049651,0.057028,anodr
20051214_51342_0100_PP_970.png,0.630280,0.093558,0.169994,0.049133,0.057034,anodr
20051214_51442_0100_PP_28.png,0.671001,0.107121,0.136085,0.041562,0.044232,anodr
20051214_51469_0100_PP_1060.png,0.739291,0.092028,0.104546,0.032867,0.031268,anodr
20051214_56242_0100_PP_337.png,0.603213,0.123618,0.174321,0.047101,0.051746,anodr
20051214_56392_0100_PP_1037.png,0.853561,0.040551,0.065336,0.021675,0.018877,anodr
20051214_56438_0100_PP_22.png,0.682161,0.088932,0.146500,0.040760,0.041648,anodr
20051214_56636_0100_PP_128.png,0.562138,0.126796,0.190202,0.055765,0.065099,anodr
20051214_56688_0100_PP_120.png,0.593332,0.108944,0.184444,0.052121,0.061158,anodr
20051214_57761_0100_PP_356.png,0.522376,0.129980,0.211339,0.056644,0.079661,anodr
20051214_57817_0100_PP_876.png,0.453189,0.126763,0.253193,0.066243,0.100612,anodr
20051216_43913_0200_PP_1367.png,0.530361,0.108774,0.225145,0.059990,0.075730,anodr
20051216_44066_0200_PP_426.png,0.535460,0.100066,0.240923,0.060726,0.062825,anodr
20051216_44092_0200_PP_1090.png,0.531658,0.110734,0.223189,0.064190,0.070228,anodr
20051216_44221_0200_PP_548.png,0.647631,0.099713,0.160944,0.044204,0.047507,anodr
20051216_44252_0200_PP_952.png,0.594557,0.106711,0.191804,0.051246,0.055682,anodr
20051216_44398_0200_PP_1235.png,0.784642,0.075576,0.085246,0.028060,0.026476,anodr
20051216_44420_0200_PP_379.png,0.765356,0.084053,0.093691,0.029320,0.027579,anodr
20051216_44635_0200_PP_415.png,0.540819,0.128926,0.203259,0.055977,0.071019,anodr
20051216_44660_0200_PP_888.png,0.644075,0.099500,0.157492,0.045924,0.053009,anodr
20051216_44811_0200_PP_567.png,0.708028,0.082215,0.130526,0.038710,0.040521,anodr
20051216_44832_0200_PP_1082.png,0.769054,0.069780,0.101570,0.030207,0.029389,anodr
20051216_45076_0200_PP_818.png,0.376331,0.160045,0.301862,0.067290,0.094472,anodr
20051216_45499_0200_PP_1071.png,0.728979,0.087111,0.113934,0.033893,0.036082,anodr
20051216_45781_0200_PP_320.png,0.536060,0.115743,0.225994,0.056237,0.065966,anodr
20051216_45873_0200_PP_832.png,0.635341,0.110012,0.161357,0.044508,0.048783,anodr
20051216_45992_0200_PP_341.png,0.476534,0.122001,0.248184,0.069312,0.083969,anodr
20051216_46018_0200_PP_1216.png,0.544802,0.111005,0.208972,0.058215,0.077006,anodr
20051216_46183_0200_PP_1204.png,0.562694,0.104858,0.210076,0.056837,0.065534,anodr
20051216_47514_0200_PP_110.png,0.472029,0.132335,0.244138,0.062399,0.089099,anodr
20051216_47536_0200_PP_1339.png,0.537437,0.114833,0.210265,0.058738,0.078727,anodr
20060407_38711_0200_PP_283.png,0.520712,0.135543,0.219090,0.056268,0.068387,anodr
20060407_38970_0200_PP_1111.png,0.531147,0.131442,0.220826,0.053336,0.063249,anodr
20060407_39155_0200_PP_855.png,0.739282,0.075094,0.114980,0.036313,0.034331,anodr
20060407_39184_0200_PP_373.png,0.711058,0.074330,0.132568,0.042425,0.039619,anodr
20060407_39306_0200_PP_1074.png,0.689175,0.082296,0.149257,0.041280,0.037993,anodr
20060407_39328_0200_PP_893.png,0.588756,0.092263,0.206091,0.053595,0.059294,anodr
20060407_39435_0200_PP_1214.png,0.384140,0.128671,0.302764,0.077635,0.106790,anodr
20060407_39546_0200_PP_545.png,0.504544,0.128678,0.229867,0.060824,0.076087,anodr
20060407_39567_0200_PP_1168.png,0.524846,0.115128,0.218685,0.058138,0.083202,anodr
20060407_39687_0200_PP_101.png,0.550916,0.110747,0.212218,0.053223,0.072896,anodr
20060407_39761_0200_PP_518.png,0.570879,0.111373,0.198342,0.053719,0.065687,anodr
20060407_39780_0200_PP_1006.png,0.524330,0.119777,0.223054,0.058926,0.073915,anodr
20060407_40740_0200_PP_314.png,0.479936,0.118182,0.254256,0.069240,0.078385,anodr
20060407_40761_0200_PP_282.png,0.498447,0.113043,0.249382,0.062238,0.076890,anodr
20060407_41149_0200_PP_26.png,0.685741,0.069194,0.159716,0.044817,0.040533,anodr
20060407_41177_0200_PP_1104.png,0.681024,0.073633,0.163991,0.042674,0.038677,anodr
20060407_41312_0200_PP_895.png,0.760086,0.082423,0.099385,0.029712,0.028394,anodr
20060407_41980_0200_PP_1347.png,0.639517,0.105401,0.157734,0.045166,0.052183,anodr
20060407_42099_0200_PP_77.png,0.448284,0.130667,0.269539,0.064643,0.086867,anodr
20060407_42133_0200_PP_488.png,0.537834,0.106539,0.223848,0.054338,0.077441,anodr
20060407_42290_0200_PP_1107.png,0.676063,0.075325,0.158843,0.045430,0.044340,anodr
20060407_42308_0200_PP_1278.png,0.719815,0.065466,0.135784,0.038393,0.040541,anodr
20060407_43223_0200_PP_47.png,0.422206,0.113865,0.296140,0.076668,0.091120,anodr
20060407_43258_0200_PP_118.png,0.534016,0.103553,0.227329,0.058133,0.076968,anodr
20060407_43594_0200_PP_140.png,0.648180,0.100380,0.160946,0.045252,0.045241,anodr
20060407_43618_0200_PP_867.png,0.658905,0.096777,0.156532,0.043549,0.044238,anodr
20060407_43726_0200_PP_1128.png,0.644065,0.112715,0.147912,0.042154,0.053153,anodr
20060407_43746_0200_PP_1058.png,0.659635,0.102093,0.146991,0.042064,0.049218,anodr
20060407_43834_0200_PP_1162.png,0.465224,0.137607,0.247785,0.061119,0.088265,anodr
20060407_43856_0200_PP_862.png,0.424411,0.132885,0.280319,0.069036,0.093350,anodr
20060407_44042_0200_PP_1047.png,0.599797,0.109892,0.183731,0.050789,0.055792,anodr
20060407_44061_0200_PP_295.png,0.642837,0.098469,0.162178,0.047110,0.049405,anodr
20060407_44400_0200_PP_956.png,0.450725,0.105010,0.301823,0.072273,0.070169,anodr
20060407_44422_0200_PP_847.png,0.519980,0.093378,0.261268,0.063473,0.061901,anodr
20060407_44510_0200_PP_48.png,0.569935,0.114131,0.196977,0.055254,0.063704,anodr
20060407_44529_0200_PP_1212.png,0.589407,0.108686,0.188597,0.052675,0.060636,anodr
20060407_44743_0200_PP_824.png,0.513574,0.123944,0.229266,0.059610,0.073606,anodr
20060407_44766_0200_PP_89.png,0.495907,0.135415,0.230862,0.058925,0.078891,anodr
20060407_44866_0200_PP_293.png,0.643366,0.111038,0.155587,0.044792,0.045217,anodr
20060407_44889_0200_PP_830.png,0.656046,0.099840,0.155093,0.044168,0.044853,anodr
20060407_45107_0200_PP_1345.png,0.622517,0.104990,0.171963,0.046974,0.053556,anodr
20060407_45230_0200_PP_1297.png,0.642197,0.096234,0.167810,0.045605,0.048155,anodr
20060407_45247_0200_PP_1159.png,0.483417,0.115201,0.257163,0.065938,0.078281,anodr
20060407_45718_0200_PP_400.png,0.522531,0.109257,0.238813,0.062152,0.067247,anodr
20060407_45737_0200_PP_1089.png,0.522705,0.112030,0.233847,0.060266,0.071152,anodr
20060407_45834_0200_PP_1219.png,0.593028,0.106444,0.188211,0.051461,0.060856,anodr
20060407_45852_0200_PP_287.png,0.597016,0.104529,0.188186,0.051452,0.058818,anodr
20060407_45949_0200_PP_38.png,0.624655,0.106217,0.172633,0.048924,0.047572,anodr
20060407_46070_0200_PP_1236.png,0.597842,0.111327,0.180887,0.052418,0.057526,anodr
20060407_46235_0200_PP_566.png,0.524011,0.125017,0.224458,0.059295,0.067219,anodr
20060407_46257_0200_PP_827.png,0.506221,0.107447,0.245094,0.066550,0.074687,anodr
20060410_39047_0200_PP_457.png,0.737878,0.081892,0.111647,0.034048,0.034535,anodr
20060410_39075_0200_PP_953.png,0.719692,0.089191,0.116737,0.035605,0.038775,anodr
20060410_39229_0200_PP_1372.png,0.597767,0.104471,0.187652,0.052288,0.057821,anodr
20060410_39476_0200_PP_403.png,0.550631,0.132857,0.202283,0.055524,0.058705,anodr
20060410_39500_0200_PP_73.png,0.573861,0.124728,0.189489,0.053939,0.057983,anodr
20060410_39586_0200_PP_574.png,0.663348,0.106226,0.149956,0.039027,0.041442,anodr
20060410_39606_0200_PP_1148.png,0.563115,0.123173,0.202049,0.050443,0.061219,anodr
20060410_39695_0200_PP_1008.png,0.633699,0.093696,0.170747,0.045968,0.055890,anodr
20060410_39859_0200_PP_296.png,0.473892,0.126290,0.253229,0.063011,0.083578,anodr
20060410_39879_0200_PP_951.png,0.590096,0.107894,0.186997,0.049926,0.065087,anodr
20060410_39994_0200_PP_1378.png,0.652726,0.091832,0.167835,0.039859,0.047749,anodr
20060410_40403_0200_PP_1273.png,0.415308,0.126830,0.294270,0.068156,0.095437,anodr
20060410_40499_0200_PP_15.png,0.756608,0.061275,0.116500,0.036098,0.029518,anodr
20060410_40633_0200_PP_869.png,0.609539,0.100814,0.179707,0.053528,0.056413,anodr
20060410_40846_0200_PP_414.png,0.639129,0.101073,0.163911,0.042896,0.052992,anodr
20060410_40953_0200_PP_1362.png,0.649998,0.103116,0.161391,0.043510,0.041986,anodr
20060410_40979_0200_PP_1017.png,0.633943,0.099668,0.170702,0.048121,0.047566,anodr
20060410_41098_0200_PP_912.png,0.513546,0.119920,0.234847,0.057425,0.074261,anodr
20060410_41191_0200_PP_1364.png,0.412621,0.146495,0.271397,0.072424,0.097063,anodr
20060410_41209_0200_PP_1115.png,0.439798,0.134336,0.264605,0.065292,0.095969,anodr
20060410_41603_0200_PP_64.png,0.642082,0.102153,0.160225,0.046683,0.048856,anodr
20060410_41880_0200_PP_1266.png,0.602307,0.099152,0.185771,0.053628,0.059143,anodr
20060410_41901_0200_PP_1068.png,0.601701,0.099009,0.187351,0.052136,0.059803,anodr
20060410_43847_0200_PP_273.png,0.507581,0.120303,0.237720,0.063460,0.070937,anodr
20060410_43868_0200_PP_874.png,0.580149,0.101907,0.207456,0.052908,0.057581,anodr
20060410_43979_0200_PP_276.png,0.579697,0.112515,0.197968,0.046345,0.063476,anodr
20060410_44345_0200_PP_1011.png,0.610918,0.092579,0.188035,0.052435,0.056032,anodr
20060410_44364_0200_PP_1274.png,0.704262,0.074956,0.137811,0.041282,0.041689,anodr
20060410_44464_0200_PP_1255.png,0.735014,0.078789,0.120082,0.034624,0.031491,anodr
20060410_44504_0200_PP_474.png,0.755260,0.073519,0.108373,0.032164,0.030683,anodr
20060410_44601_0200_PP_1013.png,0.568053,0.113503,0.202205,0.054237,0.062002,anodr
20060410_44770_0200_PP_1320.png,0.310218,0.141976,0.340980,0.089846,0.116981,cmoderatedr
20060410_44802_0200_PP_1069.png,0.548374,0.115871,0.205740,0.055579,0.074436,anodr
20060410_44934_0200_PP_418.png,0.605849,0.112927,0.175043,0.048568,0.057614,anodr
20060410_45167_0200_PP_549.png,0.721814,0.080680,0.126606,0.035841,0.035059,anodr
20060410_45188_0200_PP_544.png,0.680528,0.091238,0.143925,0.041121,0.043189,anodr
20060410_47186_0200_PP_1143.png,0.657699,0.098140,0.146044,0.046085,0.052033,anodr
20060411_58071_0200_PP_1022.png,0.628890,0.100198,0.171739,0.047500,0.051673,anodr
20060411_58392_0200_PP_34.png,0.615037,0.109857,0.170347,0.050331,0.054429,anodr
20060411_58413_0200_PP_358.png,0.634178,0.103811,0.165094,0.046068,0.050850,anodr
20060411_58469_0200_PP_982.png,0.683420,0.071698,0.158608,0.045746,0.040527,anodr
20060411_58494_0200_PP_452.png,0.703971,0.068317,0.149022,0.040842,0.037847,anodr
20060411_58571_0200_PP_148.png,0.544689,0.104570,0.205595,0.052473,0.092672,anodr
20060411_58644_0200_PP_538.png,0.605513,0.095329,0.186134,0.051302,0.061722,anodr
20060411_58808_0200_PP_125.png,0.785896,0.066167,0.089512,0.029539,0.028886,anodr
20060411_58829_0200_PP_1091.png,0.712496,0.081201,0.123151,0.039593,0.043559,anodr
20060411_58891_0200_PP_929.png,0.641693,0.100886,0.163269,0.047168,0.046985,anodr
20060411_58913_0200_PP_1356.png,0.734800,0.076733,0.115195,0.035796,0.037476,anodr
20060411_60511_0200_PP_351.png,0.550317,0.126462,0.201905,0.051312,0.070004,anodr
20060411_61687_0200_PP_431.png,0.593002,0.103696,0.185773,0.050524,0.067004,anodr
20060411_61702_0200_PP_1040.png,0.594056,0.101691,0.185790,0.053296,0.065167,anodr
20060411_61869_0200_PP_955.png,0.597102,0.122197,0.183873,0.047601,0.049227,anodr
20060411_61901_0200_PP_288.png,0.635512,0.105573,0.164679,0.045279,0.048958,anodr
20060411_62036_0200_PP_59.png,0.629700,0.096941,0.164368,0.049659,0.059331,anodr
20060411_62058_0200_PP_948.png,0.480406,0.114620,0.247237,0.067483,0.090255,anodr
20060411_62162_0200_PP_97.png,0.421052,0.135386,0.291082,0.070169,0.082311,anodr
20060412_51835_0200_PP_1331.png,0.582795,0.102812,0.200498,0.055842,0.058052,anodr
20060412_51860_0200_PP_890.png,0.492830,0.121613,0.255184,0.064905,0.065468,anodr
20060412_52098_0200_PP_491.png,0.701992,0.088085,0.130418,0.037872,0.041633,anodr
20060412_52351_0200_PP_944.png,0.592607,0.113813,0.184232,0.049404,0.059944,anodr
20060412_52371_0200_PP_354.png,0.481222,0.134498,0.248590,0.057234,0.078455,anodr
20060412_52425_0200_PP_1292.png,0.663891,0.081967,0.162089,0.045336,0.046717,anodr
20060412_52446_0200_PP_533.png,0.611586,0.089067,0.186661,0.052536,0.060150,anodr
20060412_52606_0200_PP_1046.png,0.729354,0.081161,0.119162,0.035052,0.035271,anodr
20060412_52840_0200_PP_343.png,0.631209,0.115735,0.160652,0.045936,0.046468,anodr
20060412_57874_0200_PP_108.png,0.585253,0.119990,0.198365,0.043642,0.052749,anodr
20060412_57952_0200_PP_388.png,0.691222,0.092273,0.136095,0.038800,0.041611,anodr
20060412_57974_0200_PP_94.png,0.663162,0.087939,0.157064,0.043556,0.048279,anodr
20060412_58032_0200_PP_994.png,0.490223,0.125638,0.251501,0.060173,0.072464,anodr
20060412_58054_0200_PP_825.png,0.506267,0.120608,0.232360,0.059096,0.081669,anodr
20060412_58137_0200_PP_1215.png,0.446353,0.136084,0.261229,0.066372,0.089962,anodr
20060412_58723_0200_PP_1153.png,0.498666,0.113746,0.244195,0.065484,0.077909,anodr
20060412_58802_0200_PP_925.png,0.716255,0.090606,0.120164,0.034957,0.038018,anodr
20060412_58819_0200_PP_942.png,0.717478,0.087280,0.122448,0.035751,0.037043,anodr
20060412_59175_0200_PP_852.png,0.569135,0.125380,0.193463,0.050785,0.061237,anodr
20060412_59196_0200_PP_1021.png,0.650301,0.097759,0.161720,0.041940,0.048280,anodr
20060412_59259_0200_PP_364.png,0.606980,0.113847,0.175451,0.050163,0.053560,anodr
20060412_59338_0200_PP_423.png,0.568193,0.119956,0.201898,0.054055,0.055898,anodr
20060412_59355_0200_PP_977.png,0.604885,0.110511,0.182844,0.049817,0.051943,anodr
20060412_60751_0200_PP_822.png,0.593136,0.118919,0.182531,0.049400,0.056015,anodr
20060412_60773_0200_PP_319.png,0.705500,0.092326,0.132568,0.034384,0.035223,anodr
20060412_61064_0200_PP_1114.png,0.418129,0.132214,0.283125,0.069289,0.097243,anodr
20060412_61365_0200_PP_274.png,0.623818,0.109427,0.169011,0.046852,0.050893,anodr
20060412_61383_0200_PP_334.png,0.772754,0.067268,0.099495,0.029672,0.030811,anodr
20060412_61433_0200_PP_1072.png,0.653454,0.085032,0.165456,0.044004,0.052054,anodr
20060412_61450_0200_PP_1002.png,0.599701,0.096629,0.197687,0.052691,0.053292,anodr
20060412_61525_0200_PP_889.png,0.526611,0.100557,0.239878,0.058671,0.074283,anodr
20060412_61665_0200_PP_1324.png,0.628290,0.103997,0.169626,0.046647,0.051439,anodr
20060412_61790_0200_PP_12.png,0.623073,0.111128,0.167530,0.044175,0.054095,anodr
20060522_43758_0100_PP_988.png,0.712867,0.083640,0.126032,0.039474,0.037987,anodr
20060522_45777_0100_PP_1327.png,0.646474,0.104858,0.154995,0.045350,0.048323,anodr
20060522_45796_0100_PP_1360.png,0.634783,0.098240,0.168584,0.047227,0.051166,anodr
20060522_45853_0100_PP_813.png,0.611456,0.097267,0.186080,0.051537,0.053661,anodr
20060522_45873_0100_PP_1192.png,0.639303,0.090463,0.177417,0.045770,0.047047,anodr
20060522_46104_0100_PP_1302.png,0.644329,0.098922,0.163179,0.045446,0.048124,anodr
20060522_46149_0100_PP_1012.png,0.684858,0.082568,0.150000,0.039964,0.042611,anodr
20060522_46379_0100_PP_1348.png,0.470131,0.155842,0.239938,0.063404,0.070685,anodr
20060522_46400_0100_PP_957.png,0.326642,0.148621,0.332328,0.083705,0.108704,cmoderatedr
20060523_42953_0100_PP_409.png,0.768890,0.063516,0.107019,0.031358,0.029217,anodr
20060523_43105_0100_PP_1156.png,0.710708,0.087526,0.127379,0.037560,0.036828,anodr
20060523_43123_0100_PP_123.png,0.689308,0.084186,0.142788,0.041161,0.042557,anodr
20060523_43248_0100_PP_80.png,0.513615,0.129784,0.227703,0.060980,0.067917,anodr
20060523_43333_0100_PP_551.png,0.502159,0.121240,0.241714,0.060912,0.073974,anodr
20060523_43354_0100_PP_1093.png,0.608144,0.105453,0.183280,0.050279,0.052843,anodr
20060523_45300_0100_PP_21.png,0.644556,0.103266,0.162760,0.043575,0.045844,anodr
20060523_45316_0100_PP_1213.png,0.742351,0.080015,0.107441,0.033154,0.037038,anodr
20060523_45449_0100_PP_1269.png,0.499864,0.121337,0.229914,0.066413,0.082472,anodr
20060523_45467_0100_PP_44.png,0.491379,0.130766,0.224898,0.068645,0.084312,anodr
20060523_45524_0100_PP_428.png,0.542518,0.109229,0.219547,0.059429,0.069276,anodr
20060523_45548_0100_PP_1229.png,0.551576,0.098219,0.221868,0.060989,0.067349,anodr
20060523_47987_0100_PP_844.png,0.591340,0.115993,0.184924,0.050583,0.057161,anodr
20060523_48005_0100_PP_877.png,0.568537,0.118097,0.198296,0.052586,0.062484,anodr
20060523_48136_0100_PP_856.png,0.671082,0.084469,0.150634,0.046054,0.047760,anodr
20060523_48161_0100_PP_385.png,0.633154,0.087567,0.182066,0.048498,0.048715,anodr
20060523_48406_0100_PP_1056.png,0.712626,0.085754,0.123207,0.038321,0.040092,anodr
20060523_48591_0100_PP_1317.png,0.440321,0.139061,0.269203,0.065818,0.085597,anodr
20060523_48709_0100_PP_541.png,0.669957,0.113210,0.136170,0.040274,0.040390,anodr
20060523_48728_0100_PP_1375.png,0.627513,0.116126,0.159013,0.047610,0.049738,anodr
20060523_48890_0100_PP_1338.png,0.663355,0.098174,0.154029,0.041895,0.042547,anodr
20060523_48931_0100_PP_16.png,0.666175,0.087709,0.157220,0.042603,0.046293,anodr
20060523_49100_0100_PP_307.png,0.525281,0.130222,0.214724,0.057766,0.072007,anodr
20060523_49120_0100_PP_85.png,0.575874,0.104723,0.199892,0.053849,0.065662,anodr
20060523_49176_0100_PP_366.png,0.460792,0.138635,0.266950,0.061311,0.072311,anodr
20060523_49191_0100_PP_476.png,0.645854,0.097382,0.167873,0.042974,0.045917,anodr
20060523_49515_0100_PP_375.png,0.773233,0.071146,0.093958,0.029945,0.031717,anodr
20060523_49573_0100_PP_919.png,0.712428,0.085763,0.123974,0.038550,0.039285,anodr
20060523_49663_0100_PP_455.png,0.481684,0.121868,0.244002,0.062592,0.089855,anodr
20060523_49681_0100_PP_1363.png,0.536740,0.109232,0.210746,0.060010,0.083271,anodr
20060523_49726_0100_PP_989.png,0.626371,0.112208,0.167308,0.044992,0.049122,anodr
20060523_49745_0100_PP_1108.png,0.544349,0.114943,0.220856,0.055375,0.064476,anodr
20060523_50153_0100_PP_558.png,0.640857,0.101466,0.160232,0.045753,0.051692,anodr
20060523_50325_0100_PP_1051.png,0.556346,0.107594,0.213358,0.056671,0.066032,anodr
20060523_50342_0100_PP_1211.png,0.580172,0.101757,0.199346,0.053482,0.065243,anodr
20060523_50616_0100_PP_136.png,0.512632,0.118634,0.231608,0.060507,0.076619,anodr
20060523_50631_0100_PP_91.png,0.434097,0.119633,0.288722,0.071659,0.085889,anodr
20060529_56013_0100_PP_1065.png,0.465413,0.136498,0.250024,0.064468,0.083597,anodr
20060529_56039_0100_PP_931.png,0.534724,0.118462,0.224576,0.058145,0.064094,anodr
20060529_56420_0100_PP_466.png,0.737445,0.080971,0.115335,0.034766,0.031483,anodr
20060529_56442_0100_PP_75.png,0.735998,0.075822,0.121022,0.034901,0.032257,anodr
20060529_56563_0100_PP_100.png,0.504153,0.128286,0.229049,0.059996,0.078516,anodr
20060529_56592_0100_PP_381.png,0.461551,0.127717,0.254594,0.065059,0.091079,anodr
20060529_56948_0100_PP_857.png,0.455383,0.120750,0.269956,0.068941,0.084969,anodr
20060529_56968_0100_PP_1131.png,0.543534,0.110817,0.220212,0.057613,0.067825,anodr
20060529_57261_0100_PP_1059.png,0.556338,0.120899,0.206707,0.056021,0.060035,anodr
20060529_57287_0100_PP_1172.png,0.599200,0.106799,0.189480,0.051136,0.053385,anodr
20060529_57351_0100_PP_1206.png,0.732885,0.083052,0.114597,0.035345,0.034121,anodr
20060529_57372_0100_PP_532.png,0.732795,0.076481,0.108114,0.037653,0.044956,anodr
20060530_51254_0100_PP_516.png,0.633240,0.090629,0.172265,0.047898,0.055968,anodr
20060530_51279_0100_PP_67.png,0.627312,0.096433,0.172992,0.047844,0.055419,anodr
20060530_53042_0100_PP_469.png,0.582372,0.135630,0.179113,0.048022,0.054863,anodr
20060530_53062_0100_PP_1377.png,0.560539,0.124862,0.205087,0.053042,0.056469,anodr
20060530_53132_0100_PP_899.png,0.682924,0.092198,0.139291,0.040882,0.044705,anodr
20060530_53152_0100_PP_1227.png,0.643704,0.097198,0.163409,0.046311,0.049379,anodr
20060530_53597_0100_PP_565.png,0.724965,0.085457,0.119874,0.035559,0.034145,anodr
20060530_53742_0100_PP_1137.png,0.591886,0.110527,0.194412,0.047359,0.055816,anodr
20060530_53761_0100_PP_1160.png,0.617603,0.102924,0.176114,0.046948,0.056410,anodr
20060530_53816_0100_PP_1135.png,0.779000,0.066377,0.096138,0.031007,0.027476,anodr
20060530_53836_0100_PP_1343.png,0.732119,0.073892,0.118394,0.037139,0.038456,anodr
20060530_53928_0100_PP_353.png,0.528989,0.131329,0.214897,0.055491,0.069294,anodr
20060530_53954_0100_PP_103.png,0.510214,0.118051,0.235786,0.060609,0.075340,anodr
20060530_55180_0100_PP_1124.png,0.649501,0.101578,0.157434,0.045062,0.046425,anodr
20060530_55607_0100_PP_1222.png,0.572508,0.115623,0.190645,0.054873,0.066352,anodr
IM000056_1358.png,0.487500,0.144605,0.226483,0.059546,0.081866,anodr
IM000057_872.png,0.398688,0.138914,0.306603,0.067532,0.088264,anodr
IM000072_1306.png,0.461613,0.127651,0.259795,0.067269,0.083671,anodr
IM000073_70.png,0.715687,0.071012,0.127032,0.040954,0.045315,anodr
IM000080_434.png,0.287433,0.144537,0.345782,0.091040,0.131207,cmoderatedr
IM000086_333.png,0.533239,0.093281,0.225944,0.063045,0.084491,anodr
IM000087_331.png,0.599165,0.093178,0.185903,0.052853,0.068901,anodr
IM000100_1007.png,0.435016,0.126449,0.281943,0.070933,0.085658,anodr
IM000101_1070.png,0.407965,0.132055,0.290387,0.072212,0.097380,anodr
IM000107_863.png,0.417487,0.147820,0.268783,0.065218,0.100691,anodr
IM000108_991.png,0.433829,0.130853,0.254944,0.069710,0.110664,anodr
IM000114_349.png,0.642284,0.100983,0.159280,0.047119,0.050334,anodr
IM000115_512.png,0.459118,0.135259,0.253878,0.065308,0.086438,anodr
