filename,true_label,predicted_label,correct,prob_anodr,prob_bmilddr,prob_cmoderatedr,prob_dseveredr,prob_eproliferativedr
d26bc6e1230d.png,anodr,anodr,True,0.946969,0.010336,0.015610,0.015908,0.011177
cf8f1bc7a215.png,anodr,anodr,True,0.919505,0.032094,0.023342,0.014599,0.010460
568455854a11.png,anodr,anodr,True,0.948096,0.007903,0.006389,0.024494,0.013118
ef4121e9bb67.png,anodr,anodr,True,0.915110,0.025846,0.023857,0.020603,0.014583
c5bec7f1e5f3.png,anodr,anodr,True,0.860345,0.051752,0.044933,0.024138,0.018832
389552047476.png,anodr,anodr,True,0.786093,0.094310,0.068976,0.027022,0.023600
2b4c7b5f1f1e.png,anodr,anodr,True,0.541419,0.192947,0.212875,0.024635,0.028124
8e76054f0831.png,anodr,anodr,True,0.928312,0.011785,0.019293,0.021549,0.019061
7fe7309d0b4f.png,anodr,anodr,True,0.913295,0.023006,0.034475,0.018761,0.010463
d38cf0f4a9af.png,anodr,anodr,True,0.873415,0.050410,0.045685,0.016025,0.014464
43bc7c066dfb.png,anodr,anodr,True,0.924257,0.013894,0.024474,0.023492,0.013883
1df1530b9b8d.png,anodr,anodr,True,0.932792,0.018520,0.017751,0.017647,0.013290
c755a0c4edcc.png,anodr,anodr,True,0.903819,0.011357,0.047052,0.029141,0.008630
f233638e0e90.png,anodr,anodr,True,0.902572,0.046408,0.019058,0.025521,0.006442
3ce2f8a77a32.png,anodr,anodr,True,0.937180,0.020381,0.020188,0.011316,0.010935
52edbe29d655.png,anodr,anodr,True,0.785346,0.125453,0.055298,0.013912,0.019990
e3cd96cb094c.png,anodr,anodr,True,0.902110,0.010527,0.050370,0.025981,0.011012
a484bdf85b4c.png,anodr,anodr,True,0.927498,0.024787,0.020827,0.015394,0.011493
cfed7c1172ec.png,anodr,anodr,True,0.915977,0.019295,0.027614,0.023898,0.013215
54f57cf26126.png,anodr,anodr,True,0.954754,0.013509,0.015886,0.012081,0.003770
92fcf50b3562.png,anodr,anodr,True,0.945977,0.010694,0.020130,0.016031,0.007168
d332d7b8a26e.png,anodr,anodr,True,0.931177,0.015368,0.022418,0.018812,0.012226
d4583e9525dc.png,anodr,anodr,True,0.941002,0.009713,0.017918,0.019191,0.012177
143db89c11c8.png,anodr,anodr,True,0.940073,0.023830,0.013028,0.013309,0.009759
c365c598ad4e.png,anodr,anodr,True,0.958255,0.007053,0.010893,0.012059,0.011741
d93b61dc8f64.png,anodr,anodr,True,0.868426,0.008318,0.078489,0.028302,0.016465
3f6c627e2ff2.png,anodr,anodr,True,0.916517,0.020947,0.038214,0.015793,0.008528
61a62b1dcc36.png,anodr,anodr,True,0.954279,0.009046,0.015783,0.012141,0.008751
db3cd58aa315.png,anodr,anodr,True,0.951037,0.010039,0.016013,0.015901,0.007011
cec299c2a2d5.png,anodr,anodr,True,0.880881,0.034955,0.045119,0.022907,0.016138
d51e5d7484ea.png,anodr,anodr,True,0.926243,0.022410,0.018683,0.019116,0.013548
4a05f81b3aba.png,anodr,anodr,True,0.939080,0.015488,0.007975,0.031317,0.006140
7ec0e61a7e29.png,anodr,anodr,True,0.857587,0.039663,0.035892,0.023099,0.043759
0d9a9896f801.png,anodr,anodr,True,0.893650,0.040486,0.032136,0.023686,0.010041
3bf3085ac167.png,anodr,anodr,True,0.910482,0.022255,0.025295,0.021905,0.020063
883c6a184f16.png,anodr,anodr,True,0.949693,0.009367,0.018251,0.013621,0.009069
983c98354e9c.png,anodr,anodr,True,0.835603,0.092820,0.036167,0.024530,0.010879
7831ce1d895e.png,anodr,anodr,True,0.905112,0.013017,0.056490,0.015171,0.010211
875d2ffcbf47.png,anodr,anodr,True,0.922414,0.013235,0.023165,0.024450,0.016736
94f9ecf4b8d2.png,anodr,anodr,True,0.951574,0.006338,0.012462,0.020229,0.009397
8f06ca4642bd.png,anodr,anodr,True,0.949946,0.007447,0.012157,0.020433,0.010017
c2f3281cf528.png,anodr,anodr,True,0.933976,0.011720,0.020298,0.022180,0.011825
3f44d749cd0b.png,anodr,anodr,True,0.537642,0.359389,0.061037,0.020043,0.021889
12bc439d373a.png,anodr,anodr,True,0.925260,0.017026,0.017687,0.024876,0.015151
94b9ccc73bb9.png,anodr,anodr,True,0.927440,0.018721,0.019579,0.021408,0.012852
ad1aa75d5630.png,anodr,anodr,True,0.940268,0.019921,0.018956,0.016441,0.004414
b553e7909535.png,anodr,anodr,True,0.925179,0.013988,0.036126,0.014517,0.010190
98441214557f.png,anodr,anodr,True,0.909715,0.044846,0.013141,0.020792,0.011506
c6229222bf22.png,anodr,anodr,True,0.911784,0.014496,0.024722,0.021330,0.027668
fa0c87bd75ce.png,anodr,anodr,True,0.928945,0.019011,0.024214,0.015844,0.011986
75a071608ea6.png,anodr,anodr,True,0.912063,0.018137,0.025628,0.024951,0.019221
cc671a73e1cb.png,anodr,anodr,True,0.945703,0.013870,0.014913,0.015959,0.009555
bacfa2b8e706.png,anodr,anodr,True,0.898119,0.033791,0.031152,0.021774,0.015165
a963ac561580.png,anodr,anodr,True,0.785107,0.093866,0.059818,0.028132,0.033077
07596907347b.png,anodr,anodr,True,0.921760,0.018721,0.030713,0.017904,0.010903
8693ab1fd2be.png,anodr,anodr,True,0.947077,0.016284,0.007715,0.016625,0.012298
a0fd94e2ad76.png,anodr,anodr,True,0.922646,0.014851,0.021079,0.023632,0.017793
2dc647e00ad3.png,anodr,anodr,True,0.928917,0.015941,0.020591,0.021693,0.012858
005b95c28852.png,anodr,anodr,True,0.915083,0.019216,0.028964,0.016093,0.020644
41345cec5957.png,anodr,anodr,True,0.936370,0.020602,0.013799,0.018444,0.010784
178412895d5e.png,anodr,anodr,True,0.808190,0.009053,0.114930,0.031067,0.036760
a06b353e7bed.png,anodr,anodr,True,0.922229,0.017833,0.033793,0.017061,0.009084
780f9c237c56.png,anodr,anodr,True,0.831471,0.042908,0.087141,0.027247,0.011233
cb68fce07789.png,anodr,anodr,True,0.913289,0.015057,0.025607,0.028463,0.017584
283c3aeba594.png,anodr,anodr,True,0.932173,0.017931,0.017554,0.021438,0.010904
9be71d6d7e59.png,anodr,anodr,True,0.888822,0.038560,0.033432,0.018747,0.020439
1e742358e0b9.png,anodr,anodr,True,0.923434,0.029433,0.017547,0.020232,0.009353
253e96488cfb.png,anodr,anodr,True,0.599790,0.245006,0.114181,0.022312,0.018712
735836b1ffa6.png,anodr,cmoderatedr,False,0.049137,0.336367,0.565465,0.029088,0.019942
d02b79fc3200.png,anodr,anodr,True,0.932132,0.016159,0.023359,0.015443,0.012907
33b978734eab.png,anodr,anodr,True,0.922420,0.014631,0.031904,0.017043,0.014001
586f5c56081e.png,anodr,anodr,True,0.920144,0.018001,0.029572,0.017839,0.014444
501c319f7a9f.png,anodr,anodr,True,0.945545,0.009994,0.014386,0.020043,0.010032
ad93d88c87ea.png,anodr,anodr,True,0.926581,0.017359,0.025764,0.015129,0.015167
dccdf750c962.png,anodr,anodr,True,0.936244,0.012808,0.017101,0.015186,0.018661
18b7e34eab8f.png,anodr,anodr,True,0.923487,0.016398,0.025008,0.024167,0.010939
dc0f6e5b489b.png,anodr,anodr,True,0.929274,0.024867,0.025204,0.012477,0.008177
58eb3809f456.png,anodr,anodr,True,0.922688,0.023718,0.023452,0.018094,0.012049
0ef4c61dc056.png,anodr,anodr,True,0.929720,0.016058,0.022563,0.019789,0.011870
de55ed25e0e8.png,anodr,anodr,True,0.920424,0.025838,0.025298,0.017195,0.011245
53c874dbc594.png,anodr,anodr,True,0.694253,0.028968,0.212970,0.047436,0.016373
d866c26d76f0.png,anodr,anodr,True,0.872779,0.015904,0.064435,0.036720,0.010162
7a12f49e29df.png,anodr,anodr,True,0.911489,0.032380,0.015371,0.025731,0.015029
103f97a2ab15.png,anodr,anodr,True,0.828644,0.094516,0.041641,0.016990,0.018208
12058bbb8299.png,anodr,anodr,True,0.935005,0.008996,0.026110,0.019551,0.010338
b5a3ca5c0a80.png,anodr,anodr,True,0.924592,0.016329,0.024414,0.022264,0.012401
02cd34a85b24.png,anodr,anodr,True,0.894392,0.027281,0.023826,0.034449,0.020052
eabf421f94d0.png,anodr,anodr,True,0.884961,0.029762,0.036239,0.019058,0.029980
cff262ed8f4c.png,anodr,anodr,True,0.860245,0.055053,0.052686,0.013436,0.018581
98d41bce73a8.png,anodr,anodr,True,0.936042,0.013735,0.016486,0.023843,0.009894
1ca62b3e4fd3.png,anodr,anodr,True,0.942930,0.011290,0.010275,0.022464,0.013041
07751b94a88a.png,anodr,anodr,True,0.914650,0.039264,0.020537,0.015593,0.009956
633fe9dbaf39.png,anodr,anodr,True,0.951959,0.009887,0.013934,0.017079,0.007141
6bf2a81a5d91.png,anodr,anodr,True,0.929683,0.008070,0.019142,0.028138,0.014967
0cd31078cd08.png,anodr,anodr,True,0.917692,0.015361,0.049131,0.013918,0.003898
b86fb2d5be1a.png,anodr,anodr,True,0.944376,0.007616,0.016356,0.020188,0.011465
2682e6da9050.png,anodr,anodr,True,0.937560,0.014409,0.012432,0.021074,0.014526
cb0cc98d7e35.png,anodr,bmilddr,False,0.239971,0.347565,0.337251,0.040345,0.034868
ecad6845f630.png,anodr,anodr,True,0.945769,0.007739,0.014930,0.017011,0.014552
0182152c50de.png,anodr,anodr,True,0.931599,0.012210,0.024295,0.019367,0.012529
6180920bc224.png,anodr,anodr,True,0.726913,0.043395,0.203913,0.016666,0.009113
840a06a9c690.png,anodr,anodr,True,0.917162,0.023144,0.019321,0.019750,0.020623
521b5377a727.png,anodr,anodr,True,0.946906,0.022997,0.015902,0.009011,0.005184
a6b6d27c1b32.png,anodr,anodr,True,0.939294,0.013501,0.015936,0.021584,0.009685
5995321563b7.png,anodr,anodr,True,0.934408,0.008846,0.024591,0.016559,0.015596
7bc00e58d419.png,anodr,anodr,True,0.932940,0.017843,0.021148,0.013498,0.014572
ec0c9f817b03.png,anodr,anodr,True,0.941338,0.015049,0.013804,0.013766,0.016042
12ef75375322.png,anodr,anodr,True,0.886785,0.009145,0.050468,0.029932,0.023670
478fc46eaa49.png,anodr,anodr,True,0.912479,0.010927,0.045142,0.018583,0.012869
96ea316ed0ab.png,anodr,anodr,True,0.941584,0.012941,0.009376,0.024053,0.012046
1c47815f4a6b.png,anodr,anodr,True,0.906321,0.020257,0.034875,0.027465,0.011083
3f0d3629d69e.png,anodr,anodr,True,0.924020,0.013617,0.038408,0.014502,0.009453
876deb29f000.png,anodr,anodr,True,0.916238,0.024391,0.033481,0.018755,0.007134
5ba156a35ff2.png,anodr,anodr,True,0.920163,0.018122,0.023163,0.025130,0.013422
331121c65e88.png,anodr,anodr,True,0.931931,0.011998,0.021550,0.021879,0.012642
883ddb650967.png,anodr,anodr,True,0.915908,0.032992,0.022272,0.013890,0.014939
d1afdb8cf70d.png,anodr,anodr,True,0.922853,0.016137,0.035314,0.018098,0.007597
d27ac9e54901.png,anodr,anodr,True,0.911653,0.025106,0.021838,0.023334,0.018070
d4bc001f7224.png,anodr,anodr,True,0.940158,0.015445,0.017597,0.018022,0.008778
cd1c98ec48b1.png,anodr,anodr,True,0.929932,0.017413,0.024601,0.016599,0.011454
be521870a0ea.png,anodr,anodr,True,0.910414,0.025056,0.031079,0.017905,0.015546
69b3a00927fc.png,anodr,anodr,True,0.928480,0.017358,0.016304,0.017597,0.020260
abbb8791785e.png,anodr,anodr,True,0.934196,0.011106,0.023140,0.017483,0.014076
d30d079e6f9a.png,anodr,anodr,True,0.952921,0.013665,0.012061,0.012967,0.008386
aa60813e1a8d.png,anodr,anodr,True,0.913961,0.022848,0.020104,0.034193,0.008893
c6f5b5b5be41.png,anodr,anodr,True,0.832524,0.064513,0.070097,0.015777,0.017088
8d13c46e7d75.png,anodr,anodr,True,0.790249,0.108997,0.053613,0.025252,0.021889
f36cb007a1ef.png,anodr,anodr,True,0.919928,0.022012,0.028467,0.015582,0.014010
febfb20dc311.png,anodr,anodr,True,0.922801,0.013207,0.029591,0.021997,0.012404
002c21358ce6.png,anodr,anodr,True,0.943877,0.010483,0.014751,0.017816,0.013073
96793edb1003.png,anodr,anodr,True,0.686355,0.028112,0.208191,0.060683,0.016659
79ade634c633.png,anodr,anodr,True,0.936980,0.013598,0.021585,0.012845,0.014991
08037e4490e5.png,anodr,anodr,True,0.941876,0.009979,0.025353,0.016266,0.006526
e893e86dde94.png,anodr,anodr,True,0.926436,0.032205,0.010494,0.017459,0.013405
e907d23cce3d.png,anodr,anodr,True,0.901670,0.015039,0.046901,0.019018,0.017372
76516f828d88.png,anodr,anodr,True,0.753590,0.111915,0.090411,0.011447,0.032636
737ef6226677.png,anodr,anodr,True,0.926196,0.014898,0.027595,0.019260,0.012050
165634a6167e.png,anodr,anodr,True,0.943589,0.010527,0.016320,0.020734,0.008830
4fd5ec0dca09.png,anodr,anodr,True,0.922695,0.031551,0.009261,0.017707,0.018787
b4b04d81acbb.png,anodr,anodr,True,0.790779,0.133187,0.037899,0.025769,0.012365
1a1e974a7dbf.png,anodr,anodr,True,0.932658,0.009755,0.025064,0.019347,0.013175
5e97cb2b0888.png,anodr,anodr,True,0.912376,0.023833,0.012892,0.034190,0.016709
65a3b13ad9a0.png,anodr,cmoderatedr,False,0.008041,0.413304,0.496613,0.075746,0.006295
5baed382f062.png,anodr,anodr,True,0.852773,0.047216,0.060665,0.019541,0.019806
28f73575e1f2.png,anodr,anodr,True,0.938191,0.014438,0.013696,0.023215,0.010460
69c4cbb630de.png,anodr,anodr,True,0.937354,0.009392,0.012891,0.028295,0.012067
aa6242f9e08c.png,anodr,anodr,True,0.955771,0.010973,0.012843,0.014188,0.006225
7da558d92100.png,anodr,anodr,True,0.948916,0.011121,0.018119,0.014461,0.007383
9e5737f771c3.png,anodr,anodr,True,0.929015,0.017149,0.023002,0.016167,0.014668
fd079d2e93a2.png,anodr,anodr,True,0.922120,0.016389,0.020293,0.019666,0.021531
2927665214e1.png,anodr,anodr,True,0.897948,0.045346,0.029330,0.018932,0.008444
dcc6c0ad5cad.png,anodr,anodr,True,0.938362,0.028103,0.009567,0.014688,0.009280
be8697eb2078.png,anodr,anodr,True,0.763247,0.097192,0.069481,0.045472,0.024607
757e39293591.png,anodr,anodr,True,0.916104,0.031208,0.026408,0.012915,0.013365
7a06ea127e02.png,anodr,anodr,True,0.907469,0.027052,0.031666,0.019177,0.014636
9f1b14dfa14c.png,anodr,anodr,True,0.862852,0.098159,0.004621,0.015272,0.019097
d39752cb6e57.png,anodr,anodr,True,0.930285,0.016972,0.018305,0.020921,0.013517
de57c9e9fa93.png,anodr,anodr,True,0.682578,0.235767,0.046234,0.025216,0.010206
1a0dbc6c0cda.png,anodr,anodr,True,0.729125,0.123970,0.124268,0.015246,0.007391
6d4f6c9a8406.png,anodr,anodr,True,0.924489,0.018872,0.022446,0.019695,0.014498
912fbe06407e.png,anodr,anodr,True,0.922444,0.013939,0.022562,0.021759,0.019297
555d0bef3c5b.png,anodr,anodr,True,0.923924,0.009075,0.016653,0.025363,0.024985
54038e56131d.png,anodr,anodr,True,0.919780,0.021588,0.021783,0.022209,0.014639
ce754234d760.png,anodr,anodr,True,0.911113,0.029197,0.037591,0.016252,0.005847
0db1d8dcf219.png,anodr,anodr,True,0.929959,0.025345,0.018007,0.016407,0.010283
b69c224edd6e.png,anodr,anodr,True,0.867029,0.042803,0.046382,0.024949,0.018837
fb88783de055.png,anodr,anodr,True,0.918503,0.024531,0.027349,0.016239,0.013377
81914ceb4e74.png,anodr,anodr,True,0.922837,0.027629,0.016701,0.017897,0.014937
f85fd4fac887.png,anodr,anodr,True,0.923033,0.016903,0.026225,0.023192,0.010646
ae61e19fb766.png,anodr,anodr,True,0.942048,0.014999,0.021413,0.015383,0.006157
c58971bcebb2.png,anodr,anodr,True,0.943991,0.017049,0.010707,0.019041,0.009213
90bde2ff8953.png,anodr,anodr,True,0.949919,0.013802,0.011444,0.012706,0.012128
d26bb2ed6e71.png,anodr,anodr,True,0.918553,0.013084,0.035221,0.020291,0.012851
7b691d9ced34.png,anodr,anodr,True,0.905639,0.043312,0.025145,0.018459,0.007445
d69698f838db.png,anodr,anodr,True,0.924523,0.024620,0.020800,0.018970,0.011087
63b71347e95d.png,anodr,anodr,True,0.933282,0.019601,0.021180,0.016026,0.009912
a11c62cb3f86.png,anodr,anodr,True,0.933716,0.014055,0.022000,0.020352,0.009877
aa8a1e814811.png,anodr,anodr,True,0.889352,0.049276,0.024792,0.022374,0.014206
a247961a5cd9.png,anodr,anodr,True,0.884419,0.034705,0.044878,0.017561,0.018437
5b1c4cefeb24.png,anodr,anodr,True,0.915299,0.019612,0.033280,0.021116,0.010693
76bc31e0d3be.png,anodr,anodr,True,0.951685,0.009267,0.013557,0.017975,0.007516
726dff37edc0.png,anodr,anodr,True,0.954579,0.013066,0.011731,0.011817,0.008807
0a38b552372d.png,anodr,anodr,True,0.925285,0.010916,0.032091,0.021094,0.010614
9a1029536d78.png,anodr,anodr,True,0.905575,0.023762,0.028155,0.024195,0.018313
0e3572b5884a.png,anodr,anodr,True,0.931306,0.013672,0.021169,0.021701,0.012152
88e5051f65bd.png,anodr,anodr,True,0.940614,0.010729,0.016922,0.019688,0.012047
ea5c42a78979.png,anodr,anodr,True,0.921907,0.013357,0.036711,0.019753,0.008272
fcc32dffd24d.png,anodr,anodr,True,0.938475,0.010409,0.013488,0.024139,0.013489
68ddb15a74de.png,anodr,anodr,True,0.935269,0.015980,0.020236,0.018055,0.010461
da0a83f074f3.png,anodr,anodr,True,0.937571,0.021987,0.018627,0.013210,0.008605
1d0b93317aa8.png,anodr,anodr,True,0.932629,0.013757,0.016567,0.021621,0.015426
6df8b7b6e837.png,anodr,anodr,True,0.868479,0.049216,0.049468,0.018939,0.013898
f3a4751af42e.png,anodr,bmilddr,False,0.280904,0.395332,0.280140,0.024966,0.018658
436e7a7af761.png,anodr,anodr,True,0.915162,0.018677,0.021668,0.031666,0.012826
e4a44f9158dc.png,anodr,anodr,True,0.939151,0.015565,0.015142,0.018023,0.012118
a188c60b93fb.png,anodr,anodr,True,0.937590,0.009617,0.019562,0.023464,0.009767
f8d62557ad0c.png,anodr,anodr,True,0.913221,0.034734,0.029529,0.017081,0.005434
fc898dfeb24f.png,anodr,anodr,True,0.934841,0.013206,0.017950,0.019463,0.014540
6d9effbcde78.png,anodr,anodr,True,0.952964,0.012472,0.009152,0.012119,0.013292
09c8323c612e.png,anodr,anodr,True,0.938179,0.014348,0.015489,0.018157,0.013826
d516f77d4516.png,anodr,anodr,True,0.929706,0.022885,0.017961,0.020395,0.009054
59928f999ae7.png,anodr,anodr,True,0.921557,0.019206,0.026622,0.019230,0.013387
1d74c4713e21.png,anodr,anodr,True,0.931360,0.012231,0.017622,0.025593,0.013194
c85b79d70079.png,anodr,anodr,True,0.922228,0.018794,0.031256,0.017080,0.010641
1f5496352859.png,anodr,anodr,True,0.917092,0.015913,0.042869,0.014846,0.009279
504a69096fcb.png,anodr,anodr,True,0.927482,0.016752,0.020954,0.017864,0.016948
4a589edaea60.png,anodr,anodr,True,0.755697,0.065296,0.130033,0.038493,0.010480
345b1f0abbba.png,anodr,anodr,True,0.935383,0.012145,0.015136,0.028566,0.008771
50915e2329a1.png,anodr,anodr,True,0.931156,0.015967,0.025219,0.019268,0.008391
8c4ceddeb1c6.png,anodr,anodr,True,0.959201,0.008455,0.011499,0.013293,0.007552
badb5ff8d3c7.png,anodr,bmilddr,False,0.288990,0.684300,0.010727,0.004594,0.011389
4dd4a4bf2421.png,anodr,anodr,True,0.904806,0.020025,0.024202,0.027608,0.023359
aec51513cf45.png,anodr,anodr,True,0.934602,0.013052,0.012987,0.025640,0.013719
5cbe88914a72.png,anodr,anodr,True,0.901454,0.023221,0.041167,0.020076,0.014080
f4c7ae514c54.png,anodr,anodr,True,0.947573,0.009824,0.012197,0.019943,0.010463
61da799bf0aa.png,anodr,anodr,True,0.568357,0.349760,0.024851,0.046694,0.010338
1d3e9b939732.png,anodr,anodr,True,0.931841,0.019196,0.018322,0.017914,0.012726
609be3ca5ddf.png,anodr,anodr,True,0.967302,0.011273,0.007349,0.007986,0.006090
d7078e8b0349.png,anodr,anodr,True,0.938325,0.015759,0.016329,0.016563,0.013025
2a4520f1f9a3.png,anodr,anodr,True,0.904570,0.023849,0.031619,0.019480,0.020481
c639d837f5e4.png,anodr,anodr,True,0.935160,0.008980,0.018643,0.025130,0.012087
2923971566fe.png,anodr,bmilddr,False,0.288990,0.684300,0.010727,0.004594,0.011389
66393d8c60ba.png,anodr,anodr,True,0.863541,0.051639,0.044798,0.026135,0.013889
ddb222ff7c1d.png,anodr,anodr,True,0.932913,0.011427,0.024660,0.022206,0.008794
6b30767595d8.png,anodr,anodr,True,0.891095,0.016742,0.045892,0.026124,0.020148
b21abe5d9722.png,anodr,anodr,True,0.922657,0.030634,0.016736,0.017821,0.012152
8b079e79035f.png,anodr,anodr,True,0.838417,0.073276,0.046285,0.023951,0.018070
4826d10030b3.png,anodr,anodr,True,0.928338,0.006588,0.018902,0.014023,0.032149
415d5c5e785f.png,anodr,anodr,True,0.921744,0.014044,0.029369,0.020417,0.014427
00cc2b75cddd.png,anodr,anodr,True,0.910450,0.029001,0.025197,0.019903,0.015450
27933cdbe0cc.png,anodr,anodr,True,0.926959,0.016688,0.018753,0.016000,0.021601
b35cad8fe2d7.png,anodr,bmilddr,False,0.050591,0.499341,0.439867,0.005412,0.004789
348598d01e18.png,anodr,anodr,True,0.821709,0.050732,0.084968,0.025650,0.016941
2db0cd3e30da.png,anodr,anodr,True,0.940459,0.009849,0.021471,0.019732,0.008488
2bb3c492d6d3.png,anodr,anodr,True,0.905955,0.018846,0.036987,0.027452,0.010759
f9d8ff3e6592.png,anodr,anodr,True,0.937032,0.011800,0.024521,0.017893,0.008754
ff631653374e.png,anodr,anodr,True,0.916101,0.018899,0.032026,0.014379,0.018595
ef247f28004f.png,anodr,anodr,True,0.934099,0.011938,0.022557,0.014902,0.016503
f3bb996b45ce.png,anodr,anodr,True,0.944200,0.014161,0.018463,0.014432,0.008744
83a63c4a3e4a.png,anodr,anodr,True,0.942856,0.010694,0.021649,0.012302,0.012499
949710bead24.png,anodr,anodr,True,0.913007,0.019241,0.024360,0.025506,0.017885
3a4cfea0a766.png,anodr,anodr,True,0.948573,0.011681,0.015566,0.013411,0.010768
dee31065f8fe.png,anodr,anodr,True,0.906575,0.024612,0.029355,0.018543,0.020915
42b9c1977681.png,anodr,anodr,True,0.902355,0.027532,0.031021,0.025310,0.013781
7ad0c4975890.png,anodr,bmilddr,False,0.277829,0.662585,0.011804,0.022716,0.025066
abe940882578.png,anodr,anodr,True,0.795785,0.094451,0.070537,0.026304,0.012923
226c6ceb9185.png,anodr,anodr,True,0.903320,0.025980,0.019814,0.033265,0.017622
ea6a53e54d0f.png,anodr,anodr,True,0.916802,0.012305,0.014637,0.050072,0.006184
0790515cf5af.png,anodr,anodr,True,0.887709,0.063967,0.024841,0.016170,0.007313
aaaadb174012.png,anodr,anodr,True,0.925107,0.016481,0.021853,0.024362,0.012197
4d1e7def7624.png,anodr,anodr,True,0.883648,0.029050,0.050899,0.022440,0.013962
0851d6a69589.png,anodr,anodr,True,0.878466,0.054090,0.031423,0.021211,0.014811
0da321efbce6.png,anodr,anodr,True,0.894822,0.028893,0.042011,0.030057,0.004217
05b1bb2bdb81.png,anodr,anodr,True,0.925771,0.013935,0.029743,0.018428,0.012123
65dda202653d.png,anodr,anodr,True,0.914899,0.022385,0.023120,0.021724,0.017872
500aad15b7c8.png,anodr,anodr,True,0.922840,0.007721,0.048653,0.010297,0.010488
0babc12807b2.png,anodr,bmilddr,False,0.016744,0.644058,0.304286,0.006480,0.028432
0fbbd665431f.png,anodr,anodr,True,0.835780,0.066004,0.016971,0.074473,0.006773
ca05f7e7801b.png,anodr,anodr,True,0.901684,0.019518,0.053926,0.013884,0.010987
9de9421f17e3.png,anodr,anodr,True,0.946780,0.012948,0.017642,0.011306,0.011325
b9bc81fcb075.png,anodr,anodr,True,0.912634,0.024890,0.021773,0.025702,0.015001
f48241b0c995.png,anodr,anodr,True,0.936776,0.013605,0.021132,0.015905,0.012582
ee77763a6afb.png,anodr,anodr,True,0.933788,0.016187,0.011789,0.023831,0.014404
8d4ff745a409.png,anodr,anodr,True,0.917046,0.024622,0.026381,0.022254,0.009698
bd500a73beae.png,anodr,anodr,True,0.928053,0.015406,0.026536,0.015953,0.014053
e68746d426b2.png,anodr,anodr,True,0.920925,0.016858,0.018773,0.036457,0.006988
10de500cf0c5.png,anodr,anodr,True,0.932570,0.010781,0.021520,0.024674,0.010455
a2b97d98f130.png,anodr,anodr,True,0.932226,0.010380,0.026999,0.024230,0.006165
6a2642131e4a.png,anodr,anodr,True,0.930085,0.020850,0.025617,0.011976,0.011473
c9e697117f3f.png,anodr,anodr,True,0.919283,0.019710,0.016313,0.021279,0.023415
8fbb2ca39911.png,anodr,anodr,True,0.853040,0.061601,0.038527,0.024009,0.022824
3fd45879afe6.png,anodr,anodr,True,0.937840,0.006866,0.023511,0.021236,0.010547
5e505e25cd3e.png,anodr,anodr,True,0.897948,0.006948,0.052659,0.024945,0.017499
28503940d10b.png,anodr,anodr,True,0.924930,0.014103,0.038478,0.013110,0.009379
0cecc2864b7f.png,anodr,anodr,True,0.956429,0.018801,0.008356,0.012234,0.004180
b0c9a492e068.png,anodr,anodr,True,0.929480,0.014363,0.017489,0.026197,0.012471
84b88e8d3bca.png,anodr,anodr,True,0.957908,0.004186,0.014974,0.016835,0.006097
4276b82e4489.png,anodr,anodr,True,0.943518,0.015296,0.018327,0.016578,0.006281
18ce0cdc473d.png,anodr,anodr,True,0.933078,0.028804,0.015548,0.014724,0.007846
1ec95179cdfe.png,anodr,anodr,True,0.966726,0.003749,0.009839,0.016149,0.003537
94076a9fb9b5.png,anodr,anodr,True,0.916428,0.030040,0.023145,0.019687,0.010699
cd01672507c9.png,anodr,anodr,True,0.907692,0.020584,0.039003,0.015971,0.016750
2ef4a04aed1b.png,anodr,anodr,True,0.938639,0.009595,0.018548,0.017511,0.015707
c90c6b94cf40.png,anodr,anodr,True,0.679736,0.042662,0.207939,0.045339,0.024324
e06cccc08c59.png,anodr,anodr,True,0.909211,0.028557,0.027244,0.021276,0.013712
50ddd7d976df.png,anodr,anodr,True,0.924621,0.012020,0.025370,0.022663,0.015326
f7e9fa75c7c1.png,anodr,anodr,True,0.932738,0.018029,0.019003,0.015748,0.014482
90a9a41eec6d.png,anodr,anodr,True,0.880788,0.039170,0.046007,0.028773,0.005262
afc744fad65e.png,anodr,anodr,True,0.931465,0.018768,0.022420,0.014940,0.012407
6dc0281f11e3.png,anodr,anodr,True,0.928427,0.019718,0.021365,0.017221,0.013269
ef5155990874.png,anodr,anodr,True,0.873983,0.023596,0.053553,0.028564,0.020304
e135d7ba9a0e.png,anodr,anodr,True,0.902693,0.020808,0.032723,0.026391,0.017386
ce8d2efd9d4f.png,anodr,anodr,True,0.910696,0.022939,0.025963,0.022019,0.018384
15b21c80cc31.png,anodr,anodr,True,0.926815,0.011993,0.032962,0.017611,0.010619
73ef3c3dcbe4.png,anodr,anodr,True,0.939028,0.009894,0.024934,0.012266,0.013877
ea7e21bab610.png,anodr,anodr,True,0.927167,0.012319,0.020569,0.023855,0.016090
a673193cd5a9.png,anodr,anodr,True,0.908657,0.017178,0.038597,0.023104,0.012464
6504b703c429.png,anodr,anodr,True,0.899993,0.029214,0.040949,0.019598,0.010247
a94da3d3b5c0.png,anodr,anodr,True,0.936861,0.009189,0.025267,0.018393,0.010291
a1b28bcbce00.png,anodr,anodr,True,0.892559,0.036127,0.027370,0.026631,0.017314
aeb6f4fd2eed.png,anodr,anodr,True,0.921174,0.013613,0.037208,0.021076,0.006929
d3dfd0a2dee6.png,anodr,anodr,True,0.949378,0.008681,0.020625,0.013531,0.007784
3286073a976e.png,anodr,anodr,True,0.887675,0.039687,0.041244,0.017253,0.014140
ad6b07d5c338.png,anodr,anodr,True,0.940582,0.009760,0.020062,0.019472,0.010124
d7bc62d60e8c.png,anodr,anodr,True,0.915761,0.028944,0.023116,0.021051,0.011129
10a5026eb8e6.png,anodr,anodr,True,0.931562,0.014466,0.017655,0.022529,0.013788
5069feccd866.png,anodr,anodr,True,0.935278,0.011451,0.023355,0.018005,0.011912
f819c65b803c.png,anodr,anodr,True,0.914807,0.013040,0.022241,0.018840,0.031072
8329e80c10ac.png,anodr,anodr,True,0.921735,0.016558,0.024999,0.023927,0.012781
1002b5151b8e.png,anodr,anodr,True,0.924662,0.016738,0.012799,0.032099,0.013701
a73d012c4c38.png,anodr,anodr,True,0.939498,0.004943,0.020566,0.022312,0.012680
a6356a3c5d11.png,anodr,anodr,True,0.952516,0.011364,0.015439,0.014504,0.006176
2c8101f14723.png,anodr,anodr,True,0.935712,0.012493,0.018010,0.024094,0.009691
f0267c42907c.png,anodr,anodr,True,0.930902,0.022183,0.014356,0.024015,0.008543
2f7fbdcc9a4b.png,anodr,anodr,True,0.890649,0.019731,0.058680,0.018345,0.012596
1633f8291a80.png,anodr,anodr,True,0.932841,0.017547,0.020688,0.021830,0.007094
360832d84ce0.png,anodr,anodr,True,0.896921,0.053919,0.010696,0.030694,0.007770
3bf2deaa5ef0.png,anodr,anodr,True,0.934275,0.011825,0.016462,0.017468,0.019970
f451eee2b66b.png,anodr,anodr,True,0.937718,0.016823,0.016336,0.016817,0.012306
d807c53c1399.png,anodr,anodr,True,0.906845,0.024296,0.032454,0.024635,0.011770
55f7f018c61c.png,anodr,anodr,True,0.930052,0.010767,0.031282,0.020764,0.007135
c1437a7a52c9.png,anodr,anodr,True,0.558391,0.211936,0.185996,0.027009,0.016668
ad029ba7fa8b.png,anodr,anodr,True,0.930045,0.010361,0.019074,0.027470,0.013050
810ed108f5b7.png,anodr,anodr,True,0.936283,0.014192,0.019208,0.018536,0.011780
41ab357d103f.png,anodr,anodr,True,0.946127,0.010449,0.012988,0.018127,0.012307
e8e44b3160e3.png,anodr,anodr,True,0.865153,0.026540,0.060337,0.026690,0.021280
83fda7c0500b.png,anodr,anodr,True,0.941849,0.009297,0.020986,0.016474,0.011395
f02956bd7c50.png,anodr,anodr,True,0.937684,0.014948,0.015268,0.020592,0.011509
aa4407aab872.png,anodr,anodr,True,0.927353,0.019891,0.023080,0.018323,0.011354
0a85a1e8f9e9.png,anodr,anodr,True,0.944770,0.005208,0.022011,0.017132,0.010880
09237bf783a4.png,anodr,anodr,True,0.935957,0.014572,0.012423,0.018464,0.018584
1f31701dd61b.png,anodr,anodr,True,0.786065,0.070325,0.092420,0.036715,0.014475
f7735b6d47f7.png,anodr,anodr,True,0.918585,0.009640,0.028337,0.021548,0.021890
5511f114e7ee.png,anodr,anodr,True,0.932637,0.011216,0.027655,0.019103,0.009389
b549af91bd30.png,anodr,anodr,True,0.942065,0.010658,0.016076,0.015023,0.016178
08bef347f40d.png,anodr,anodr,True,0.864842,0.052136,0.048092,0.019290,0.015641
fbdc796290d4.png,anodr,anodr,True,0.911679,0.011913,0.038449,0.024935,0.013024
43823561c3f0.png,anodr,anodr,True,0.907165,0.015253,0.043845,0.019645,0.014092
7af4d8704032.png,anodr,anodr,True,0.942502,0.021666,0.011971,0.013203,0.010658
5b994ff78547.png,anodr,anodr,True,0.927805,0.016714,0.022822,0.018513,0.014145
6c6505a0c637.png,anodr,anodr,True,0.935628,0.014946,0.022538,0.015100,0.011788
c56293f53191.png,anodr,anodr,True,0.907341,0.014239,0.032273,0.028334,0.017814
2cdcc910778d.png,anodr,anodr,True,0.944877,0.009836,0.021234,0.015065,0.008988
44a4d04162cc.png,anodr,anodr,True,0.932353,0.021480,0.018973,0.012385,0.014809
15e24b73d4a7.png,anodr,anodr,True,0.885122,0.049963,0.034711,0.017270,0.012934
a419fcb2dfb5.png,anodr,anodr,True,0.923598,0.026028,0.009856,0.029723,0.010795
a9bc2f892cb3.png,anodr,anodr,True,0.953798,0.017698,0.006099,0.015624,0.006781
d6f6bdfd8011.png,anodr,anodr,True,0.921798,0.012783,0.024165,0.019917,0.021336
e47452069ea1.png,anodr,anodr,True,0.903711,0.018392,0.031339,0.030435,0.016123
2cacdb0dffae.png,anodr,anodr,True,0.936302,0.011291,0.020941,0.015906,0.015559
4554062fa836.png,anodr,anodr,True,0.936894,0.020735,0.017849,0.015420,0.009102
97fdee242fea.png,anodr,anodr,True,0.908414,0.011475,0.051951,0.014280,0.013880
b73d0bcd3d33.png,anodr,anodr,True,0.948982,0.012192,0.011771,0.014257,0.012797
5321ab64f9ea.png,anodr,anodr,True,0.926068,0.010178,0.032685,0.012385,0.018684
9274e75dc4d5.png,anodr,anodr,True,0.932123,0.019155,0.017520,0.015674,0.015528
e6a5e4718873.png,anodr,anodr,True,0.922325,0.018599,0.017087,0.016661,0.025327
b0f0fa677d5f.png,anodr,anodr,True,0.934342,0.016269,0.021197,0.014897,0.013296
a8b637abd96b.png,anodr,anodr,True,0.736687,0.211152,0.024155,0.020951,0.007055
237aa50edc34.png,anodr,anodr,True,0.945487,0.011954,0.016197,0.017629,0.008733
59bd19c1c5bb.png,anodr,anodr,True,0.809336,0.079123,0.060184,0.027116,0.024241
2b5bb6d33959.png,anodr,anodr,True,0.943784,0.013550,0.015871,0.017214,0.009582
bb2f89488ecd.png,anodr,anodr,True,0.889678,0.056891,0.027949,0.018121,0.007361
fdbc252813b1.png,anodr,anodr,True,0.936524,0.017898,0.012557,0.023455,0.009566
ebd96d853918.png,anodr,anodr,True,0.911231,0.019998,0.029896,0.021508,0.017367
a12ca80bb8c7.png,anodr,anodr,True,0.940120,0.011264,0.019489,0.021815,0.007312
7fc3a8bb40de.png,anodr,anodr,True,0.926167,0.016894,0.015654,0.023005,0.018280
b9519abce0c1.png,anodr,anodr,True,0.931097,0.019222,0.022185,0.019635,0.007861
c81c6911f5e0.png,anodr,anodr,True,0.932875,0.005200,0.012305,0.029029,0.020591
03b373718013.png,anodr,anodr,True,0.925850,0.030386,0.012226,0.022487,0.009051
74211a2b6dcf.png,anodr,anodr,True,0.940203,0.008020,0.024744,0.016429,0.010604
bf811911acf9.png,anodr,anodr,True,0.903729,0.014540,0.034728,0.023637,0.023366
65a7fe9482fe.png,anodr,anodr,True,0.902997,0.023907,0.037515,0.018254,0.017326
789f0ec1eab8.png,anodr,anodr,True,0.756046,0.112515,0.054894,0.033428,0.043117
66b88a4bc474.png,anodr,anodr,True,0.935412,0.018408,0.017383,0.018655,0.010141
2dd28ac497d2.png,anodr,anodr,True,0.930492,0.016357,0.012293,0.028666,0.012192
1e7ccd4a1c87.png,anodr,anodr,True,0.936805,0.007637,0.023811,0.021868,0.009879
d2c5fb82fe5f.png,anodr,anodr,True,0.925975,0.019994,0.018743,0.024547,0.010741
6fbaaf8eb67a.png,anodr,anodr,True,0.756086,0.110780,0.098961,0.019545,0.014628
91b7a4179ecf.png,anodr,anodr,True,0.921215,0.029734,0.009036,0.030263,0.009753
bebfbd907cac.png,anodr,anodr,True,0.944323,0.009901,0.020225,0.015294,0.010257
218c822a3dd9.png,anodr,anodr,True,0.864641,0.027453,0.043217,0.040312,0.024377
c62cef02efa2.png,anodr,anodr,True,0.921355,0.022086,0.022960,0.020794,0.012804
eb050765b323.png,anodr,anodr,True,0.927000,0.020459,0.019347,0.017290,0.015904
7aabd768abff.png,anodr,anodr,True,0.922370,0.033052,0.014799,0.018187,0.011591
a8263d248523.png,anodr,anodr,True,0.832009,0.008269,0.082414,0.029662,0.047646
2c827005b8f8.png,anodr,anodr,True,0.946469,0.010556,0.011584,0.019020,0.012370
2f143453bb71.png,anodr,anodr,True,0.926815,0.014844,0.026639,0.020591,0.011111
ff4832d55461.png,anodr,anodr,True,0.938537,0.012064,0.017327,0.018630,0.013443
93802d1e3c41.png,anodr,anodr,True,0.891551,0.028821,0.029782,0.022380,0.027465
6e0f78e188ff.png,anodr,anodr,True,0.944267,0.007879,0.022465,0.015045,0.010344
73d40ce06a67.png,anodr,anodr,True,0.928014,0.013541,0.017634,0.025165,0.015646
5de4615a5161.png,anodr,anodr,True,0.932967,0.015646,0.018076,0.019081,0.014231
7ba6b23c4b46.png,anodr,anodr,True,0.907516,0.030576,0.021954,0.036596,0.003358
6b66b0e86f7e.png,anodr,anodr,True,0.934469,0.011098,0.015933,0.018711,0.019790
be3a7d9e981e.png,anodr,anodr,True,0.952218,0.008528,0.014955,0.011076,0.013224
76cb010f7aa0.png,anodr,anodr,True,0.948863,0.006085,0.012195,0.022226,0.010631
4a4cb731f91a.png,anodr,anodr,True,0.911735,0.017838,0.032354,0.028608,0.009465
d6130f2ec903.png,anodr,anodr,True,0.956031,0.014799,0.013384,0.008791,0.006995
ad12cde115ab.png,anodr,anodr,True,0.941333,0.008960,0.022071,0.012516,0.015121
fe3f62695b2d.png,anodr,anodr,True,0.949848,0.008193,0.018155,0.014196,0.009607
ba0107fb1bfd.png,anodr,anodr,True,0.838803,0.066733,0.056967,0.024097,0.013401
ae49cc60f251.png,anodr,anodr,True,0.923285,0.015069,0.024398,0.022787,0.014460
7b9d519cbd66.png,anodr,anodr,True,0.937891,0.011670,0.017403,0.020164,0.012873
e966850247f4.png,anodr,anodr,True,0.935069,0.014818,0.025087,0.015447,0.009578
29a13e666266.png,anodr,anodr,True,0.863879,0.065913,0.032675,0.018229,0.019304
d97911a32918.png,anodr,anodr,True,0.945996,0.012171,0.015588,0.012193,0.014053
d18f6431ebce.png,anodr,anodr,True,0.922183,0.024265,0.026149,0.016982,0.010420
3b2b91590590.png,anodr,anodr,True,0.932922,0.015751,0.024185,0.013871,0.013271
04aef84a2cc1.png,anodr,anodr,True,0.933537,0.014499,0.019493,0.021419,0.011051
a34fc5376669.png,anodr,anodr,True,0.824966,0.065293,0.050950,0.014431,0.044360
851e40a21f81.png,anodr,anodr,True,0.813293,0.074563,0.050285,0.012845,0.049014
d91635f380b4.png,anodr,anodr,True,0.910688,0.016031,0.038465,0.016715,0.018100
445a8a6da55c.png,anodr,anodr,True,0.757459,0.132875,0.069774,0.024896,0.014997
2d07162a13b1.png,anodr,cmoderatedr,False,0.056123,0.142134,0.786180,0.007043,0.008520
b5bf7b84fc66.png,anodr,anodr,True,0.928926,0.019254,0.023063,0.016426,0.012331
5c85d22bd0de.png,anodr,anodr,True,0.831058,0.069717,0.061144,0.025954,0.012126
99c626e58464.png,anodr,anodr,True,0.890665,0.024914,0.059872,0.015465,0.009084
2fefb720869a.png,anodr,anodr,True,0.927409,0.024643,0.023025,0.016867,0.008057
9ce46d400cd6.png,anodr,anodr,True,0.907503,0.026090,0.033454,0.020607,0.012346
c98f623d08d1.png,anodr,anodr,True,0.940935,0.015359,0.016050,0.013076,0.014580
df0886f1e76b.png,anodr,anodr,True,0.938828,0.010600,0.028862,0.012813,0.008897
a528be013a04.png,anodr,anodr,True,0.925418,0.036935,0.015217,0.015622,0.006808
58a9e0d7f7af.png,anodr,anodr,True,0.933694,0.015860,0.020634,0.016000,0.013813
9c514d2d5b3f.png,anodr,anodr,True,0.927705,0.022149,0.016634,0.017757,0.015755
10f10fd30718.png,anodr,anodr,True,0.946566,0.010730,0.012850,0.017964,0.011891
6e1db8711879.png,anodr,anodr,True,0.931633,0.018140,0.006435,0.019117,0.024675
ae2c3f6312ef.png,anodr,anodr,True,0.912485,0.019427,0.026308,0.023847,0.017933
8650d32f4a9e.png,anodr,anodr,True,0.941491,0.014721,0.017596,0.016699,0.009492
fd87b6b2e664.png,anodr,anodr,True,0.945205,0.006218,0.023676,0.015868,0.009034
5a27b9b2a9c1.png,anodr,anodr,True,0.933383,0.029492,0.017747,0.015296,0.004082
2ef10194e80d.png,anodr,anodr,True,0.947189,0.010744,0.012563,0.017175,0.012329
daad7b617f21.png,anodr,anodr,True,0.662196,0.066100,0.250299,0.009769,0.011637
916915f01e17.png,anodr,anodr,True,0.906156,0.027480,0.028340,0.023338,0.014686
7131bf4c9e6f.png,anodr,anodr,True,0.845391,0.089908,0.036933,0.018711,0.009057
8bf2d925dc0c.png,anodr,anodr,True,0.946581,0.007562,0.017550,0.015363,0.012944
ff59d44a70a7.png,anodr,anodr,True,0.901562,0.033658,0.024632,0.021948,0.018200
e594c19e2e1d.png,anodr,anodr,True,0.915830,0.025472,0.026213,0.020095,0.012390
f56ff0440ed1.png,anodr,anodr,True,0.942624,0.011782,0.015782,0.018868,0.010944
bdc6c60e9133.png,anodr,anodr,True,0.930627,0.012626,0.024918,0.021057,0.010773
8af50c9d0a86.png,anodr,anodr,True,0.935574,0.018136,0.012045,0.020748,0.013496
d7ac4a0c9760.png,anodr,anodr,True,0.943195,0.014969,0.019403,0.010170,0.012263
7a9f45fdf29b.png,anodr,anodr,True,0.930314,0.013831,0.019585,0.019086,0.017184
2d04cead4d3a.png,anodr,anodr,True,0.937513,0.009651,0.011865,0.021683,0.019287
f7116e7b2f4e.png,anodr,anodr,True,0.925552,0.020648,0.022649,0.017544,0.013607
c3789c1dab96.png,anodr,anodr,True,0.940846,0.014030,0.013949,0.014249,0.016925
35ac70c0d08f.png,anodr,anodr,True,0.927386,0.018998,0.021364,0.019238,0.013014
a9b3177f01c0.png,anodr,anodr,True,0.924338,0.015032,0.031093,0.017800,0.011737
387138ddf43d.png,anodr,anodr,True,0.862794,0.075323,0.037093,0.014072,0.010717
dcf109df1a2b.png,anodr,anodr,True,0.937895,0.012664,0.018603,0.019127,0.011710
87b671c6d4c5.png,anodr,anodr,True,0.921987,0.011196,0.033090,0.015329,0.018398
973b0facfa9b.png,anodr,anodr,True,0.917343,0.022899,0.021974,0.018878,0.018906
83d81ba5959c.png,anodr,anodr,True,0.940468,0.007088,0.015179,0.027252,0.010013
37c523296d42.png,anodr,anodr,True,0.886336,0.039484,0.038263,0.023840,0.012076
50d8249f7bc9.png,anodr,anodr,True,0.935194,0.014045,0.024209,0.019393,0.007159
50916d67bb51.png,anodr,anodr,True,0.919028,0.020857,0.024880,0.020489,0.014746
ae94ce412de9.png,anodr,anodr,True,0.892151,0.031360,0.035631,0.027643,0.013214
c3b15bf9b4bc.png,anodr,anodr,True,0.940858,0.007066,0.030219,0.013125,0.008732
847b04287c9c.png,anodr,anodr,True,0.898047,0.022703,0.030676,0.017054,0.031520
35df2bc6ae95.png,anodr,anodr,True,0.946112,0.016105,0.009982,0.014598,0.013203
e77a93c3d9a9.png,anodr,anodr,True,0.940575,0.008947,0.018353,0.021533,0.010592
9ab18a4a957f.png,anodr,anodr,True,0.944084,0.013421,0.015504,0.015915,0.011076
837acf120946.png,anodr,anodr,True,0.882768,0.026592,0.030949,0.018511,0.041181
d74ccc796517.png,anodr,anodr,True,0.854653,0.049093,0.055297,0.026214,0.014743
5f6db235c04d.png,anodr,anodr,True,0.936616,0.011335,0.025523,0.013253,0.013272
5257cb536da2.png,anodr,anodr,True,0.931839,0.020661,0.018010,0.022996,0.006494
0fc6829da85b.png,anodr,anodr,True,0.922306,0.019923,0.025479,0.017492,0.014800
8f14bca04b47.png,anodr,anodr,True,0.922576,0.010989,0.036852,0.020182,0.009400
de4cdabbce6d.png,anodr,anodr,True,0.923214,0.018522,0.032472,0.017308,0.008484
35362d43e753.png,anodr,anodr,True,0.833567,0.031915,0.091447,0.021768,0.021304
b7bd4a6627b6.png,anodr,anodr,True,0.925587,0.016427,0.026240,0.018234,0.013512
c096131ad065.png,anodr,anodr,True,0.926802,0.020378,0.024310,0.017608,0.010902
4ad8d3ec8789.png,anodr,anodr,True,0.924584,0.029251,0.024529,0.015264,0.006371
a70d0f12a641.png,anodr,anodr,True,0.926629,0.014157,0.031447,0.019150,0.008616
d2fb715b0c41.png,anodr,anodr,True,0.918271,0.022137,0.023627,0.020100,0.015865
58f07741ee3b.png,anodr,anodr,True,0.927085,0.020910,0.027118,0.015026,0.009862
b43440c6ebe4.png,anodr,anodr,True,0.926105,0.015460,0.018905,0.024799,0.014730
e01b7bac822b.png,anodr,anodr,True,0.869075,0.060122,0.038926,0.022054,0.009822
0ce062f26edc.png,anodr,anodr,True,0.903822,0.006139,0.025805,0.047462,0.016772
e529c5757d64.png,anodr,anodr,True,0.949747,0.014961,0.011213,0.014446,0.009633
7f1f3269f546.png,anodr,anodr,True,0.949664,0.011897,0.008681,0.014993,0.014766
bc8c6a778cde.png,anodr,anodr,True,0.930752,0.017519,0.010955,0.026610,0.014164
628b581aa905.png,anodr,anodr,True,0.921762,0.014662,0.031749,0.017529,0.014297
63e041a757eb.png,anodr,anodr,True,0.949510,0.007458,0.012665,0.020177,0.010189
cf6551521a35.png,anodr,anodr,True,0.910216,0.018409,0.042006,0.019132,0.010237
186c1835eec5.png,anodr,anodr,True,0.924913,0.013497,0.028458,0.017122,0.016010
1db0393cdbc1.png,anodr,anodr,True,0.921083,0.012235,0.017053,0.032814,0.016813
92e3d608fd3c.png,anodr,anodr,True,0.892891,0.022689,0.039964,0.025571,0.018885
eae70f527755.png,anodr,anodr,True,0.908704,0.019181,0.042464,0.018778,0.010873
224c14366e11.png,anodr,anodr,True,0.917583,0.014522,0.032418,0.017869,0.017608
393fa5a023a5.png,anodr,anodr,True,0.942221,0.015501,0.013568,0.018179,0.010531
3c42512c81e0.png,anodr,anodr,True,0.860850,0.022527,0.066210,0.038045,0.012367
42c65af5ab16.png,anodr,anodr,True,0.931746,0.013440,0.029001,0.017815,0.007997
c26f98f58350.png,anodr,anodr,True,0.883116,0.053165,0.027658,0.025851,0.010210
60aa4e649abf.png,anodr,anodr,True,0.938948,0.011605,0.018567,0.020301,0.010578
e582e56e7942.png,anodr,anodr,True,0.920017,0.021883,0.021447,0.021360,0.015294
08ee569d4721.png,anodr,anodr,True,0.867951,0.048348,0.039123,0.023098,0.021480
44a86263117b.png,anodr,anodr,True,0.926444,0.014730,0.019125,0.016996,0.022704
