filename,true_label,predicted_label,correct,prob_anodr,prob_bmilddr,prob_cmoderatedr,prob_dseveredr,prob_eproliferativedr
20051130_59802_0400_PP_430.png,anodr,anodr,True,0.906929,0.041371,0.025783,0.016969,0.008948
20051205_59367_0400_PP_816.png,anodr,anodr,True,0.927990,0.031682,0.012087,0.020816,0.007425
20051130_59029_0400_PP_270.png,anodr,anodr,True,0.826803,0.030448,0.076764,0.030252,0.035734
IM003110_311.png,anodr,anodr,True,0.511611,0.178586,0.131304,0.126019,0.052480
20051201_38081_0400_PP_963.png,anodr,anodr,True,0.911438,0.017047,0.019587,0.029929,0.021998
IM001174_556.png,anodr,anodr,True,0.912903,0.016889,0.029062,0.026816,0.014329
IM004686_87.png,anodr,bmilddr,False,0.173321,0.395368,0.385378,0.017979,0.027955
IM004027_104.png,anodr,cmoderatedr,False,0.194866,0.122090,0.612310,0.056840,0.013894
IM001272_1328.png,anodr,anodr,True,0.930626,0.011682,0.017573,0.014150,0.025969
20060412_52351_0200_PP_944.png,anodr,anodr,True,0.820702,0.097553,0.028837,0.037178,0.015730
20060407_46257_0200_PP_827.png,anodr,anodr,True,0.909158,0.031854,0.027078,0.018170,0.013741
20051201_38199_0400_PP_1329.png,anodr,anodr,True,0.481923,0.298376,0.177959,0.029941,0.011801
20060411_58494_0200_PP_452.png,anodr,anodr,True,0.882438,0.012199,0.047497,0.035140,0.022726
IM000191_1289.png,anodr,anodr,True,0.839338,0.075543,0.046014,0.021025,0.018080
IM000859_1241.png,anodr,anodr,True,0.914046,0.030819,0.021181,0.023130,0.010824
IM004013_507.png,anodr,anodr,True,0.925963,0.021853,0.020450,0.019249,0.012484
IM000567_278.png,anodr,anodr,True,0.818037,0.052380,0.071408,0.038486,0.019690
IM004177_1042.png,anodr,anodr,True,0.679903,0.209938,0.060490,0.028604,0.021065
20051216_46183_0200_PP_1204.png,anodr,anodr,True,0.896425,0.037443,0.031991,0.023185,0.010956
IM001102_1098.png,anodr,anodr,True,0.897766,0.025894,0.042322,0.025850,0.008168
IM000350_1264.png,anodr,anodr,True,0.890150,0.029239,0.025273,0.032605,0.022733
20051201_37312_0400_PP_1333.png,anodr,anodr,True,0.808591,0.112548,0.024555,0.038082,0.016223
IM001027_460.png,anodr,anodr,True,0.588007,0.292902,0.063167,0.037801,0.018124
20051205_58373_0400_PP_55.png,anodr,anodr,True,0.903344,0.038474,0.026068,0.020431,0.011683
IM000220_910.png,anodr,anodr,True,0.792925,0.028113,0.088732,0.067947,0.022283
IM002336_1076.png,anodr,anodr,True,0.911258,0.012157,0.048473,0.022330,0.005782
IM003215_139.png,anodr,anodr,True,0.922835,0.014150,0.022126,0.017280,0.023609
IM002697_959.png,anodr,anodr,True,0.479885,0.292546,0.076272,0.030588,0.120709
IM002852_456.png,anodr,anodr,True,0.889112,0.023055,0.030634,0.033646,0.023554
20060407_45852_0200_PP_287.png,anodr,anodr,True,0.881588,0.046376,0.030181,0.024932,0.016923
IM001514_500.png,anodr,anodr,True,0.649731,0.168361,0.109449,0.056574,0.015885
20051205_58458_0400_PP_309.png,anodr,anodr,True,0.847280,0.071642,0.042261,0.022082,0.016735
IM003595_485.png,anodr,anodr,True,0.893339,0.015874,0.015445,0.038600,0.036741
20051130_55393_0400_PP_1251.png,anodr,anodr,True,0.939163,0.017193,0.017943,0.014661,0.011040
20060523_42953_0100_PP_409.png,anodr,anodr,True,0.909669,0.019331,0.034645,0.018020,0.018335
IM001089_115.png,anodr,anodr,True,0.823813,0.073005,0.059721,0.028271,0.015189
IM001636_374.png,anodr,anodr,True,0.863346,0.050300,0.042979,0.031345,0.012031
IM001912_850.png,anodr,anodr,True,0.820431,0.022141,0.044351,0.032992,0.080085
20060412_61365_0200_PP_274.png,anodr,anodr,True,0.921928,0.017019,0.026970,0.022438,0.011645
IM000319_1341.png,anodr,anodr,True,0.439877,0.211870,0.300557,0.022942,0.024753
20051116_44648_0400_PP_1036.png,anodr,anodr,True,0.888020,0.027286,0.018647,0.045761,0.020285
IM002803_297.png,anodr,anodr,True,0.652417,0.120435,0.167431,0.022331,0.037386
20060530_53742_0100_PP_1137.png,anodr,anodr,True,0.800223,0.109361,0.050652,0.030599,0.009165
20051021_57798_0100_PP_1322.png,anodr,anodr,True,0.882300,0.032143,0.013612,0.051733,0.020212
IM001211_539.png,anodr,anodr,True,0.524201,0.291530,0.097283,0.056972,0.030014
IM004093_554.png,anodr,anodr,True,0.895286,0.022166,0.035152,0.023749,0.023647
20051021_51476_0100_PP_150.png,anodr,anodr,True,0.860539,0.076599,0.026653,0.022686,0.013522
20051020_62577_0100_PP_479.png,anodr,anodr,True,0.889460,0.019823,0.038619,0.032395,0.019703
IM001217_13.png,anodr,anodr,True,0.873947,0.024102,0.043059,0.034981,0.023911
20060410_39229_0200_PP_1372.png,anodr,anodr,True,0.903370,0.027483,0.033674,0.024388,0.011085
20060523_49515_0100_PP_375.png,anodr,anodr,True,0.907810,0.020774,0.018777,0.031694,0.020946
IM000426_1210.png,anodr,anodr,True,0.562415,0.282718,0.133300,0.014338,0.007230
20051110_38111_0400_PP_429.png,anodr,anodr,True,0.920559,0.032003,0.016757,0.019844,0.010838
IM003950_362.png,anodr,anodr,True,0.585670,0.314198,0.055994,0.022701,0.021438
20060407_39687_0200_PP_101.png,anodr,anodr,True,0.718763,0.180089,0.044056,0.051636,0.005456
20051117_37078_0400_PP_559.png,anodr,anodr,True,0.871676,0.014012,0.048575,0.032781,0.032955
20051130_53991_0400_PP_277.png,anodr,anodr,True,0.901485,0.019759,0.030307,0.039079,0.009369
IM003035_1337.png,anodr,anodr,True,0.935747,0.011090,0.013297,0.015289,0.024576
IM002665_305.png,anodr,bmilddr,False,0.101416,0.601208,0.266532,0.008970,0.021873
20051216_44811_0200_PP_567.png,anodr,anodr,True,0.876837,0.023684,0.048377,0.029880,0.021222
20051130_59793_0400_PP_926.png,anodr,anodr,True,0.896499,0.046053,0.026786,0.020294,0.010368
20051214_57761_0100_PP_356.png,anodr,anodr,True,0.858396,0.035960,0.023776,0.039850,0.042018
20060407_43594_0200_PP_140.png,anodr,anodr,True,0.900721,0.031177,0.031277,0.022216,0.014610
IM001293_1316.png,anodr,anodr,True,0.660744,0.156047,0.136548,0.030232,0.016429
IM000938_1326.png,anodr,anodr,True,0.597167,0.075248,0.215163,0.043693,0.068730
20051205_59510_0400_PP_329.png,anodr,anodr,True,0.909589,0.029786,0.025539,0.020961,0.014125
IM002321_20.png,anodr,cmoderatedr,False,0.392633,0.088779,0.402708,0.072101,0.043779
IM001096_389.png,anodr,anodr,True,0.700626,0.115983,0.114327,0.034556,0.034508
20051130_54323_0400_PP_978.png,anodr,anodr,True,0.666653,0.248803,0.032074,0.034282,0.018188
IM004169_1293.png,anodr,anodr,True,0.623516,0.100886,0.091893,0.082881,0.100824
IM004240_1001.png,anodr,anodr,True,0.860342,0.034035,0.011607,0.052746,0.041271
IM000806_1346.png,anodr,anodr,True,0.894380,0.017832,0.036910,0.031953,0.018925
IM000190_367.png,anodr,anodr,True,0.704697,0.121037,0.122110,0.032023,0.020134
20060523_50631_0100_PP_91.png,anodr,anodr,True,0.910470,0.025622,0.035541,0.017366,0.011002
IM004343_1171.png,anodr,anodr,True,0.910155,0.023511,0.015751,0.032640,0.017943
20060410_39994_0200_PP_1378.png,anodr,anodr,True,0.854521,0.089591,0.021949,0.021139,0.012800
IM000412_840.png,anodr,anodr,True,0.862103,0.035027,0.066902,0.020978,0.014990
IM001737_1155.png,anodr,anodr,True,0.868623,0.048752,0.042154,0.028199,0.012272
20060412_57952_0200_PP_388.png,anodr,anodr,True,0.927857,0.013010,0.026518,0.021930,0.010685
IM000690_1157.png,anodr,anodr,True,0.853510,0.052726,0.047768,0.025488,0.020508
IM000762_979.png,anodr,anodr,True,0.916949,0.016355,0.024111,0.029695,0.012890
IM003625_143.png,anodr,anodr,True,0.776116,0.070740,0.103101,0.031530,0.018513
IM004639_1318.png,anodr,anodr,True,0.836977,0.089551,0.021694,0.035989,0.015790
IM000998_1244.png,anodr,cmoderatedr,False,0.237878,0.092095,0.284158,0.198901,0.186969
20051020_62461_0100_PP_76.png,anodr,anodr,True,0.852979,0.030129,0.017943,0.057780,0.041170
20060410_44601_0200_PP_1013.png,anodr,anodr,True,0.912325,0.027140,0.021229,0.025476,0.013831
IM000887_1187.png,anodr,anodr,True,0.359325,0.310813,0.237340,0.021876,0.070647
20051205_57879_0400_PP_1254.png,anodr,anodr,True,0.919804,0.022144,0.019319,0.022658,0.016074
20060407_39184_0200_PP_373.png,anodr,anodr,True,0.914723,0.009338,0.042677,0.018894,0.014368
IM000704_1130.png,anodr,anodr,True,0.773800,0.109286,0.070730,0.036596,0.009588
20051201_37337_0400_PP_839.png,anodr,anodr,True,0.908895,0.030576,0.019088,0.026314,0.015127
IM003759_1223.png,anodr,anodr,True,0.744015,0.124950,0.034927,0.062876,0.033232
IM001440_1078.png,anodr,anodr,True,0.899443,0.012031,0.022704,0.025349,0.040473
IM001153_1291.png,anodr,anodr,True,0.887768,0.034882,0.025108,0.026783,0.025458
IM004012_1285.png,anodr,anodr,True,0.907039,0.031633,0.018885,0.030901,0.011543
IM001630_851.png,anodr,anodr,True,0.853354,0.045327,0.042309,0.026631,0.032378
IM000833_1161.png,anodr,anodr,True,0.801725,0.087743,0.063620,0.033802,0.013111
20051214_56438_0100_PP_22.png,anodr,anodr,True,0.930012,0.020308,0.018233,0.020524,0.010923
IM004529_1024.png,anodr,anodr,True,0.858310,0.031596,0.035350,0.038425,0.036319
20051205_57651_0400_PP_52.png,anodr,anodr,True,0.911307,0.043711,0.017028,0.018981,0.008973
20060411_61687_0200_PP_431.png,anodr,anodr,True,0.821901,0.062671,0.072041,0.033213,0.010174
20051110_38313_0400_PP_1041.png,anodr,anodr,True,0.932133,0.009912,0.029180,0.019737,0.009038
20051020_44692_0100_PP_419.png,anodr,anodr,True,0.930520,0.019106,0.016485,0.021733,0.012156
20060412_59259_0200_PP_364.png,anodr,anodr,True,0.933362,0.022333,0.017103,0.015872,0.011330
IM002853_1180.png,anodr,anodr,True,0.857237,0.033718,0.029095,0.037155,0.042794
20051205_58354_0400_PP_1282.png,anodr,anodr,True,0.828385,0.104199,0.020132,0.020622,0.026662
IM001103_569.png,anodr,anodr,True,0.797961,0.050051,0.085251,0.043571,0.023166
IM001034_492.png,anodr,anodr,True,0.493507,0.216624,0.193229,0.068374,0.028266
IM000560_1233.png,anodr,cmoderatedr,False,0.145227,0.177940,0.596622,0.053662,0.026549
IM004569_1249.png,anodr,anodr,True,0.886845,0.032841,0.024911,0.036579,0.018824
20060523_48709_0100_PP_541.png,anodr,anodr,True,0.830633,0.085383,0.022667,0.039723,0.021594
20051130_55107_0400_PP_316.png,anodr,anodr,True,0.927610,0.017946,0.023711,0.020931,0.009802
20060529_56563_0100_PP_100.png,anodr,anodr,True,0.924642,0.019564,0.021962,0.029493,0.004340
20051130_55323_0400_PP_883.png,anodr,anodr,True,0.918230,0.041434,0.009729,0.019318,0.011290
20051130_58998_0400_PP_543.png,anodr,anodr,True,0.932046,0.007718,0.024861,0.022405,0.012970
IM003857_386.png,anodr,anodr,True,0.740977,0.131134,0.049901,0.037924,0.040064
IM000703_1175.png,anodr,anodr,True,0.651334,0.099293,0.148587,0.061257,0.039529
20060407_45107_0200_PP_1345.png,anodr,anodr,True,0.914980,0.026391,0.018104,0.026745,0.013779
IM002725_1132.png,anodr,cmoderatedr,False,0.149738,0.300976,0.416044,0.021357,0.111885
IM001758_360.png,anodr,anodr,True,0.834316,0.059098,0.055195,0.036796,0.014594
IM000450_459.png,anodr,anodr,True,0.928474,0.014813,0.022843,0.020783,0.013088
IM003596_1314.png,anodr,anodr,True,0.746088,0.105582,0.097279,0.025601,0.025449
20060407_39546_0200_PP_545.png,anodr,anodr,True,0.891633,0.034392,0.020008,0.040286,0.013681
20060530_53954_0100_PP_103.png,anodr,anodr,True,0.882988,0.054100,0.026256,0.021862,0.014794
IM004227_318.png,anodr,anodr,True,0.907354,0.035098,0.009925,0.036576,0.011046
20060523_43354_0100_PP_1093.png,anodr,anodr,True,0.927948,0.020519,0.027521,0.015437,0.008575
IM003794_1134.png,anodr,anodr,True,0.775297,0.079310,0.078698,0.044614,0.022082
IM001513_913.png,anodr,anodr,True,0.926706,0.019992,0.022089,0.023793,0.007421
20051130_59964_0400_PP_312.png,anodr,anodr,True,0.889008,0.042437,0.034287,0.026005,0.008264
20051201_38291_0400_PP_468.png,anodr,anodr,True,0.894994,0.022543,0.027715,0.027190,0.027558
20051201_38475_0400_PP_560.png,anodr,anodr,True,0.880026,0.034984,0.033625,0.027434,0.023930
20051130_54301_0400_PP_93.png,anodr,anodr,True,0.361242,0.207459,0.331016,0.047596,0.052687
IM003840_1265.png,anodr,bmilddr,False,0.250917,0.448136,0.184271,0.074405,0.042270
IM001797_1280.png,anodr,anodr,True,0.674144,0.157734,0.103528,0.048320,0.016275
IM004035_972.png,anodr,anodr,True,0.887481,0.040664,0.028227,0.028928,0.014698
IM001185_935.png,anodr,anodr,True,0.903376,0.016529,0.024681,0.018598,0.036815
20060523_49663_0100_PP_455.png,anodr,anodr,True,0.731358,0.120632,0.093174,0.033645,0.021191
20051213_62572_0100_PP_1176.png,anodr,anodr,True,0.877635,0.044812,0.051093,0.018470,0.007990
20060410_44802_0200_PP_1069.png,anodr,cmoderatedr,False,0.033328,0.090339,0.838007,0.033730,0.004595
IM001138_1019.png,anodr,anodr,True,0.653693,0.099052,0.211685,0.021095,0.014475
IM000306_997.png,anodr,anodr,True,0.838911,0.047553,0.033143,0.041496,0.038897
IM001984_909.png,anodr,anodr,True,0.910510,0.017018,0.031888,0.025961,0.014623
20060523_45548_0100_PP_1229.png,anodr,anodr,True,0.909713,0.022849,0.036207,0.022061,0.009170
IM003207_1256.png,anodr,anodr,True,0.777561,0.023134,0.090822,0.023835,0.084648
IM002322_54.png,anodr,anodr,True,0.937700,0.016833,0.013459,0.018849,0.013159
IM004553_446.png,anodr,anodr,True,0.819010,0.047868,0.077180,0.033712,0.022229
IM002845_1101.png,anodr,anodr,True,0.733370,0.091648,0.072125,0.047169,0.055688
20051021_39845_0100_PP_315.png,anodr,anodr,True,0.935964,0.013164,0.012272,0.027980,0.010620
IM000537_405.png,anodr,anodr,True,0.866859,0.041015,0.047545,0.021183,0.023398
IM004798_1025.png,anodr,anodr,True,0.658490,0.066089,0.209250,0.041562,0.024610
IM003208_564.png,anodr,anodr,True,0.514109,0.026042,0.334020,0.052281,0.073548
20051130_54476_0400_PP_394.png,anodr,anodr,True,0.939478,0.011048,0.015469,0.019089,0.014915
20060411_58469_0200_PP_982.png,anodr,anodr,True,0.902793,0.010436,0.038871,0.028062,0.019838
IM001336_470.png,anodr,anodr,True,0.709409,0.074710,0.173595,0.032792,0.009494
IM003826_490.png,anodr,anodr,True,0.728986,0.150631,0.038412,0.049438,0.032533
20051020_64836_0100_PP_1270.png,anodr,anodr,True,0.911509,0.024622,0.032472,0.021387,0.010011
IM003787_848.png,anodr,anodr,True,0.861707,0.033689,0.031918,0.056935,0.015750
20051205_58037_0400_PP_835.png,anodr,anodr,True,0.833114,0.088192,0.040599,0.027053,0.011043
IM002493_306.png,anodr,anodr,True,0.850047,0.020614,0.095370,0.016010,0.017959
20051201_38211_0400_PP_1174.png,anodr,anodr,True,0.686243,0.111643,0.142622,0.043379,0.016114
20060407_43258_0200_PP_118.png,anodr,anodr,True,0.919491,0.026400,0.022795,0.023396,0.007919
IM004154_501.png,anodr,anodr,True,0.846263,0.047005,0.046968,0.032360,0.027404
20060410_41880_0200_PP_1266.png,anodr,anodr,True,0.929448,0.018307,0.018553,0.022230,0.011464
IM000761_433.png,anodr,anodr,True,0.902317,0.022074,0.028940,0.031190,0.015479
20051130_54121_0400_PP_1281.png,anodr,anodr,True,0.914821,0.032334,0.017704,0.025957,0.009184
20051216_44420_0200_PP_379.png,anodr,anodr,True,0.904278,0.039198,0.018147,0.022457,0.015921
IM002251_1169.png,anodr,anodr,True,0.912684,0.020531,0.032598,0.021539,0.012647
20060407_41980_0200_PP_1347.png,anodr,anodr,True,0.910463,0.025008,0.021698,0.028810,0.014021
IM000595_884.png,anodr,anodr,True,0.918607,0.008486,0.026532,0.034232,0.012142
20051216_47536_0200_PP_1339.png,anodr,anodr,True,0.925770,0.018015,0.018488,0.027634,0.010094
IM001321_1239.png,anodr,anodr,True,0.859269,0.033308,0.043107,0.046257,0.018059
IM001453_31.png,anodr,anodr,True,0.914268,0.021945,0.037022,0.017681,0.009084
20060523_45316_0100_PP_1213.png,anodr,anodr,True,0.885949,0.026355,0.046080,0.024430,0.017186
IM003474_138.png,anodr,anodr,True,0.718448,0.108096,0.066757,0.054721,0.051979
20051205_59754_0400_PP_880.png,anodr,anodr,True,0.931762,0.021891,0.014488,0.015213,0.016646
20060522_45796_0100_PP_1360.png,anodr,anodr,True,0.892960,0.033913,0.030992,0.026547,0.015587
IM004621_891.png,anodr,anodr,True,0.832751,0.067755,0.051870,0.033271,0.014352
IM002822_348.png,anodr,anodr,True,0.922046,0.017922,0.023604,0.024409,0.012020
20060523_43123_0100_PP_123.png,anodr,anodr,True,0.896483,0.018925,0.029642,0.034616,0.020335
IM002466_900.png,anodr,anodr,True,0.469147,0.252008,0.177711,0.050641,0.050493
IM001745_107.png,anodr,cmoderatedr,False,0.243739,0.136621,0.559082,0.054487,0.006071
IM002516_24.png,anodr,anodr,True,0.806562,0.034746,0.093586,0.024959,0.040148
20051201_37390_0400_PP_833.png,anodr,anodr,True,0.913216,0.035590,0.021313,0.020713,0.009167
IM000056_1358.png,anodr,anodr,True,0.758729,0.104494,0.097155,0.028667,0.010955
20051216_44252_0200_PP_952.png,anodr,anodr,True,0.872734,0.052564,0.047072,0.017667,0.009963
IM004737_438.png,anodr,anodr,True,0.677753,0.165291,0.083340,0.032456,0.041160
20060522_46104_0100_PP_1302.png,anodr,anodr,True,0.915535,0.026766,0.020167,0.025950,0.011582
IM002939_427.png,anodr,cmoderatedr,False,0.229762,0.191888,0.314002,0.055678,0.208669
IM001461_1186.png,anodr,anodr,True,0.921999,0.023571,0.027639,0.017199,0.009592
20060523_45449_0100_PP_1269.png,anodr,anodr,True,0.385733,0.366937,0.187062,0.033381,0.026886
IM002894_1099.png,anodr,anodr,True,0.902452,0.022171,0.028448,0.025059,0.021869
IM001423_465.png,anodr,anodr,True,0.485511,0.078074,0.046311,0.112646,0.277457
20051020_44338_0100_PP_547.png,anodr,anodr,True,0.709486,0.087641,0.060648,0.091010,0.051215
20060411_61702_0200_PP_1040.png,anodr,anodr,True,0.682312,0.190051,0.094919,0.019917,0.012800
20060522_46149_0100_PP_1012.png,anodr,anodr,True,0.918404,0.021421,0.025955,0.024556,0.009664
IM004028_147.png,anodr,cmoderatedr,False,0.054867,0.118571,0.798419,0.025468,0.002675
IM004276_1147.png,anodr,anodr,True,0.436821,0.104239,0.220951,0.089769,0.148221
IM000213_987.png,anodr,anodr,True,0.491102,0.107700,0.275338,0.078591,0.047268
IM001329_992.png,anodr,anodr,True,0.920281,0.017148,0.031759,0.022333,0.008480
20051205_59538_0400_PP_534.png,anodr,anodr,True,0.914936,0.035758,0.017622,0.018705,0.012979
IM002997_1049.png,anodr,anodr,True,0.927647,0.019111,0.016555,0.026327,0.010360
20051214_42197_0100_PP_1288.png,anodr,anodr,True,0.928185,0.022419,0.022011,0.019824,0.007561
20051216_44221_0200_PP_548.png,anodr,anodr,True,0.899235,0.034204,0.030668,0.024437,0.011455
IM000917_1298.png,anodr,anodr,True,0.377075,0.252830,0.333520,0.023910,0.012665
IM002465_440.png,anodr,bmilddr,False,0.119254,0.521572,0.345035,0.009026,0.005113
IM002020_437.png,anodr,anodr,True,0.879117,0.019409,0.042433,0.032652,0.026389
20060412_52425_0200_PP_1292.png,anodr,anodr,True,0.913251,0.018853,0.028856,0.024166,0.014874
20051214_51308_0100_PP_1342.png,anodr,anodr,True,0.898387,0.015165,0.022418,0.047296,0.016734
20051201_37409_0400_PP_1340.png,anodr,anodr,True,0.867154,0.073952,0.031124,0.010259,0.017511
20060529_56948_0100_PP_857.png,anodr,anodr,True,0.913421,0.022753,0.027855,0.025173,0.010798
20051130_54257_0400_PP_506.png,anodr,anodr,True,0.686619,0.163456,0.091007,0.039342,0.019576
IM000515_130.png,anodr,anodr,True,0.939936,0.014432,0.012140,0.019893,0.013600
IM001560_1370.png,anodr,anodr,True,0.831215,0.041560,0.082125,0.034072,0.011028
IM002399_1154.png,anodr,anodr,True,0.854401,0.020762,0.066705,0.038906,0.019227
IM001832_815.png,anodr,anodr,True,0.817554,0.035040,0.052600,0.027089,0.067717
IM001948_416.png,anodr,anodr,True,0.634396,0.113812,0.095747,0.118370,0.037676
IM001416_1315.png,anodr,anodr,True,0.877441,0.035364,0.045335,0.024491,0.017369
20060523_50616_0100_PP_136.png,anodr,anodr,True,0.875568,0.035786,0.051952,0.023739,0.012955
20051130_55037_0400_PP_443.png,anodr,anodr,True,0.830389,0.046857,0.055128,0.038344,0.029282
IM001322_976.png,anodr,anodr,True,0.852794,0.028332,0.032798,0.060941,0.025136
20051205_60119_0400_PP_451.png,anodr,anodr,True,0.917045,0.028955,0.024385,0.018145,0.011470
20060410_43979_0200_PP_276.png,anodr,anodr,True,0.764515,0.081012,0.094261,0.050096,0.010115
IM003520_62.png,anodr,anodr,True,0.885386,0.038890,0.037517,0.023025,0.015181
IM002643_323.png,anodr,anodr,True,0.885090,0.036614,0.049052,0.016539,0.012705
IM000888_1310.png,anodr,anodr,True,0.688697,0.105485,0.142102,0.032589,0.031127
20051201_37534_0400_PP_906.png,anodr,anodr,True,0.890707,0.042285,0.017782,0.025799,0.023428
20051130_54595_0400_PP_940.png,anodr,anodr,True,0.470027,0.403842,0.065743,0.026080,0.034308
IM002052_960.png,anodr,anodr,True,0.876356,0.036111,0.040060,0.020841,0.026632
IM004398_352.png,anodr,anodr,True,0.780715,0.127269,0.037152,0.032208,0.022656
IM002578_1234.png,anodr,anodr,True,0.875090,0.050044,0.024887,0.036869,0.013110
20060523_49120_0100_PP_85.png,anodr,anodr,True,0.922213,0.022933,0.020537,0.017754,0.016562
20051020_64653_0100_PP_124.png,anodr,anodr,True,0.904257,0.044479,0.021933,0.021692,0.007638
20051130_59457_0400_PP_1053.png,anodr,anodr,True,0.917506,0.044230,0.015700,0.014526,0.008038
IM002335_1195.png,anodr,anodr,True,0.841834,0.045571,0.051644,0.023417,0.037534
IM003264_1209.png,anodr,anodr,True,0.837949,0.091563,0.022986,0.033407,0.014094
20051205_59379_0400_PP_842.png,anodr,anodr,True,0.926902,0.014888,0.028395,0.019715,0.010101
20051214_51342_0100_PP_970.png,anodr,anodr,True,0.882426,0.024783,0.039938,0.036392,0.016461
IM003982_1260.png,anodr,anodr,True,0.886325,0.027803,0.035185,0.040171,0.010516
20051205_58502_0400_PP_482.png,anodr,anodr,True,0.884166,0.063667,0.019965,0.019056,0.013145
20051213_61802_0100_PP_408.png,anodr,anodr,True,0.904560,0.046322,0.013221,0.025048,0.010848
20060411_58808_0200_PP_125.png,anodr,anodr,True,0.920540,0.015551,0.027976,0.021404,0.014529
20060530_53597_0100_PP_565.png,anodr,anodr,True,0.880929,0.034625,0.033389,0.032025,0.019033
IM000991_932.png,anodr,anodr,True,0.585997,0.196019,0.157233,0.035901,0.024851
20060410_40499_0200_PP_15.png,anodr,anodr,True,0.903250,0.015515,0.048151,0.018572,0.014511
20051205_59923_0400_PP_1307.png,anodr,anodr,True,0.909248,0.025778,0.023953,0.022844,0.018177
IM002732_914.png,anodr,anodr,True,0.540362,0.131095,0.234787,0.029333,0.064423
IM003626_936.png,anodr,anodr,True,0.748454,0.137358,0.052169,0.044550,0.017469
IM003124_382.png,anodr,anodr,True,0.890772,0.032661,0.034101,0.026132,0.016334
IM004654_411.png,anodr,anodr,True,0.766040,0.093567,0.028225,0.043626,0.068542
20051213_61406_0100_PP_1027.png,anodr,anodr,True,0.891367,0.031929,0.020844,0.031270,0.024589
IM001765_999.png,anodr,anodr,True,0.866290,0.020708,0.051824,0.043900,0.017278
20060412_60773_0200_PP_319.png,anodr,anodr,True,0.917717,0.026012,0.020446,0.024079,0.011746
IM001167_817.png,anodr,anodr,True,0.410637,0.315626,0.237343,0.009435,0.026959
IM004669_1361.png,anodr,anodr,True,0.920719,0.019623,0.025862,0.017710,0.016085
IM002658_478.png,anodr,anodr,True,0.923757,0.021073,0.029206,0.019029,0.006934
20051213_62314_0100_PP_1325.png,anodr,anodr,True,0.906845,0.024560,0.028488,0.027302,0.012805
IM001744_864.png,anodr,anodr,True,0.435471,0.171217,0.351410,0.027245,0.014657
20051205_60093_0400_PP_1286.png,anodr,anodr,True,0.928173,0.022953,0.021117,0.019383,0.008374
IM002449_928.png,anodr,cmoderatedr,False,0.374655,0.120732,0.387254,0.052886,0.064473
20060412_52098_0200_PP_491.png,anodr,anodr,True,0.898428,0.023205,0.024968,0.035700,0.017698
20060412_57974_0200_PP_94.png,anodr,anodr,True,0.903766,0.023143,0.031968,0.027552,0.013571
20060407_39155_0200_PP_855.png,anodr,anodr,True,0.901537,0.019456,0.037722,0.024290,0.016995
20051130_59869_0400_PP_520.png,anodr,anodr,True,0.931903,0.015982,0.027031,0.016776,0.008308
IM003893_377.png,anodr,anodr,True,0.875993,0.039728,0.043952,0.028125,0.012202
20060407_44529_0200_PP_1212.png,anodr,anodr,True,0.906613,0.020434,0.018193,0.031449,0.023312
20051130_55004_0400_PP_1259.png,anodr,anodr,True,0.905861,0.020551,0.027951,0.025520,0.020117
IM000212_37.png,anodr,anodr,True,0.893856,0.017279,0.023964,0.049312,0.015589
20051116_43801_0400_PP_325.png,anodr,anodr,True,0.882814,0.032424,0.026171,0.031368,0.027223
IM000805_291.png,anodr,anodr,True,0.865426,0.025296,0.053312,0.034964,0.021002
20051021_58035_0100_PP_1138.png,anodr,anodr,True,0.898631,0.035197,0.029473,0.013604,0.023094
IM000812_142.png,anodr,anodr,True,0.754064,0.057976,0.085847,0.067003,0.035110
20060407_43834_0200_PP_1162.png,anodr,anodr,True,0.913024,0.021717,0.034070,0.022751,0.008438
20051110_38472_0400_PP_1127.png,anodr,anodr,True,0.758077,0.182036,0.022716,0.026736,0.010435
IM000198_941.png,anodr,anodr,True,0.820849,0.070474,0.061389,0.032325,0.014963
20051130_53663_0400_PP_510.png,anodr,anodr,True,0.696350,0.074159,0.116648,0.040896,0.071947
IM002156_838.png,anodr,cmoderatedr,False,0.134502,0.161268,0.636955,0.036226,0.031049
IM001483_279.png,anodr,anodr,True,0.855935,0.033213,0.071383,0.025124,0.014345
20060410_45188_0200_PP_544.png,anodr,anodr,True,0.916919,0.020235,0.031163,0.018104,0.013579
IM003577_304.png,anodr,anodr,True,0.746376,0.046275,0.140913,0.044976,0.021461
20060407_41312_0200_PP_895.png,anodr,anodr,True,0.927386,0.020878,0.016724,0.024710,0.010302
IM001950_361.png,anodr,anodr,True,0.723209,0.071020,0.149137,0.024789,0.031846
IM004305_1262.png,anodr,anodr,True,0.866853,0.031081,0.063431,0.027700,0.010935
IM001161_1237.png,anodr,anodr,True,0.635278,0.073623,0.202999,0.074867,0.013233
IM003894_407.png,anodr,anodr,True,0.833849,0.071109,0.026979,0.046384,0.021678
20060407_39567_0200_PP_1168.png,anodr,anodr,True,0.855831,0.051713,0.040530,0.041189,0.010737
20060529_56013_0100_PP_1065.png,anodr,anodr,True,0.882811,0.029399,0.035317,0.036698,0.015774
20051110_35239_0400_PP_836.png,anodr,anodr,True,0.915102,0.035064,0.019434,0.021418,0.008982
20051130_60234_0400_PP_453.png,anodr,anodr,True,0.898944,0.034701,0.022835,0.023659,0.019861
20060523_49176_0100_PP_366.png,anodr,anodr,True,0.383901,0.377252,0.199661,0.021148,0.018038
IM001597_322.png,anodr,anodr,True,0.849948,0.062498,0.051301,0.022135,0.014119
IM003983_823.png,anodr,anodr,True,0.891540,0.022236,0.014132,0.053419,0.018673
20051201_38155_0400_PP_112.png,anodr,bmilddr,False,0.314378,0.376476,0.226766,0.042824,0.039556
20051130_60691_0400_PP_939.png,anodr,anodr,True,0.837527,0.038596,0.057584,0.042446,0.023848
20051205_58409_0400_PP_985.png,anodr,bmilddr,False,0.372180,0.459430,0.119677,0.021804,0.026909
IM000327_98.png,anodr,cmoderatedr,False,0.296592,0.232438,0.429539,0.024214,0.017217
IM000357_1028.png,anodr,anodr,True,0.925227,0.013433,0.014107,0.027242,0.019990
20060407_38970_0200_PP_1111.png,anodr,bmilddr,False,0.388129,0.444850,0.124150,0.032357,0.010514
20051216_43913_0200_PP_1367.png,anodr,anodr,True,0.930900,0.014341,0.024701,0.018448,0.011611
20060411_61901_0200_PP_288.png,anodr,anodr,True,0.928982,0.020301,0.024740,0.019947,0.006030
IM002846_66.png,anodr,anodr,True,0.853481,0.057987,0.047404,0.025857,0.015270
IM002642_943.png,anodr,anodr,True,0.944643,0.014616,0.012909,0.017419,0.010413
20060410_39586_0200_PP_574.png,anodr,anodr,True,0.899859,0.035937,0.038173,0.018814,0.007217
20060407_45230_0200_PP_1297.png,anodr,anodr,True,0.918268,0.019553,0.031855,0.018222,0.012101
20060410_43868_0200_PP_874.png,anodr,anodr,True,0.928032,0.019309,0.025175,0.018281,0.009203
20051130_60740_0400_PP_1166.png,anodr,anodr,True,0.903468,0.030864,0.024357,0.026160,0.015152
IM001965_1357.png,anodr,cmoderatedr,False,0.351260,0.173928,0.364555,0.049867,0.060391
IM002509_1250.png,anodr,anodr,True,0.868622,0.031335,0.044374,0.024645,0.031024
IM001252_1203.png,anodr,anodr,True,0.851039,0.062612,0.032805,0.026772,0.026772
20060410_39606_0200_PP_1148.png,anodr,anodr,True,0.893193,0.048943,0.033803,0.014621,0.009440
20051205_57809_0400_PP_1228.png,anodr,anodr,True,0.856975,0.077710,0.023862,0.027228,0.014224
IM000554_269.png,anodr,anodr,True,0.705913,0.095783,0.143660,0.042971,0.011672
IM000219_14.png,anodr,anodr,True,0.884936,0.015272,0.050437,0.026821,0.022535
IM003412_1038.png,anodr,anodr,True,0.826392,0.108124,0.036418,0.017742,0.011324
IM002400_483.png,anodr,anodr,True,0.833744,0.025119,0.065069,0.030188,0.045880
IM001117_494.png,anodr,anodr,True,0.902669,0.018435,0.020879,0.029981,0.028035
20051110_38280_0400_PP_83.png,anodr,anodr,True,0.926933,0.018885,0.011741,0.022723,0.019717
20060411_58571_0200_PP_148.png,anodr,anodr,True,0.619265,0.138515,0.148847,0.058968,0.034405
IM001831_153.png,anodr,anodr,True,0.828317,0.019579,0.040971,0.034849,0.076284
20060523_49681_0100_PP_1363.png,anodr,anodr,True,0.776828,0.106581,0.050402,0.052912,0.013277
IM000264_302.png,anodr,bmilddr,False,0.282547,0.399464,0.266570,0.039252,0.012168
20051205_58431_0400_PP_493.png,anodr,anodr,True,0.534690,0.248033,0.150318,0.033431,0.033527
20051205_57838_0400_PP_859.png,anodr,anodr,True,0.927203,0.015295,0.021762,0.028790,0.006949
IM003878_873.png,anodr,anodr,True,0.919651,0.024525,0.017019,0.028119,0.010687
20060523_49191_0100_PP_476.png,anodr,anodr,True,0.744223,0.063852,0.113116,0.040645,0.038163
IM002494_461.png,anodr,anodr,True,0.903892,0.014001,0.028474,0.026357,0.027277
20051205_58613_0400_PP_843.png,anodr,anodr,True,0.904818,0.039468,0.014814,0.025725,0.015176
IM001181_1226.png,anodr,anodr,True,0.921657,0.012144,0.025078,0.021419,0.019703
IM004155_553.png,anodr,anodr,True,0.798747,0.064677,0.052418,0.036199,0.047959
20051130_55074_0400_PP_986.png,anodr,anodr,True,0.913835,0.028355,0.024732,0.023695,0.009384
20060407_44510_0200_PP_48.png,anodr,anodr,True,0.888923,0.020422,0.034809,0.034978,0.020868
20060407_39306_0200_PP_1074.png,anodr,anodr,True,0.782156,0.032991,0.133515,0.028473,0.022865
20051130_54498_0400_PP_1217.png,anodr,anodr,True,0.876000,0.027457,0.040568,0.022532,0.033442
20060410_41098_0200_PP_912.png,anodr,anodr,True,0.881746,0.040493,0.050385,0.022610,0.004766
20051216_45873_0200_PP_832.png,anodr,anodr,True,0.907281,0.024431,0.028004,0.027735,0.012549
IM001766_1097.png,anodr,anodr,True,0.900483,0.014899,0.023212,0.045704,0.015703
IM000860_17.png,anodr,anodr,True,0.910971,0.027611,0.015908,0.034322,0.011189
IM003746_1197.png,anodr,anodr,True,0.892151,0.020600,0.015691,0.036862,0.034696
IM000291_1094.png,anodr,anodr,True,0.903200,0.031213,0.039324,0.020930,0.005334
20060407_46235_0200_PP_566.png,anodr,anodr,True,0.908845,0.030464,0.020348,0.024490,0.015852
20060407_39435_0200_PP_1214.png,anodr,anodr,True,0.391341,0.131514,0.390476,0.069424,0.017245
IM002441_1294.png,anodr,eproliferativedr,False,0.083565,0.011685,0.164793,0.235776,0.504181
20060412_61450_0200_PP_1002.png,anodr,anodr,True,0.905856,0.016178,0.041061,0.019310,0.017595
20060412_59355_0200_PP_977.png,anodr,anodr,True,0.880682,0.047665,0.038208,0.024037,0.009407
IM003766_882.png,anodr,anodr,True,0.802481,0.096324,0.029440,0.032404,0.039351
20051213_61951_0100_PP_983.png,anodr,anodr,True,0.914667,0.018061,0.031870,0.025248,0.010154
IM000305_447.png,anodr,anodr,True,0.899586,0.022849,0.028903,0.029502,0.019160
20060407_43856_0200_PP_862.png,anodr,anodr,True,0.827294,0.086785,0.056191,0.019978,0.009752
IM000131_396.png,anodr,anodr,True,0.755248,0.118846,0.085282,0.030956,0.009668
IM000675_286.png,anodr,anodr,True,0.916788,0.017526,0.022945,0.026879,0.015861
IM002703_962.png,anodr,bmilddr,False,0.161707,0.617267,0.193357,0.016476,0.011193
IM000449_1309.png,anodr,anodr,True,0.909052,0.023870,0.027276,0.018366,0.021436
20060410_39695_0200_PP_1008.png,anodr,anodr,True,0.610297,0.119657,0.217385,0.041628,0.011033
20051117_37042_0400_PP_1119.png,anodr,anodr,True,0.817244,0.106190,0.025780,0.025898,0.024888
IM003969_371.png,anodr,anodr,True,0.922278,0.027777,0.012787,0.025392,0.011765
20051216_45781_0200_PP_320.png,anodr,anodr,True,0.802908,0.094267,0.075799,0.022840,0.004186
20051201_38262_0400_PP_335.png,anodr,anodr,True,0.905492,0.030196,0.034948,0.021299,0.008065
20051201_38041_0400_PP_1312.png,anodr,anodr,True,0.906551,0.025864,0.019707,0.029536,0.018342
20060407_40761_0200_PP_282.png,anodr,anodr,True,0.835439,0.035237,0.077315,0.034953,0.017056
20060522_45777_0100_PP_1327.png,anodr,anodr,True,0.908324,0.029799,0.036452,0.018452,0.006974
20051117_37100_0400_PP_1083.png,anodr,anodr,True,0.838307,0.022741,0.058644,0.040918,0.039389
20060412_61064_0200_PP_1114.png,anodr,anodr,True,0.766933,0.107836,0.074913,0.031564,0.018754
IM004161_413.png,anodr,anodr,True,0.868958,0.041875,0.038031,0.030892,0.020243
IM004528_422.png,anodr,anodr,True,0.846575,0.017193,0.022777,0.037118,0.076337
20060410_39879_0200_PP_951.png,anodr,anodr,True,0.898664,0.035531,0.021683,0.032025,0.012096
IM000568_1230.png,anodr,anodr,True,0.651207,0.068740,0.227405,0.033176,0.019472
IM003287_849.png,anodr,anodr,True,0.461571,0.376695,0.057747,0.062912,0.041074
20060522_43758_0100_PP_988.png,anodr,anodr,True,0.894467,0.037965,0.028765,0.022735,0.016069
IM001687_96.png,anodr,anodr,True,0.801165,0.051895,0.068263,0.053400,0.025276
20051205_57942_0400_PP_990.png,anodr,anodr,True,0.906999,0.030927,0.030766,0.017677,0.013630
IM001845_290.png,anodr,anodr,True,0.813617,0.052346,0.065250,0.029502,0.039285
20060407_41149_0200_PP_26.png,anodr,anodr,True,0.662454,0.041774,0.251900,0.029183,0.014690
IM000115_512.png,anodr,anodr,True,0.525076,0.126703,0.179943,0.020224,0.148056
20051216_47514_0200_PP_110.png,anodr,anodr,True,0.899396,0.035349,0.022058,0.034809,0.008387
20051216_44832_0200_PP_1082.png,anodr,anodr,True,0.889223,0.029505,0.030215,0.029183,0.021874
20060523_48890_0100_PP_1338.png,anodr,anodr,True,0.925649,0.024596,0.018836,0.019684,0.011235
IM002908_69.png,anodr,anodr,True,0.417085,0.307176,0.199600,0.060126,0.016013
IM003108_281.png,anodr,anodr,True,0.867818,0.051429,0.030214,0.038663,0.011876
20051130_59404_0400_PP_392.png,anodr,anodr,True,0.848197,0.038142,0.068904,0.034519,0.010239
IM001911_406.png,anodr,anodr,True,0.871669,0.015477,0.064740,0.029712,0.018402
IM001357_1016.png,anodr,anodr,True,0.907686,0.027246,0.032002,0.021014,0.012052
IM002649_505.png,anodr,cmoderatedr,False,0.160329,0.160611,0.624584,0.042439,0.012037
20060410_41901_0200_PP_1068.png,anodr,anodr,True,0.894653,0.026872,0.036498,0.027919,0.014057
20051130_58874_0400_PP_1359.png,anodr,anodr,True,0.935270,0.010379,0.024020,0.021175,0.009155
20060523_50153_0100_PP_558.png,anodr,anodr,True,0.928897,0.020985,0.020545,0.017196,0.012377
IM001985_1075.png,anodr,anodr,True,0.948778,0.012604,0.013588,0.016292,0.008738
IM003381_1086.png,anodr,anodr,True,0.895322,0.025303,0.051995,0.018028,0.009352
20060522_46379_0100_PP_1348.png,anodr,anodr,True,0.765495,0.133909,0.022149,0.043707,0.034740
IM003924_336.png,anodr,anodr,True,0.938438,0.013536,0.014050,0.018598,0.015378
IM002284_1050.png,anodr,cmoderatedr,False,0.091489,0.312919,0.553340,0.032797,0.009454
IM000349_449.png,anodr,anodr,True,0.910913,0.025611,0.034080,0.016455,0.012941
IM001109_72.png,anodr,anodr,True,0.757517,0.097786,0.065349,0.060072,0.019276
IM003564_870.png,anodr,anodr,True,0.864571,0.043575,0.025547,0.044294,0.022013
IM000667_1015.png,anodr,anodr,True,0.789592,0.074482,0.080365,0.036413,0.019149
20051214_56392_0100_PP_1037.png,anodr,anodr,True,0.933214,0.024579,0.013763,0.016665,0.011779
IM004783_1057.png,anodr,anodr,True,0.761031,0.125634,0.056018,0.043250,0.014067
IM003925_58.png,anodr,anodr,True,0.910719,0.015919,0.035146,0.021515,0.016701
20060410_44934_0200_PP_418.png,anodr,anodr,True,0.862778,0.035948,0.050201,0.033143,0.017930
20060410_44464_0200_PP_1255.png,anodr,anodr,True,0.915216,0.019360,0.027976,0.021601,0.015847
20051216_44635_0200_PP_415.png,anodr,anodr,True,0.908335,0.020368,0.020229,0.026066,0.025002
IM002201_1240.png,anodr,anodr,True,0.316631,0.288504,0.316438,0.044536,0.033891
IM003057_444.png,anodr,anodr,True,0.589388,0.214289,0.122393,0.050198,0.023731
IM002208_448.png,anodr,anodr,True,0.821550,0.048124,0.070506,0.037315,0.022505
20051130_60448_0400_PP_860.png,anodr,anodr,True,0.687026,0.026151,0.211432,0.041293,0.034098
20051020_61757_0100_PP_484.png,anodr,anodr,True,0.929320,0.008935,0.025663,0.025493,0.010589
20051205_59240_0400_PP_301.png,anodr,anodr,True,0.917303,0.034170,0.012207,0.024482,0.011838
20060410_44364_0200_PP_1274.png,anodr,anodr,True,0.906275,0.027379,0.034009,0.022075,0.010263
IM003453_1201.png,anodr,anodr,True,0.918965,0.016444,0.009153,0.022180,0.033259
IM004538_937.png,anodr,anodr,True,0.754655,0.073296,0.068733,0.042011,0.061304
20051205_57704_0400_PP_1167.png,anodr,anodr,True,0.928621,0.021322,0.019097,0.020894,0.010066
20051130_59284_0400_PP_853.png,anodr,anodr,True,0.918871,0.028780,0.018560,0.020165,0.013623
IM001401_1366.png,anodr,anodr,True,0.926934,0.020281,0.020999,0.023622,0.008163
IM001702_1220.png,anodr,anodr,True,0.928660,0.007454,0.022306,0.021368,0.020211
IM000850_571.png,anodr,anodr,True,0.931348,0.011969,0.023132,0.019530,0.014021
IM004162_454.png,anodr,anodr,True,0.921799,0.034616,0.013579,0.019499,0.010507
20060410_40953_0200_PP_1362.png,anodr,anodr,True,0.920433,0.024504,0.021715,0.024848,0.008499
20060530_53816_0100_PP_1135.png,anodr,anodr,True,0.900330,0.033742,0.026422,0.026085,0.013422
IM000114_349.png,anodr,anodr,True,0.887688,0.035444,0.035214,0.022011,0.019643
20060529_56039_0100_PP_931.png,anodr,anodr,True,0.935836,0.017605,0.024772,0.013899,0.007887
20051205_58060_0400_PP_376.png,anodr,anodr,True,0.712518,0.067371,0.104749,0.028165,0.087197
IM001145_904.png,anodr,anodr,True,0.511369,0.284267,0.149271,0.017088,0.038005
IM000123_399.png,anodr,cmoderatedr,False,0.141151,0.100398,0.583876,0.034210,0.140365
20060411_58829_0200_PP_1091.png,anodr,anodr,True,0.922348,0.015302,0.024567,0.023362,0.014421
IM004554_342.png,anodr,anodr,True,0.760274,0.093741,0.066865,0.046548,0.032571
IM001224_133.png,anodr,anodr,True,0.935469,0.021051,0.010685,0.015582,0.017213
IM001666_57.png,anodr,bmilddr,False,0.325500,0.409703,0.230921,0.024299,0.009576
20051216_45992_0200_PP_341.png,anodr,bmilddr,False,0.419833,0.451160,0.055592,0.027129,0.046286
20051130_60715_0400_PP_555.png,anodr,anodr,True,0.781681,0.050499,0.089966,0.052482,0.025372
IM003827_327.png,anodr,anodr,True,0.852994,0.070792,0.015831,0.041272,0.019112
IM000241_19.png,anodr,anodr,True,0.677689,0.096926,0.153714,0.051440,0.020231
IM004226_1179.png,anodr,anodr,True,0.848954,0.048150,0.020746,0.052989,0.029161
20051021_36380_0100_PP_135.png,anodr,anodr,True,0.933798,0.028026,0.012633,0.018849,0.006693
20051214_56688_0100_PP_120.png,anodr,anodr,True,0.938977,0.014726,0.013682,0.022131,0.010483
20051116_43785_0400_PP_445.png,anodr,anodr,True,0.837269,0.071650,0.019345,0.033733,0.038003
IM001701_368.png,anodr,anodr,True,0.926834,0.007344,0.030039,0.017313,0.018470
20051021_36476_0100_PP_1243.png,anodr,anodr,True,0.923204,0.027454,0.017651,0.021191,0.010501
IM001467_1245.png,anodr,anodr,True,0.751429,0.077621,0.097615,0.037217,0.036118
20051205_59738_0400_PP_119.png,anodr,anodr,True,0.934909,0.016134,0.020344,0.016656,0.011957
IM000313_310.png,anodr,cmoderatedr,False,0.308767,0.265690,0.363093,0.049951,0.012499
IM003570_1014.png,anodr,anodr,True,0.881750,0.032103,0.041744,0.027222,0.017181
IM002861_1225.png,anodr,anodr,True,0.855249,0.040965,0.030956,0.024003,0.048827
20060523_49745_0100_PP_1108.png,anodr,anodr,True,0.905862,0.033287,0.019510,0.026467,0.014873
IM003012_922.png,anodr,anodr,True,0.874190,0.033545,0.044221,0.034334,0.013710
20051109_57843_0400_PP_1109.png,anodr,anodr,True,0.874705,0.075104,0.013728,0.019827,0.016635
20051202_51616_0400_PP_1018.png,anodr,anodr,True,0.886374,0.036780,0.043716,0.017364,0.015766
20051130_60532_0400_PP_1052.png,anodr,anodr,True,0.875028,0.055389,0.045178,0.015521,0.008884
20060529_56968_0100_PP_1131.png,anodr,anodr,True,0.871956,0.031342,0.058223,0.025363,0.013117
20051201_38137_0400_PP_391.png,anodr,anodr,True,0.891543,0.036979,0.021081,0.029716,0.020680
IM001175_1140.png,anodr,anodr,True,0.930668,0.008868,0.017022,0.028478,0.014964
20051130_55311_0400_PP_896.png,anodr,anodr,True,0.925427,0.026747,0.014224,0.025110,0.008492
IM004638_1284.png,anodr,anodr,True,0.916815,0.012570,0.021691,0.033290,0.015634
20051130_55269_0400_PP_820.png,anodr,anodr,True,0.888380,0.043439,0.035513,0.019395,0.013273
IM004570_387.png,anodr,anodr,True,0.921825,0.017104,0.017545,0.025611,0.017915
20060412_51860_0200_PP_890.png,anodr,cmoderatedr,False,0.203768,0.120700,0.633655,0.033302,0.008574
IM004462_1313.png,anodr,anodr,True,0.864596,0.057831,0.021395,0.025210,0.030968
IM004461_1301.png,anodr,anodr,True,0.760588,0.143526,0.038326,0.032387,0.025172
IM000937_563.png,anodr,anodr,True,0.691863,0.120583,0.135691,0.031601,0.020262
