filename,score_anodr,score_bmilddr,score_cmoderatedr,score_dseveredr,score_eproliferativedr,pred_index,pred_class
002c21358ce6.png,0.925949,0.016495,0.018140,0.020175,0.019241,0,anodr
005b95c28852.png,0.928404,0.016743,0.021399,0.018987,0.014467,0,anodr
00cc2b75cddd.png,0.923030,0.023591,0.019214,0.018764,0.015401,0,anodr
0182152c50de.png,0.924420,0.022025,0.018759,0.018790,0.016006,0,anodr
02cd34a85b24.png,0.922442,0.020686,0.023142,0.017600,0.016129,0,anodr
03b373718013.png,0.927714,0.020281,0.018592,0.018103,0.015309,0,anodr
04aef84a2cc1.png,0.928226,0.019360,0.019089,0.017654,0.015672,0,anodr
05b1bb2bdb81.png,0.930864,0.016441,0.019358,0.017332,0.016005,0,anodr
07596907347b.png,0.933704,0.015253,0.016129,0.019117,0.015798,0,anodr
07751b94a88a.png,0.921328,0.023484,0.019127,0.019750,0.016311,0,anodr
0790515cf5af.png,0.921008,0.028315,0.020787,0.016193,0.013697,0,anodr
08037e4490e5.png,0.931282,0.016843,0.018877,0.017813,0.015184,0,anodr
0851d6a69589.png,0.927402,0.015877,0.021325,0.018941,0.016455,0,anodr
08b6e3240858.png,0.916811,0.028146,0.026130,0.015457,0.013456,0,anodr
08bef347f40d.png,0.931876,0.017908,0.018275,0.017371,0.014570,0,anodr
08ee569d4721.png,0.927926,0.021124,0.018441,0.017795,0.014714,0,anodr
09237bf783a4.png,0.928518,0.017530,0.016261,0.019682,0.018010,0,anodr
096436d68d06.png,0.929207,0.018207,0.022223,0.015833,0.014530,0,anodr
099021fac3c9.png,0.929674,0.016684,0.020653,0.018555,0.014434,0,anodr
09c8323c612e.png,0.921140,0.016814,0.021860,0.021646,0.018539,0,anodr
0a38b552372d.png,0.927275,0.020966,0.019061,0.017915,0.014782,0,anodr
0a85a1e8f9e9.png,0.915850,0.011844,0.040526,0.018430,0.013351,0,anodr
0babc12807b2.png,0.011528,0.539664,0.394957,0.035612,0.018239,1,bmilddr
0cbcc7b23613.png,0.918047,0.021646,0.035095,0.014814,0.010399,0,anodr
0cd31078cd08.png,0.931087,0.018383,0.018326,0.017796,0.014408,0,anodr
0ce062f26edc.png,0.922201,0.015461,0.028477,0.021228,0.012633,0,anodr
0cecc2864b7f.png,0.930121,0.020215,0.016689,0.018235,0.014739,0,anodr
0d9a9896f801.png,0.930395,0.019356,0.017841,0.018075,0.014334,0,anodr
0da321efbce6.png,0.918333,0.031783,0.017643,0.016870,0.015370,0,anodr
0db1d8dcf219.png,0.918002,0.021303,0.026422,0.020412,0.013861,0,anodr
0e3572b5884a.png,0.929602,0.013787,0.016939,0.022407,0.017265,0,anodr
0ef4c61dc056.png,0.924987,0.024088,0.018296,0.017493,0.015136,0,anodr
0fbbd665431f.png,0.921792,0.028006,0.020212,0.015968,0.014022,0,anodr
0fc6829da85b.png,0.929339,0.018067,0.020581,0.015965,0.016049,0,anodr
1002b5151b8e.png,0.926387,0.021126,0.017121,0.018814,0.016553,0,anodr
103f97a2ab15.png,0.914785,0.030824,0.022690,0.014949,0.016752,0,anodr
10a5026eb8e6.png,0.933215,0.015588,0.017647,0.017085,0.016463,0,anodr
10de500cf0c5.png,0.925656,0.018872,0.020139,0.019946,0.015386,0,anodr
10f10fd30718.png,0.930619,0.018907,0.016586,0.018248,0.015641,0,anodr
12058bbb8299.png,0.909189,0.026295,0.029752,0.020859,0.013905,0,anodr
12bc439d373a.png,0.926517,0.021168,0.018185,0.019082,0.015048,0,anodr
12ef75375322.png,0.927124,0.014272,0.018371,0.021626,0.018607,0,anodr
143db89c11c8.png,0.924712,0.020236,0.020263,0.019315,0.015474,0,anodr
15b21c80cc31.png,0.928715,0.017904,0.016782,0.019519,0.017081,0,anodr
15e24b73d4a7.png,0.921202,0.026154,0.021732,0.016987,0.013925,0,anodr
1633f8291a80.png,0.927335,0.021568,0.019404,0.016520,0.015173,0,anodr
165634a6167e.png,0.932877,0.015248,0.021401,0.017155,0.013320,0,anodr
178412895d5e.png,0.924918,0.014270,0.025591,0.022652,0.012570,0,anodr
186c1835eec5.png,0.919753,0.018078,0.018548,0.022459,0.021162,0,anodr
18b7e34eab8f.png,0.880396,0.055735,0.032544,0.017573,0.013752,0,anodr
18b99159a14f.png,0.928256,0.018304,0.018402,0.018904,0.016133,0,anodr
18ce0cdc473d.png,0.931283,0.022230,0.019991,0.014837,0.011659,0,anodr
1a0dbc6c0cda.png,0.851696,0.046113,0.067775,0.018543,0.015872,0,anodr
1a1e974a7dbf.png,0.924299,0.020864,0.018572,0.020593,0.015673,0,anodr
1c47815f4a6b.png,0.924291,0.021365,0.025625,0.016708,0.012011,0,anodr
1ca62b3e4fd3.png,0.927210,0.018283,0.019381,0.018092,0.017034,0,anodr
1d0b93317aa8.png,0.919996,0.023367,0.019943,0.018732,0.017962,0,anodr
1d3e9b939732.png,0.925492,0.021398,0.018892,0.018004,0.016214,0,anodr
1d74c4713e21.png,0.931332,0.017131,0.017133,0.018652,0.015752,0,anodr
1db0393cdbc1.png,0.930417,0.017259,0.018330,0.018892,0.015103,0,anodr
1df1530b9b8d.png,0.908710,0.028835,0.026935,0.020912,0.014608,0,anodr
1e742358e0b9.png,0.897121,0.052433,0.019631,0.013293,0.017522,0,anodr
1e7ccd4a1c87.png,0.933188,0.014518,0.020360,0.017423,0.014510,0,anodr
1ec95179cdfe.png,0.927365,0.021786,0.016977,0.018936,0.014936,0,anodr
1f31701dd61b.png,0.926450,0.017575,0.019873,0.019786,0.016317,0,anodr
1f5496352859.png,0.931011,0.014161,0.023921,0.019451,0.011456,0,anodr
218c822a3dd9.png,0.792215,0.045009,0.128740,0.016209,0.017827,0,anodr
224c14366e11.png,0.929377,0.016994,0.016908,0.019368,0.017354,0,anodr
226c6ceb9185.png,0.916661,0.024118,0.024995,0.019652,0.014573,0,anodr
237aa50edc34.png,0.932442,0.016940,0.018087,0.017088,0.015444,0,anodr
248dec89b3a2.png,0.930853,0.017973,0.016585,0.019146,0.015443,0,anodr
253e96488cfb.png,0.076679,0.899766,0.007085,0.005720,0.010749,1,bmilddr
2682e6da9050.png,0.929486,0.019139,0.018461,0.016377,0.016537,0,anodr
27933cdbe0cc.png,0.917241,0.023217,0.022529,0.019630,0.017383,0,anodr
283c3aeba594.png,0.928136,0.018662,0.017763,0.019777,0.015661,0,anodr
28503940d10b.png,0.909718,0.028529,0.026599,0.018237,0.016917,0,anodr
28f73575e1f2.png,0.930151,0.018334,0.017800,0.018377,0.015337,0,anodr
2923971566fe.png,0.180609,0.779612,0.013315,0.007171,0.019292,1,bmilddr
2927665214e1.png,0.918727,0.028548,0.020786,0.017227,0.014711,0,anodr
29a13e666266.png,0.926365,0.018775,0.022625,0.016357,0.015877,0,anodr
2a4520f1f9a3.png,0.926149,0.015253,0.019941,0.021875,0.016783,0,anodr
2b4c7b5f1f1e.png,0.795139,0.088964,0.080739,0.021155,0.014004,0,anodr
2b5bb6d33959.png,0.928116,0.020377,0.017392,0.018045,0.016071,0,anodr
2bb3c492d6d3.png,0.930945,0.016581,0.021054,0.017210,0.014209,0,anodr
2c8101f14723.png,0.931620,0.016996,0.017035,0.019383,0.014965,0,anodr
2c827005b8f8.png,0.927908,0.017211,0.017315,0.020548,0.017019,0,anodr
2cacdb0dffae.png,0.927708,0.017631,0.017850,0.020015,0.016796,0,anodr
2cdcc910778d.png,0.933733,0.016892,0.018110,0.017268,0.013997,0,anodr
2d04cead4d3a.png,0.924136,0.023811,0.016306,0.018432,0.017316,0,anodr
2d07162a13b1.png,0.016310,0.056433,0.909303,0.008016,0.009939,2,cmoderatedr
2db0cd3e30da.png,0.936262,0.012935,0.020009,0.016692,0.014102,0,anodr
2dc647e00ad3.png,0.928307,0.015916,0.025640,0.015897,0.014240,0,anodr
2dd28ac497d2.png,0.924927,0.022900,0.018389,0.018215,0.015570,0,anodr
2ef10194e80d.png,0.929328,0.017015,0.020042,0.018558,0.015057,0,anodr
2ef4a04aed1b.png,0.916807,0.016176,0.024658,0.023293,0.019067,0,anodr
2ef955d6d9ff.png,0.927704,0.022304,0.015850,0.017509,0.016633,0,anodr
2f143453bb71.png,0.931160,0.017895,0.020024,0.015976,0.014946,0,anodr
2f7fbdcc9a4b.png,0.934970,0.014705,0.018080,0.017653,0.014593,0,anodr
2fefb720869a.png,0.911746,0.033022,0.026583,0.014361,0.014289,0,anodr
3286073a976e.png,0.878859,0.037088,0.045150,0.021563,0.017340,0,anodr
331121c65e88.png,0.932079,0.017191,0.018029,0.018784,0.013918,0,anodr
33b91def2035.png,0.929383,0.018523,0.017317,0.019120,0.015658,0,anodr
33b978734eab.png,0.931362,0.016929,0.020105,0.017044,0.014559,0,anodr
345b1f0abbba.png,0.936193,0.015938,0.020029,0.014411,0.013429,0,anodr
348598d01e18.png,0.920328,0.023157,0.021588,0.019050,0.015877,0,anodr
35362d43e753.png,0.924798,0.017986,0.022400,0.018241,0.016574,0,anodr
35ac70c0d08f.png,0.927079,0.018878,0.021196,0.018722,0.014124,0,anodr
35df2bc6ae95.png,0.920689,0.024586,0.020298,0.018515,0.015912,0,anodr
360832d84ce0.png,0.885412,0.061992,0.022942,0.016849,0.012805,0,anodr
37c523296d42.png,0.925249,0.019061,0.021814,0.018459,0.015418,0,anodr
387138ddf43d.png,0.925928,0.022922,0.016214,0.019840,0.015097,0,anodr
389552047476.png,0.879021,0.039689,0.049214,0.016314,0.015762,0,anodr
393fa5a023a5.png,0.920946,0.027475,0.020075,0.016719,0.014785,0,anodr
3a4cfea0a766.png,0.926219,0.019385,0.021292,0.017819,0.015284,0,anodr
3b2b91590590.png,0.923357,0.016364,0.023157,0.019992,0.017131,0,anodr
3bf2deaa5ef0.png,0.930485,0.017708,0.016845,0.018721,0.016242,0,anodr
3bf3085ac167.png,0.918929,0.017606,0.021250,0.023524,0.018691,0,anodr
3c42512c81e0.png,0.931759,0.015184,0.018158,0.018134,0.016766,0,anodr
3ce2f8a77a32.png,0.927759,0.020315,0.020769,0.016307,0.014849,0,anodr
3f0d3629d69e.png,0.920197,0.023459,0.024876,0.017931,0.013537,0,anodr
3f44d749cd0b.png,0.606213,0.340993,0.020263,0.010289,0.022240,0,anodr
3f6c627e2ff2.png,0.929046,0.017685,0.019290,0.019187,0.014793,0,anodr
3fd45879afe6.png,0.930843,0.017792,0.017658,0.018611,0.015096,0,anodr
401fdfd0db07.png,0.924535,0.023074,0.018570,0.018030,0.015791,0,anodr
41345cec5957.png,0.922113,0.018212,0.024358,0.018862,0.016455,0,anodr
415d5c5e785f.png,0.917224,0.021794,0.024403,0.019598,0.016980,0,anodr
41ab357d103f.png,0.930692,0.018525,0.016960,0.019197,0.014626,0,anodr
4276b82e4489.png,0.919999,0.025613,0.020717,0.017713,0.015958,0,anodr
42b9c1977681.png,0.929214,0.014554,0.021251,0.019563,0.015417,0,anodr
42c65af5ab16.png,0.927518,0.020144,0.018922,0.018255,0.015161,0,anodr
436e7a7af761.png,0.926986,0.022132,0.016263,0.017547,0.017072,0,anodr
43823561c3f0.png,0.934602,0.014857,0.018116,0.017381,0.015045,0,anodr
43bc7c066dfb.png,0.928055,0.016253,0.018847,0.019428,0.017416,0,anodr
445a8a6da55c.png,0.867231,0.059174,0.047440,0.015320,0.010836,0,anodr
44a4d04162cc.png,0.926635,0.019766,0.017905,0.019440,0.016254,0,anodr
44a86263117b.png,0.926454,0.017915,0.017220,0.020129,0.018283,0,anodr
4554062fa836.png,0.929263,0.018536,0.016953,0.017449,0.017799,0,anodr
475300735b7f.png,0.924146,0.021228,0.019853,0.019303,0.015470,0,anodr
478fc46eaa49.png,0.926208,0.019230,0.019378,0.019395,0.015789,0,anodr
4826d10030b3.png,0.918584,0.014626,0.017197,0.023451,0.026143,0,anodr
4a05f81b3aba.png,0.926675,0.023085,0.016794,0.018462,0.014984,0,anodr
4a4cb731f91a.png,0.927398,0.017890,0.021224,0.019649,0.013840,0,anodr
4a589edaea60.png,0.897158,0.023829,0.049618,0.016888,0.012508,0,anodr
4ad8d3ec8789.png,0.916602,0.029230,0.025965,0.016819,0.011383,0,anodr
4d1e7def7624.png,0.908312,0.024298,0.038809,0.016113,0.012468,0,anodr
4dd4a4bf2421.png,0.922345,0.017406,0.018561,0.021834,0.019853,0,anodr
4e1e252317b5.png,0.922434,0.018680,0.021752,0.020587,0.016548,0,anodr
4fd5ec0dca09.png,0.923222,0.023461,0.017578,0.019146,0.016593,0,anodr
500aad15b7c8.png,0.930162,0.018828,0.018667,0.016885,0.015459,0,anodr
501c319f7a9f.png,0.928066,0.021621,0.019121,0.016890,0.014301,0,anodr
504a69096fcb.png,0.924056,0.021432,0.020506,0.019580,0.014427,0,anodr
5069feccd866.png,0.930643,0.017128,0.017710,0.018870,0.015648,0,anodr
50915e2329a1.png,0.927440,0.019522,0.017513,0.019112,0.016413,0,anodr
50916d67bb51.png,0.917040,0.027763,0.020625,0.018095,0.016478,0,anodr
50d8249f7bc9.png,0.932833,0.016522,0.019370,0.018513,0.012762,0,anodr
50ddd7d976df.png,0.928949,0.016836,0.025491,0.016291,0.012433,0,anodr
521b5377a727.png,0.919605,0.029295,0.018132,0.016316,0.016652,0,anodr
5257cb536da2.png,0.917871,0.031063,0.022989,0.013954,0.014123,0,anodr
5299a532f0e0.png,0.927484,0.021255,0.020053,0.017059,0.014149,0,anodr
52edbe29d655.png,0.911781,0.030598,0.029839,0.015489,0.012292,0,anodr
5321ab64f9ea.png,0.927770,0.019432,0.019223,0.018662,0.014914,0,anodr
53c874dbc594.png,0.908720,0.038156,0.019450,0.016433,0.017241,0,anodr
54038e56131d.png,0.926015,0.019873,0.018427,0.019664,0.016021,0,anodr
54f57cf26126.png,0.927673,0.019720,0.018206,0.018376,0.016024,0,anodr
5511f114e7ee.png,0.922842,0.024973,0.019350,0.017238,0.015595,0,anodr
555d0bef3c5b.png,0.931874,0.014094,0.018622,0.019081,0.016329,0,anodr
55f7f018c61c.png,0.930003,0.017837,0.019826,0.016632,0.015702,0,anodr
568455854a11.png,0.927108,0.020539,0.018080,0.018371,0.015901,0,anodr
586f5c56081e.png,0.927640,0.015035,0.016799,0.021174,0.019353,0,anodr
58a9e0d7f7af.png,0.927848,0.020674,0.017426,0.018412,0.015639,0,anodr
58eb3809f456.png,0.930120,0.018568,0.018292,0.017815,0.015204,0,anodr
58f07741ee3b.png,0.928300,0.020942,0.016043,0.017833,0.016882,0,anodr
59928f999ae7.png,0.927645,0.019501,0.018244,0.018350,0.016260,0,anodr
5995321563b7.png,0.924384,0.015429,0.019766,0.021370,0.019051,0,anodr
59bd19c1c5bb.png,0.933612,0.015602,0.017101,0.018282,0.015402,0,anodr
5a27b9b2a9c1.png,0.925057,0.023463,0.020080,0.017100,0.014301,0,anodr
5b1c4cefeb24.png,0.923775,0.024502,0.017412,0.018162,0.016149,0,anodr
5b994ff78547.png,0.927753,0.016391,0.019951,0.021526,0.014378,0,anodr
5ba156a35ff2.png,0.925057,0.020466,0.018946,0.020082,0.015449,0,anodr
5baed382f062.png,0.876386,0.050595,0.041701,0.017322,0.013995,0,anodr
5c85d22bd0de.png,0.828388,0.098788,0.041710,0.016905,0.014210,0,anodr
5ca73d28f17f.png,0.932107,0.016415,0.017417,0.018613,0.015449,0,anodr
5cbe88914a72.png,0.923328,0.021995,0.021029,0.018562,0.015086,0,anodr
5d4e5fd34d91.png,0.925515,0.021151,0.018343,0.019244,0.015747,0,anodr
5de4615a5161.png,0.925826,0.019902,0.018858,0.018225,0.017190,0,anodr
5e505e25cd3e.png,0.933879,0.017067,0.018319,0.015635,0.015100,0,anodr
5e97cb2b0888.png,0.917523,0.030728,0.019260,0.017048,0.015440,0,anodr
5f6db235c04d.png,0.922442,0.022202,0.022716,0.018121,0.014520,0,anodr
609be3ca5ddf.png,0.925917,0.024170,0.018152,0.017261,0.014501,0,anodr
60aa4e649abf.png,0.931329,0.020033,0.020128,0.014620,0.013891,0,anodr
6180920bc224.png,0.889446,0.056344,0.022315,0.013871,0.018024,0,anodr
61a62b1dcc36.png,0.924785,0.021404,0.021333,0.017752,0.014726,0,anodr
61da799bf0aa.png,0.856300,0.079707,0.033127,0.014320,0.016546,0,anodr
628b581aa905.png,0.926886,0.018423,0.019212,0.019535,0.015944,0,anodr
6294b378d09f.png,0.898448,0.043622,0.026836,0.016634,0.014460,0,anodr
633fe9dbaf39.png,0.929630,0.016722,0.021849,0.017247,0.014552,0,anodr
63b71347e95d.png,0.925698,0.019365,0.018124,0.019995,0.016819,0,anodr
63e041a757eb.png,0.921505,0.018859,0.027968,0.017063,0.014606,0,anodr
6504b703c429.png,0.917587,0.026681,0.026547,0.016622,0.012563,0,anodr
65a3b13ad9a0.png,0.015896,0.801626,0.160674,0.011259,0.010546,1,bmilddr
65a7fe9482fe.png,0.921837,0.021075,0.020088,0.019443,0.017558,0,anodr
65dda202653d.png,0.914061,0.026904,0.030552,0.014572,0.013911,0,anodr
66393d8c60ba.png,0.922664,0.023514,0.018836,0.019721,0.015266,0,anodr
66b88a4bc474.png,0.933617,0.015496,0.017901,0.018243,0.014743,0,anodr
68ddb15a74de.png,0.921388,0.023472,0.020487,0.019758,0.014895,0,anodr
69b3a00927fc.png,0.920097,0.021179,0.021618,0.020131,0.016975,0,anodr
69c4cbb630de.png,0.927823,0.020893,0.016975,0.018927,0.015382,0,anodr
6a2642131e4a.png,0.931634,0.016660,0.017059,0.018713,0.015934,0,anodr
6a57a3db3eff.png,0.930158,0.015852,0.016175,0.019819,0.017996,0,anodr
6a905a7202d2.png,0.932200,0.021114,0.016721,0.016517,0.013448,0,anodr
6b30767595d8.png,0.936896,0.013245,0.018211,0.017855,0.013792,0,anodr
6b66b0e86f7e.png,0.921866,0.017095,0.018662,0.021520,0.020857,0,anodr
6bf2a81a5d91.png,0.929525,0.018107,0.018413,0.019109,0.014846,0,anodr
6c6505a0c637.png,0.928309,0.020601,0.019563,0.016813,0.014714,0,anodr
6d4f6c9a8406.png,0.913652,0.033482,0.022253,0.016331,0.014282,0,anodr
6d5a8362dd1e.png,0.927035,0.019008,0.021910,0.016856,0.015191,0,anodr
6d9effbcde78.png,0.927285,0.021293,0.017858,0.016850,0.016713,0,anodr
6dc0281f11e3.png,0.921182,0.025556,0.021829,0.016455,0.014978,0,anodr
6df8b7b6e837.png,0.605075,0.193221,0.172373,0.017165,0.012166,0,anodr
6e0f78e188ff.png,0.929047,0.017859,0.021437,0.016880,0.014776,0,anodr
6e1db8711879.png,0.924572,0.023029,0.018384,0.018178,0.015837,0,anodr
6fbaaf8eb67a.png,0.922383,0.029548,0.019192,0.015165,0.013713,0,anodr
7131bf4c9e6f.png,0.887473,0.066324,0.017477,0.015374,0.013352,0,anodr
726dff37edc0.png,0.916779,0.029710,0.023162,0.016105,0.014244,0,anodr
735836b1ffa6.png,0.027660,0.727154,0.202907,0.032905,0.009374,1,bmilddr
737ef6226677.png,0.925456,0.021483,0.018844,0.019292,0.014925,0,anodr
73d40ce06a67.png,0.924501,0.020419,0.020130,0.019671,0.015279,0,anodr
73ef3c3dcbe4.png,0.935088,0.014418,0.022621,0.015865,0.012008,0,anodr
74211a2b6dcf.png,0.938432,0.013053,0.020142,0.015014,0.013360,0,anodr
74898f372d2b.png,0.930749,0.016407,0.020904,0.017186,0.014754,0,anodr
757e39293591.png,0.904675,0.028425,0.028129,0.019348,0.019423,0,anodr
75a071608ea6.png,0.925532,0.016992,0.023567,0.019389,0.014520,0,anodr
76516f828d88.png,0.929489,0.012752,0.020043,0.019858,0.017858,0,anodr
76bc31e0d3be.png,0.930935,0.017624,0.017868,0.019345,0.014228,0,anodr
76cab26493f1.png,0.927054,0.022122,0.017193,0.017843,0.015788,0,anodr
76cb010f7aa0.png,0.928828,0.018242,0.017728,0.019156,0.016047,0,anodr
780f9c237c56.png,0.924188,0.019462,0.018356,0.019523,0.018471,0,anodr
7831ce1d895e.png,0.927183,0.016893,0.020194,0.019061,0.016670,0,anodr
789f0ec1eab8.png,0.919786,0.019898,0.016434,0.023049,0.020833,0,anodr
79ade634c633.png,0.924236,0.022672,0.020877,0.016735,0.015480,0,anodr
7a06ea127e02.png,0.917998,0.026084,0.022583,0.017864,0.015471,0,anodr
7a12f49e29df.png,0.916626,0.028401,0.026849,0.015049,0.013075,0,anodr
7a9f45fdf29b.png,0.924168,0.018988,0.020891,0.018867,0.017086,0,anodr
7aabd768abff.png,0.917850,0.032442,0.018025,0.014302,0.017381,0,anodr
7ad0c4975890.png,0.800340,0.133015,0.028734,0.018045,0.019865,0,anodr
7af4d8704032.png,0.932199,0.016280,0.016675,0.018387,0.016459,0,anodr
7b691d9ced34.png,0.897759,0.049375,0.019411,0.016808,0.016646,0,anodr
7b9d519cbd66.png,0.931142,0.015359,0.019679,0.017031,0.016788,0,anodr
7ba6b23c4b46.png,0.933922,0.019537,0.018607,0.015435,0.012498,0,anodr
7bc00e58d419.png,0.929817,0.015209,0.019321,0.018424,0.017229,0,anodr
7da558d92100.png,0.929910,0.017995,0.018817,0.018719,0.014559,0,anodr
7ec0e61a7e29.png,0.895441,0.029067,0.034471,0.020893,0.020129,0,anodr
7f1f3269f546.png,0.911766,0.030224,0.022938,0.018806,0.016265,0,anodr
7fc3a8bb40de.png,0.932029,0.015398,0.017114,0.019357,0.016103,0,anodr
7fe7309d0b4f.png,0.921979,0.022297,0.021530,0.019558,0.014636,0,anodr
810ed108f5b7.png,0.931618,0.017996,0.016757,0.018458,0.015170,0,anodr
81914ceb4e74.png,0.922221,0.024122,0.019827,0.018341,0.015490,0,anodr
8329e80c10ac.png,0.924729,0.021070,0.019086,0.019852,0.015264,0,anodr
837acf120946.png,0.924280,0.019747,0.024023,0.017143,0.014807,0,anodr
83a63c4a3e4a.png,0.934684,0.015911,0.016183,0.017849,0.015373,0,anodr
83d81ba5959c.png,0.931130,0.016101,0.019208,0.019178,0.014384,0,anodr
83fda7c0500b.png,0.928810,0.020586,0.019577,0.015443,0.015583,0,anodr
840a06a9c690.png,0.924067,0.021601,0.020027,0.018254,0.016050,0,anodr
847b04287c9c.png,0.924220,0.022578,0.022335,0.014874,0.015993,0,anodr
84b88e8d3bca.png,0.926914,0.020776,0.019282,0.018126,0.014902,0,anodr
851e40a21f81.png,0.925777,0.019674,0.019836,0.018538,0.016174,0,anodr
8650d32f4a9e.png,0.928335,0.019193,0.018246,0.018410,0.015817,0,anodr
8693ab1fd2be.png,0.925376,0.020408,0.017893,0.020530,0.015794,0,anodr
875d2ffcbf47.png,0.929437,0.017332,0.017952,0.019605,0.015673,0,anodr
876deb29f000.png,0.880438,0.068093,0.019647,0.014473,0.017350,0,anodr
87b671c6d4c5.png,0.930987,0.017118,0.018953,0.016880,0.016063,0,anodr
883c6a184f16.png,0.924100,0.021650,0.021106,0.018746,0.014399,0,anodr
883ddb650967.png,0.924191,0.023950,0.019147,0.017981,0.014731,0,anodr
88e5051f65bd.png,0.926287,0.019884,0.019412,0.019339,0.015078,0,anodr
8af50c9d0a86.png,0.927826,0.018709,0.021004,0.016594,0.015867,0,anodr
8b079e79035f.png,0.926484,0.019467,0.019465,0.018753,0.015831,0,anodr
8bf2d925dc0c.png,0.924459,0.020918,0.019684,0.019138,0.015801,0,anodr
8c4ceddeb1c6.png,0.925783,0.021377,0.017618,0.018896,0.016326,0,anodr
8d13c46e7d75.png,0.879266,0.051661,0.037495,0.018092,0.013487,0,anodr
8d4ff745a409.png,0.927416,0.020088,0.019108,0.018775,0.014613,0,anodr
8e6df9eedcd8.png,0.932653,0.015577,0.019840,0.017076,0.014854,0,anodr
8e76054f0831.png,0.918934,0.017850,0.021796,0.023115,0.018305,0,anodr
8f06ca4642bd.png,0.930711,0.017519,0.018139,0.018621,0.015010,0,anodr
8f14bca04b47.png,0.931231,0.016476,0.017102,0.019473,0.015718,0,anodr
8fbb2ca39911.png,0.859141,0.034557,0.065646,0.024112,0.016544,0,anodr
90a9a41eec6d.png,0.913016,0.032951,0.022972,0.016764,0.014296,0,anodr
90bde2ff8953.png,0.928576,0.020070,0.017624,0.018419,0.015311,0,anodr
912fbe06407e.png,0.925134,0.015287,0.019533,0.021713,0.018334,0,anodr
916915f01e17.png,0.921234,0.025642,0.020362,0.019069,0.013694,0,anodr
91b7a4179ecf.png,0.926990,0.023428,0.015901,0.017842,0.015839,0,anodr
9274e75dc4d5.png,0.916026,0.029880,0.020306,0.017992,0.015797,0,anodr
92e3d608fd3c.png,0.924217,0.019429,0.025354,0.017106,0.013894,0,anodr
92fcf50b3562.png,0.931316,0.017664,0.017261,0.017888,0.015872,0,anodr
93802d1e3c41.png,0.925135,0.015291,0.016605,0.021847,0.021122,0,anodr
94076a9fb9b5.png,0.921247,0.020957,0.022778,0.019437,0.015581,0,anodr
946545473380.png,0.921061,0.022540,0.020197,0.019159,0.017043,0,anodr
949710bead24.png,0.923634,0.018809,0.022982,0.020770,0.013804,0,anodr
94b9ccc73bb9.png,0.927065,0.020298,0.017689,0.018735,0.016213,0,anodr
94f9ecf4b8d2.png,0.930669,0.020477,0.016620,0.016674,0.015559,0,anodr
96793edb1003.png,0.708629,0.056996,0.168961,0.045805,0.019610,0,anodr
96ea316ed0ab.png,0.928188,0.021919,0.017169,0.018398,0.014326,0,anodr
973b0facfa9b.png,0.931422,0.018597,0.018112,0.016901,0.014968,0,anodr
97fdee242fea.png,0.908478,0.030594,0.022000,0.021099,0.017829,0,anodr
983c98354e9c.png,0.925569,0.022863,0.018881,0.018677,0.014009,0,anodr
98441214557f.png,0.917961,0.027295,0.021697,0.018492,0.014555,0,anodr
98d41bce73a8.png,0.924813,0.020317,0.019050,0.018470,0.017350,0,anodr
99c626e58464.png,0.937277,0.015196,0.017533,0.016314,0.013681,0,anodr
9a1029536d78.png,0.923043,0.021260,0.020204,0.019171,0.016322,0,anodr
9ab18a4a957f.png,0.923023,0.027779,0.015428,0.018136,0.015634,0,anodr
9be71d6d7e59.png,0.926374,0.020141,0.022362,0.018347,0.012776,0,anodr
9c514d2d5b3f.png,0.922200,0.024516,0.017748,0.018929,0.016607,0,anodr
9ce46d400cd6.png,0.923087,0.019928,0.020190,0.020166,0.016628,0,anodr
9de9421f17e3.png,0.920681,0.028116,0.019831,0.016213,0.015159,0,anodr
9e2058917304.png,0.925841,0.019807,0.023262,0.017971,0.013119,0,anodr
9e5737f771c3.png,0.931125,0.018421,0.017641,0.017453,0.015360,0,anodr
9e99ae6ee7af.png,0.920830,0.022944,0.020367,0.019882,0.015978,0,anodr
9f1b14dfa14c.png,0.910786,0.033065,0.019921,0.019890,0.016337,0,anodr
a06b353e7bed.png,0.926232,0.021407,0.017865,0.018439,0.016057,0,anodr
a0fd94e2ad76.png,0.931129,0.017337,0.018461,0.017001,0.016072,0,anodr
a11c62cb3f86.png,0.932799,0.015946,0.018626,0.016956,0.015672,0,anodr
a12ca80bb8c7.png,0.929917,0.018030,0.018819,0.018567,0.014667,0,anodr
a188c60b93fb.png,0.929269,0.020033,0.018417,0.017146,0.015135,0,anodr
a1b28bcbce00.png,0.889149,0.063027,0.017851,0.016452,0.013521,0,anodr
a247961a5cd9.png,0.897000,0.034557,0.030963,0.019522,0.017958,0,anodr
a2b97d98f130.png,0.909076,0.025007,0.039340,0.014519,0.012059,0,anodr
a34fc5376669.png,0.923602,0.020139,0.023024,0.018897,0.014338,0,anodr
a419fcb2dfb5.png,0.885575,0.046828,0.024035,0.020317,0.023245,0,anodr
a44345b27804.png,0.924570,0.023082,0.022552,0.017120,0.012677,0,anodr
a484bdf85b4c.png,0.928758,0.021427,0.018406,0.016189,0.015219,0,anodr
a528be013a04.png,0.908189,0.037154,0.022188,0.016964,0.015506,0,anodr
a6356a3c5d11.png,0.923505,0.024234,0.021039,0.015174,0.016048,0,anodr
a673193cd5a9.png,0.932301,0.019004,0.015422,0.018673,0.014601,0,anodr
a6b6d27c1b32.png,0.931614,0.019275,0.016009,0.017474,0.015627,0,anodr
a70d0f12a641.png,0.928380,0.019102,0.021246,0.018512,0.012760,0,anodr
a73d012c4c38.png,0.931356,0.016497,0.016781,0.019224,0.016142,0,anodr
a8263d248523.png,0.911144,0.015271,0.043041,0.019077,0.011467,0,anodr
a8b637abd96b.png,0.888066,0.059040,0.016735,0.015948,0.020210,0,anodr
a94da3d3b5c0.png,0.924407,0.018290,0.022177,0.019511,0.015615,0,anodr
a963ac561580.png,0.918324,0.029100,0.019675,0.017191,0.015710,0,anodr
a9b3177f01c0.png,0.930949,0.017587,0.020608,0.017398,0.013458,0,anodr
a9bc2f892cb3.png,0.923189,0.023791,0.019286,0.017564,0.016170,0,anodr
aa4407aab872.png,0.925627,0.021880,0.018200,0.019490,0.014804,0,anodr
aa60813e1a8d.png,0.927594,0.018581,0.022108,0.016473,0.015244,0,anodr
aa6242f9e08c.png,0.930115,0.019871,0.015498,0.018672,0.015842,0,anodr
aa8a1e814811.png,0.922113,0.022302,0.019979,0.019524,0.016081,0,anodr
aaaadb174012.png,0.927438,0.019006,0.018415,0.018786,0.016354,0,anodr
aafb0c944f14.png,0.924965,0.020299,0.018736,0.019950,0.016050,0,anodr
abbb8791785e.png,0.927587,0.018755,0.018260,0.019432,0.015966,0,anodr
abe940882578.png,0.893096,0.055148,0.021682,0.014308,0.015767,0,anodr
ad029ba7fa8b.png,0.926652,0.019612,0.016820,0.019179,0.017736,0,anodr
ad12cde115ab.png,0.931796,0.018373,0.016996,0.017749,0.015086,0,anodr
ad1aa75d5630.png,0.930435,0.019080,0.018031,0.018048,0.014408,0,anodr
ad6b07d5c338.png,0.928994,0.018637,0.020344,0.018161,0.013863,0,anodr
ad93d88c87ea.png,0.927748,0.016428,0.017702,0.019521,0.018600,0,anodr
ae2c3f6312ef.png,0.925528,0.022367,0.018855,0.018105,0.015144,0,anodr
ae49cc60f251.png,0.925635,0.019919,0.018000,0.020640,0.015807,0,anodr
ae61e19fb766.png,0.926236,0.022287,0.017463,0.017805,0.016210,0,anodr
ae94ce412de9.png,0.649116,0.126553,0.188466,0.015480,0.020385,0,anodr
aeb6f4fd2eed.png,0.925393,0.022684,0.019693,0.017550,0.014680,0,anodr
aec51513cf45.png,0.926890,0.022285,0.016080,0.019254,0.015490,0,anodr
af6166d57f13.png,0.929230,0.020501,0.017787,0.017419,0.015062,0,anodr
afc744fad65e.png,0.923636,0.023695,0.018019,0.018364,0.016286,0,anodr
b0c9a492e068.png,0.928693,0.021485,0.019174,0.015780,0.014868,0,anodr
b0f0fa677d5f.png,0.926148,0.021033,0.019049,0.019145,0.014624,0,anodr
b1c6f0997e27.png,0.873816,0.050734,0.046208,0.017771,0.011472,0,anodr
b21abe5d9722.png,0.926554,0.021128,0.017419,0.018331,0.016568,0,anodr
b294927b14b0.png,0.930502,0.015391,0.015209,0.020746,0.018152,0,anodr
b35cad8fe2d7.png,0.147868,0.651365,0.153778,0.012379,0.034610,1,bmilddr
b43440c6ebe4.png,0.927482,0.020274,0.020219,0.016773,0.015252,0,anodr
b4b04d81acbb.png,0.924114,0.022366,0.021971,0.017635,0.013913,0,anodr
b549af91bd30.png,0.925772,0.017005,0.015136,0.022284,0.019804,0,anodr
b553e7909535.png,0.931502,0.016799,0.016330,0.018865,0.016505,0,anodr
b5a3ca5c0a80.png,0.920147,0.024897,0.022703,0.019268,0.012985,0,anodr
b5bf7b84fc66.png,0.922689,0.021157,0.021279,0.019486,0.015389,0,anodr
b69c224edd6e.png,0.911310,0.027027,0.027730,0.018745,0.015187,0,anodr
b72a86d61959.png,0.929496,0.019231,0.018326,0.018834,0.014112,0,anodr
b73d0bcd3d33.png,0.924633,0.022879,0.017213,0.019154,0.016121,0,anodr
b7bd4a6627b6.png,0.923787,0.021636,0.019103,0.019970,0.015504,0,anodr
b86fb2d5be1a.png,0.935352,0.014044,0.019368,0.017133,0.014104,0,anodr
b9519abce0c1.png,0.925230,0.020527,0.019880,0.018388,0.015976,0,anodr
b9bc81fcb075.png,0.904730,0.020772,0.019444,0.026709,0.028345,0,anodr
ba0107fb1bfd.png,0.929895,0.015621,0.017155,0.019971,0.017358,0,anodr
ba4e62c11cc0.png,0.930227,0.018580,0.018276,0.018118,0.014800,0,anodr
bacfa2b8e706.png,0.924445,0.019944,0.022824,0.018199,0.014589,0,anodr
badb5ff8d3c7.png,0.180609,0.779612,0.013315,0.007171,0.019292,1,bmilddr
bb2f89488ecd.png,0.920439,0.025671,0.022831,0.017379,0.013680,0,anodr
bc8c6a778cde.png,0.928884,0.021612,0.016375,0.018009,0.015121,0,anodr
bd500a73beae.png,0.923197,0.025181,0.018344,0.016626,0.016652,0,anodr
bdc6c60e9133.png,0.930360,0.018474,0.017965,0.018207,0.014994,0,anodr
be3a7d9e981e.png,0.931658,0.017558,0.017300,0.017157,0.016327,0,anodr
be521870a0ea.png,0.904965,0.043560,0.017400,0.017014,0.017060,0,anodr
be8697eb2078.png,0.930108,0.019387,0.017588,0.018028,0.014889,0,anodr
bebfbd907cac.png,0.925929,0.022602,0.017349,0.019176,0.014943,0,anodr
bf811911acf9.png,0.918372,0.016721,0.026346,0.022564,0.015997,0,anodr
bffca6eeb2bf.png,0.926861,0.015733,0.017695,0.020647,0.019063,0,anodr
c096131ad065.png,0.922853,0.022441,0.023151,0.018237,0.013318,0,anodr
c1437a7a52c9.png,0.897428,0.031305,0.042720,0.013103,0.015444,0,anodr
c26f98f58350.png,0.927472,0.021070,0.017528,0.017055,0.016876,0,anodr
c2f3281cf528.png,0.927350,0.019610,0.018176,0.018885,0.015979,0,anodr
c365c598ad4e.png,0.924695,0.013723,0.020137,0.021400,0.020045,0,anodr
c3789c1dab96.png,0.932924,0.017979,0.018272,0.016215,0.014610,0,anodr
c3b15bf9b4bc.png,0.928917,0.018648,0.016128,0.019283,0.017024,0,anodr
c56293f53191.png,0.926110,0.018235,0.019906,0.018905,0.016844,0,anodr
c58971bcebb2.png,0.920808,0.015785,0.033591,0.016120,0.013697,0,anodr
c5bec7f1e5f3.png,0.924309,0.019253,0.020153,0.019811,0.016473,0,anodr
c6229222bf22.png,0.928553,0.021007,0.017776,0.017896,0.014769,0,anodr
c62cef02efa2.png,0.924906,0.021410,0.020204,0.018948,0.014532,0,anodr
c639d837f5e4.png,0.932550,0.017722,0.019267,0.016656,0.013805,0,anodr
c6f5b5b5be41.png,0.919601,0.026027,0.021388,0.018155,0.014830,0,anodr
c755a0c4edcc.png,0.936109,0.017102,0.016474,0.016608,0.013706,0,anodr
c7c3d363bc86.png,0.782502,0.166362,0.018030,0.015176,0.017931,0,anodr
c81c6911f5e0.png,0.930111,0.015999,0.016990,0.019998,0.016902,0,anodr
c85b79d70079.png,0.912039,0.022945,0.031611,0.017532,0.015872,0,anodr
c90c6b94cf40.png,0.887561,0.032910,0.048703,0.017227,0.013598,0,anodr
c98f623d08d1.png,0.922807,0.021505,0.021545,0.019248,0.014895,0,anodr
c9e697117f3f.png,0.928122,0.015470,0.016626,0.020441,0.019341,0,anodr
ca05f7e7801b.png,0.924464,0.014993,0.016880,0.025067,0.018597,0,anodr
cad5b1a82e60.png,0.883410,0.049694,0.030684,0.019212,0.017000,0,anodr
cb0cc98d7e35.png,0.035589,0.782295,0.156994,0.008551,0.016571,1,bmilddr
cb68fce07789.png,0.932412,0.015138,0.015837,0.019443,0.017171,0,anodr
cc671a73e1cb.png,0.927934,0.019383,0.019213,0.018781,0.014689,0,anodr
cd01672507c9.png,0.929296,0.015318,0.024865,0.014935,0.015585,0,anodr
cd1c98ec48b1.png,0.920804,0.022198,0.023263,0.018759,0.014975,0,anodr
cd314653a4d8.png,0.931610,0.015176,0.018119,0.018637,0.016457,0,anodr
ce754234d760.png,0.917890,0.022576,0.028781,0.017890,0.012864,0,anodr
ce8d2efd9d4f.png,0.930671,0.016234,0.020113,0.018837,0.014145,0,anodr
cec299c2a2d5.png,0.660305,0.091577,0.212293,0.017327,0.018498,0,anodr
cf6551521a35.png,0.923952,0.022386,0.018975,0.019753,0.014934,0,anodr
cf8f1bc7a215.png,0.903165,0.035418,0.030607,0.018553,0.012258,0,anodr
cfed7c1172ec.png,0.930865,0.020053,0.016817,0.017941,0.014323,0,anodr
cff262ed8f4c.png,0.808090,0.059779,0.099649,0.017364,0.015118,0,anodr
d02b79fc3200.png,0.927211,0.018671,0.019390,0.019439,0.015290,0,anodr
d18f6431ebce.png,0.924512,0.024017,0.017640,0.017683,0.016148,0,anodr
d1afdb8cf70d.png,0.927953,0.017403,0.017696,0.020069,0.016879,0,anodr
d1ca85af57c9.png,0.927090,0.015555,0.017633,0.022031,0.017691,0,anodr
d26bb2ed6e71.png,0.928147,0.018665,0.016820,0.019100,0.017269,0,anodr
d26bc6e1230d.png,0.919387,0.030356,0.020091,0.016416,0.013750,0,anodr
d27ac9e54901.png,0.925053,0.022070,0.017595,0.019361,0.015921,0,anodr
d2c5fb82fe5f.png,0.928583,0.019933,0.016314,0.018765,0.016405,0,anodr
d2fb715b0c41.png,0.927617,0.018411,0.018117,0.019504,0.016351,0,anodr
d30d079e6f9a.png,0.925365,0.021437,0.020207,0.018772,0.014219,0,anodr
d332d7b8a26e.png,0.916864,0.027578,0.021638,0.018886,0.015035,0,anodr
d38cf0f4a9af.png,0.931430,0.015927,0.017980,0.018668,0.015995,0,anodr
d39752cb6e57.png,0.925930,0.015397,0.017035,0.022471,0.019167,0,anodr
d3dfd0a2dee6.png,0.934646,0.015782,0.016902,0.017643,0.015027,0,anodr
d4583e9525dc.png,0.923080,0.022613,0.020325,0.018523,0.015459,0,anodr
d4bc001f7224.png,0.932767,0.018336,0.020436,0.015993,0.012469,0,anodr
d516f77d4516.png,0.928434,0.019340,0.018139,0.018127,0.015960,0,anodr
d51e5d7484ea.png,0.918904,0.020776,0.025125,0.019570,0.015625,0,anodr
d6130f2ec903.png,0.919656,0.026711,0.018134,0.019759,0.015741,0,anodr
d667af5742f6.png,0.927285,0.024556,0.021308,0.013943,0.012907,0,anodr
d69698f838db.png,0.925933,0.021783,0.018318,0.018470,0.015496,0,anodr
d6f6bdfd8011.png,0.930663,0.015883,0.018620,0.018534,0.016299,0,anodr
d7078e8b0349.png,0.931791,0.018794,0.017724,0.017152,0.014539,0,anodr
d74ccc796517.png,0.928333,0.021210,0.021036,0.016332,0.013089,0,anodr
d7ac4a0c9760.png,0.920318,0.029930,0.019323,0.014924,0.015506,0,anodr
d7bc62d60e8c.png,0.918299,0.023892,0.024500,0.016588,0.016721,0,anodr
d807c53c1399.png,0.926143,0.020443,0.019038,0.019290,0.015086,0,anodr
d866c26d76f0.png,0.924310,0.020803,0.021161,0.018327,0.015399,0,anodr
d91635f380b4.png,0.921181,0.021221,0.019104,0.018912,0.019581,0,anodr
d93b61dc8f64.png,0.936920,0.010593,0.023925,0.016993,0.011569,0,anodr
d97911a32918.png,0.929311,0.017408,0.018350,0.019080,0.015851,0,anodr
da0a83f074f3.png,0.926273,0.020992,0.017764,0.018217,0.016754,0,anodr
da9574d35b82.png,0.929038,0.019133,0.019036,0.016734,0.016059,0,anodr
daad7b617f21.png,0.916791,0.030732,0.022590,0.016647,0.013240,0,anodr
db3cd58aa315.png,0.930793,0.017544,0.017715,0.019491,0.014457,0,anodr
dc0f6e5b489b.png,0.932993,0.017961,0.018043,0.016232,0.014769,0,anodr
dcc6c0ad5cad.png,0.932703,0.019191,0.019356,0.014268,0.014483,0,anodr
dccdf750c962.png,0.927161,0.017540,0.017376,0.020444,0.017480,0,anodr
dcf109df1a2b.png,0.931092,0.019267,0.015821,0.018507,0.015313,0,anodr
ddb222ff7c1d.png,0.930909,0.016699,0.018658,0.018907,0.014826,0,anodr
de4cdabbce6d.png,0.933678,0.016322,0.019282,0.017209,0.013508,0,anodr
de55ed25e0e8.png,0.924603,0.021166,0.021144,0.018866,0.014221,0,anodr
de57c9e9fa93.png,0.334849,0.597317,0.032458,0.011584,0.023793,1,bmilddr
dee31065f8fe.png,0.923382,0.023528,0.019853,0.018147,0.015090,0,anodr
df0886f1e76b.png,0.924928,0.024149,0.017822,0.017173,0.015928,0,anodr
e01b7bac822b.png,0.926021,0.021933,0.020618,0.018304,0.013124,0,anodr
e06cccc08c59.png,0.919847,0.025471,0.021885,0.018442,0.014354,0,anodr
e135d7ba9a0e.png,0.914409,0.021049,0.025433,0.021188,0.017921,0,anodr
e1c02f6c3362.png,0.927200,0.019655,0.021129,0.017910,0.014106,0,anodr
e3cd96cb094c.png,0.934239,0.014917,0.018721,0.018655,0.013467,0,anodr
e47452069ea1.png,0.919361,0.023813,0.021072,0.019698,0.016057,0,anodr
e4a44f9158dc.png,0.923404,0.022193,0.019172,0.019327,0.015904,0,anodr
e4ae1ee6aada.png,0.923063,0.017972,0.018234,0.022192,0.018539,0,anodr
e529c5757d64.png,0.827547,0.099216,0.041008,0.013227,0.019001,0,anodr
e582e56e7942.png,0.922403,0.022322,0.020308,0.019908,0.015059,0,anodr
e594c19e2e1d.png,0.922060,0.023671,0.020564,0.018308,0.015396,0,anodr
e68746d426b2.png,0.919175,0.030267,0.020628,0.014825,0.015105,0,anodr
e6a5e4718873.png,0.926396,0.017546,0.017916,0.020856,0.017285,0,anodr
e77a93c3d9a9.png,0.933902,0.016134,0.018935,0.016795,0.014234,0,anodr
e893e86dde94.png,0.922425,0.025084,0.017902,0.017733,0.016856,0,anodr
e8e44b3160e3.png,0.926990,0.020502,0.018822,0.018603,0.015083,0,anodr
e907d23cce3d.png,0.931183,0.016227,0.020628,0.017837,0.014125,0,anodr
e966850247f4.png,0.925545,0.019231,0.022392,0.018500,0.014332,0,anodr
e97ecf4355cb.png,0.921129,0.019992,0.017995,0.017343,0.023541,0,anodr
ea5c42a78979.png,0.924997,0.022118,0.019316,0.018669,0.014900,0,anodr
ea6a53e54d0f.png,0.852671,0.083070,0.032978,0.015800,0.015480,0,anodr
ea7e21bab610.png,0.922598,0.016334,0.023453,0.021396,0.016220,0,anodr
eabf421f94d0.png,0.921474,0.016730,0.021885,0.020655,0.019255,0,anodr
eae70f527755.png,0.929132,0.019194,0.017222,0.017921,0.016532,0,anodr
eb050765b323.png,0.926947,0.021708,0.017991,0.018161,0.015194,0,anodr
eb175669d789.png,0.925793,0.024359,0.018758,0.016548,0.014543,0,anodr
ebd96d853918.png,0.917262,0.027296,0.021014,0.018514,0.015913,0,anodr
ec01f0862669.png,0.919380,0.023417,0.021869,0.019384,0.015950,0,anodr
ec0c9f817b03.png,0.930851,0.017644,0.015537,0.018483,0.017485,0,anodr
ecad6845f630.png,0.939609,0.012587,0.018465,0.015720,0.013619,0,anodr
ee77763a6afb.png,0.927527,0.018220,0.018957,0.019394,0.015902,0,anodr
ef247f28004f.png,0.931122,0.016805,0.019312,0.017491,0.015271,0,anodr
ef4121e9bb67.png,0.925027,0.017505,0.021383,0.019875,0.016209,0,anodr
ef5155990874.png,0.924744,0.026140,0.019304,0.014788,0.015025,0,anodr
f0267c42907c.png,0.926769,0.021369,0.017454,0.018254,0.016154,0,anodr
f02956bd7c50.png,0.927670,0.019521,0.017668,0.018900,0.016241,0,anodr
f233638e0e90.png,0.925076,0.025565,0.017168,0.017666,0.014525,0,anodr
f36cb007a1ef.png,0.928423,0.019833,0.021334,0.016838,0.013571,0,anodr
f3a4751af42e.png,0.808741,0.069266,0.084301,0.022596,0.015097,0,anodr
f3bb996b45ce.png,0.922854,0.023963,0.018472,0.018047,0.016663,0,anodr
f451eee2b66b.png,0.919148,0.027132,0.022122,0.016852,0.014746,0,anodr
f48241b0c995.png,0.929568,0.019141,0.018607,0.017675,0.015009,0,anodr
f4c7ae514c54.png,0.925723,0.024075,0.019080,0.016124,0.014998,0,anodr
f56ff0440ed1.png,0.935503,0.011875,0.023215,0.015891,0.013516,0,anodr
f7116e7b2f4e.png,0.930397,0.015755,0.018140,0.019355,0.016354,0,anodr
f7735b6d47f7.png,0.925011,0.017154,0.019467,0.020783,0.017585,0,anodr
f7e9fa75c7c1.png,0.925997,0.020334,0.018924,0.018812,0.015933,0,anodr
f819c65b803c.png,0.928287,0.013949,0.024610,0.018944,0.014209,0,anodr
f85fd4fac887.png,0.929164,0.018778,0.018733,0.017541,0.015784,0,anodr
f8d62557ad0c.png,0.904114,0.031538,0.028535,0.020497,0.015315,0,anodr
f9d8ff3e6592.png,0.929597,0.020193,0.018483,0.017974,0.013754,0,anodr
fa0c87bd75ce.png,0.932121,0.016925,0.019076,0.016544,0.015334,0,anodr
fa573163dd8b.png,0.923293,0.021296,0.020888,0.018825,0.015697,0,anodr
fb88783de055.png,0.784205,0.076735,0.089102,0.029985,0.019974,0,anodr
fbdc796290d4.png,0.924598,0.015982,0.019254,0.022442,0.017724,0,anodr
fc898dfeb24f.png,0.925068,0.021019,0.019986,0.018131,0.015797,0,anodr
fcc32dffd24d.png,0.931805,0.018037,0.018139,0.016494,0.015525,0,anodr
fd079d2e93a2.png,0.927394,0.016315,0.018051,0.020645,0.017595,0,anodr
fd87b6b2e664.png,0.926568,0.019168,0.018962,0.019498,0.015804,0,anodr
fdbc252813b1.png,0.928393,0.019150,0.019351,0.017964,0.015142,0,anodr
fe3f62695b2d.png,0.936236,0.017456,0.019706,0.014170,0.012432,0,anodr
febfb20dc311.png,0.925137,0.021395,0.017475,0.020845,0.015149,0,anodr
ff1e940105f9.png,0.925908,0.016069,0.018440,0.020990,0.018593,0,anodr
ff4832d55461.png,0.926630,0.019307,0.018279,0.019181,0.016603,0,anodr
ff59d44a70a7.png,0.922674,0.023907,0.019893,0.018795,0.014732,0,anodr
ff631653374e.png,0.923353,0.017418,0.024486,0.019200,0.015543,0,anodr
0369f3efe69b.png,0.015449,0.428677,0.476130,0.061878,0.017867,2,cmoderatedr
03e25101e8e8.png,0.026226,0.375485,0.524554,0.062069,0.011666,2,cmoderatedr
04ac765f91a1.png,0.011280,0.911174,0.056170,0.006180,0.015196,1,bmilddr
07929d32b5b3.png,0.028612,0.256568,0.658452,0.046108,0.010259,2,cmoderatedr
07a1c7073982.png,0.019809,0.135482,0.795005,0.042482,0.007222,2,cmoderatedr
086d41d17da8.png,0.027496,0.938183,0.020676,0.004670,0.008975,1,bmilddr
0ad7f631dedb.png,0.007204,0.317421,0.618764,0.036895,0.019716,2,cmoderatedr
0d310aba6373.png,0.011362,0.013814,0.678583,0.276360,0.019881,2,cmoderatedr
1116271db4ea.png,0.015000,0.595953,0.338307,0.042769,0.007971,1,bmilddr
12ce6a1a1f31.png,0.010384,0.923291,0.051010,0.005290,0.010026,1,bmilddr
1a03a7970337.png,0.021513,0.953679,0.014581,0.004444,0.005783,1,bmilddr
1bb0ddfe753a.png,0.008676,0.045208,0.858605,0.070449,0.017062,2,cmoderatedr
27e4c800a449.png,0.008828,0.859046,0.111393,0.009866,0.010868,1,bmilddr
28f98cfe3858.png,0.007170,0.071332,0.908646,0.006774,0.006078,2,cmoderatedr
2a08ed6bbcbc.png,0.005535,0.141579,0.730890,0.033329,0.088666,2,cmoderatedr
2d9d97a6e713.png,0.022148,0.949387,0.017128,0.002916,0.008421,1,bmilddr
2f2e1949ad56.png,0.010415,0.920068,0.049848,0.008624,0.011046,1,bmilddr
33105f9b3a04.png,0.007076,0.952615,0.029255,0.003490,0.007565,1,bmilddr
