filename,score_anodr,score_bmilddr,score_cmoderatedr,score_dseveredr,score_eproliferativedr,pred_index,pred_class
20051020_43808_0100_PP_967.png,0.925650,0.021361,0.020040,0.018696,0.014252,0,anodr
20051020_44261_0100_PP_1191.png,0.924109,0.023322,0.019969,0.017954,0.014646,0,anodr
20051020_44284_0100_PP_502.png,0.926527,0.019251,0.022831,0.018371,0.013019,0,anodr
20051020_44338_0100_PP_547.png,0.858436,0.068596,0.043284,0.018272,0.011413,0,anodr
20051020_44400_0100_PP_920.png,0.906024,0.047290,0.020514,0.015497,0.010675,0,anodr
20051020_44431_0100_PP_514.png,0.889576,0.053244,0.031460,0.015469,0.010251,0,anodr
20051020_44692_0100_PP_419.png,0.925127,0.023652,0.019395,0.017232,0.014594,0,anodr
20051020_44714_0100_PP_1199.png,0.923527,0.028036,0.018180,0.016802,0.013455,0,anodr
20051020_44982_0100_PP_486.png,0.845980,0.091568,0.034745,0.015604,0.012103,0,anodr
20051020_56791_0100_PP_1185.png,0.926363,0.025668,0.018983,0.016641,0.012345,0,anodr
20051020_57157_0100_PP_971.png,0.171373,0.692975,0.112161,0.008549,0.014942,1,bmilddr
20051020_57967_0100_PP_829.png,0.929415,0.021768,0.017505,0.017575,0.013738,0,anodr
20051020_58065_0100_PP_561.png,0.924867,0.022578,0.020265,0.017294,0.014995,0,anodr
20051020_61757_0100_PP_484.png,0.931559,0.017194,0.020980,0.017911,0.012355,0,anodr
20051020_62461_0100_PP_76.png,0.870346,0.030907,0.068845,0.015871,0.014032,0,anodr
20051020_62510_0100_PP_106.png,0.355363,0.040515,0.302927,0.065916,0.235279,0,anodr
20051020_62577_0100_PP_479.png,0.933145,0.016706,0.020641,0.017598,0.011910,0,anodr
20051020_62615_0100_PP_294.png,0.926807,0.025617,0.018982,0.016205,0.012389,0,anodr
20051020_63269_0100_PP_1183.png,0.926961,0.021641,0.018557,0.018158,0.014682,0,anodr
20051020_63337_0100_PP_471.png,0.920170,0.027920,0.019439,0.017178,0.015294,0,anodr
20051020_64249_0100_PP_1004.png,0.933897,0.017153,0.021410,0.017084,0.010456,0,anodr
20051020_64388_0100_PP_1194.png,0.931036,0.018408,0.019516,0.017930,0.013110,0,anodr
20051020_64653_0100_PP_124.png,0.923100,0.025003,0.019973,0.018355,0.013570,0,anodr
20051020_64775_0100_PP_480.png,0.925661,0.023959,0.022226,0.015414,0.012740,0,anodr
20051020_64836_0100_PP_1270.png,0.914547,0.024313,0.029994,0.017486,0.013659,0,anodr
20051021_36380_0100_PP_135.png,0.928294,0.021228,0.017547,0.018625,0.014305,0,anodr
20051021_36476_0100_PP_1243.png,0.924670,0.025577,0.018096,0.017709,0.013948,0,anodr
20051021_39845_0100_PP_315.png,0.923193,0.022874,0.019398,0.018491,0.016045,0,anodr
20051021_39914_0100_PP_1352.png,0.921266,0.025354,0.020545,0.018513,0.014323,0,anodr
20051021_51418_0100_PP_18.png,0.919963,0.025980,0.023135,0.017352,0.013570,0,anodr
20051021_51476_0100_PP_150.png,0.916805,0.032952,0.021825,0.015533,0.012885,0,anodr
20051021_51936_0100_PP_1379.png,0.916833,0.032398,0.021118,0.017567,0.012085,0,anodr
20051021_51994_0100_PP_1283.png,0.922895,0.028565,0.017800,0.016650,0.014090,0,anodr
20051021_57798_0100_PP_1322.png,0.908430,0.041282,0.022179,0.014638,0.013471,0,anodr
20051021_57862_0100_PP_372.png,0.815704,0.133234,0.026887,0.013488,0.010687,0,anodr
20051021_57975_0100_PP_517.png,0.924852,0.016049,0.025312,0.017418,0.016369,0,anodr
20051021_58035_0100_PP_1138.png,0.906649,0.023692,0.041908,0.017031,0.010720,0,anodr
20051021_58388_0100_PP_1300.png,0.912749,0.023281,0.030824,0.018948,0.014198,0,anodr
20051021_58522_0100_PP_50.png,0.927065,0.020546,0.018917,0.017758,0.015715,0,anodr
20051109_57843_0400_PP_1109.png,0.920750,0.028388,0.018511,0.016607,0.015745,0,anodr
20051109_59969_0400_PP_1079.png,0.920477,0.029020,0.021656,0.015301,0.013546,0,anodr
20051109_60031_0400_PP_528.png,0.886639,0.041217,0.044237,0.017289,0.010618,0,anodr
20051109_60136_0400_PP_905.png,0.670216,0.030960,0.082102,0.029561,0.187161,0,anodr
20051110_33960_0400_PP_35.png,0.920959,0.026052,0.023075,0.013803,0.016111,0,anodr
20051110_34013_0400_PP_151.png,0.911298,0.032810,0.024872,0.013064,0.017955,0,anodr
20051110_35239_0400_PP_836.png,0.927627,0.021236,0.021024,0.017013,0.013101,0,anodr
20051110_35279_0400_PP_1033.png,0.913319,0.029381,0.029061,0.016646,0.011592,0,anodr
20051110_35332_0400_PP_497.png,0.857127,0.067725,0.045290,0.016818,0.013040,0,anodr
20051110_37992_0400_PP_1043.png,0.911911,0.032467,0.026415,0.017004,0.012203,0,anodr
20051110_38111_0400_PP_429.png,0.926247,0.024407,0.019599,0.017022,0.012725,0,anodr
20051110_38156_0400_PP_477.png,0.917535,0.032308,0.020199,0.016718,0.013240,0,anodr
20051110_38280_0400_PP_83.png,0.929370,0.021824,0.017811,0.017155,0.013840,0,anodr
20051110_38313_0400_PP_1041.png,0.931945,0.014793,0.024737,0.017835,0.010690,0,anodr
20051110_38352_0400_PP_934.png,0.931793,0.014078,0.023147,0.018805,0.012177,0,anodr
20051110_38472_0400_PP_1127.png,0.884188,0.061841,0.027973,0.014097,0.011901,0,anodr
20051110_38507_0400_PP_1190.png,0.832518,0.077084,0.060824,0.017351,0.012223,0,anodr
20051116_43388_0400_PP_344.png,0.914876,0.035068,0.020535,0.015825,0.013696,0,anodr
20051116_43585_0400_PP_950.png,0.914687,0.033308,0.023335,0.015324,0.013347,0,anodr
20051116_43710_0400_PP_95.png,0.913253,0.016816,0.036338,0.020094,0.013499,0,anodr
20051116_43721_0400_PP_363.png,0.907628,0.035551,0.021524,0.020193,0.015103,0,anodr
20051116_43785_0400_PP_445.png,0.912171,0.035522,0.024613,0.015257,0.012437,0,anodr
20051116_43801_0400_PP_325.png,0.915125,0.035366,0.020239,0.015119,0.014152,0,anodr
20051116_44648_0400_PP_1036.png,0.898872,0.044044,0.031026,0.013358,0.012700,0,anodr
20051117_37042_0400_PP_1119.png,0.909071,0.038495,0.020764,0.014670,0.017000,0,anodr
20051117_37051_0400_PP_1136.png,0.921132,0.028008,0.019167,0.016325,0.015369,0,anodr
20051117_37078_0400_PP_559.png,0.931560,0.017239,0.022846,0.016449,0.011906,0,anodr
20051117_37100_0400_PP_1083.png,0.926467,0.013597,0.028810,0.017794,0.013332,0,anodr
20051117_37130_0400_PP_938.png,0.922060,0.031466,0.022157,0.013106,0.011210,0,anodr
20051117_37155_0400_PP_84.png,0.741577,0.062799,0.124395,0.017198,0.054031,0,anodr
20051117_37185_0400_PP_404.png,0.907306,0.044910,0.019255,0.015274,0.013255,0,anodr
20051117_37321_0400_PP_947.png,0.919504,0.022731,0.028086,0.016775,0.012903,0,anodr
20051130_53586_0400_PP_1121.png,0.921348,0.030840,0.019156,0.015291,0.013365,0,anodr
20051130_53623_0400_PP_894.png,0.931569,0.016042,0.022265,0.018059,0.012066,0,anodr
20051130_53663_0400_PP_510.png,0.918820,0.019547,0.029749,0.017696,0.014187,0,anodr
20051130_53991_0400_PP_277.png,0.923455,0.024027,0.020477,0.017991,0.014051,0,anodr
20051130_54030_0400_PP_946.png,0.924211,0.022403,0.026705,0.017126,0.009555,0,anodr
20051130_54077_0400_PP_1117.png,0.921057,0.027313,0.020635,0.016322,0.014673,0,anodr
20051130_54121_0400_PP_1281.png,0.908380,0.034609,0.026237,0.017436,0.013338,0,anodr
20051130_54257_0400_PP_506.png,0.708121,0.216956,0.046219,0.011334,0.017370,0,anodr
20051130_54301_0400_PP_93.png,0.655479,0.146555,0.150769,0.022462,0.024735,0,anodr
20051130_54323_0400_PP_978.png,0.814159,0.131383,0.026380,0.011395,0.016683,0,anodr
20051130_54476_0400_PP_394.png,0.930715,0.019965,0.019722,0.017244,0.012354,0,anodr
20051130_54498_0400_PP_1217.png,0.920030,0.020126,0.024625,0.020615,0.014605,0,anodr
20051130_54595_0400_PP_940.png,0.648610,0.277226,0.040013,0.009128,0.025022,0,anodr
20051130_54802_0400_PP_550.png,0.927090,0.021334,0.019407,0.018766,0.013403,0,anodr
20051130_54846_0400_PP_289.png,0.919551,0.025613,0.024109,0.017051,0.013676,0,anodr
20051130_54943_0400_PP_1044.png,0.928683,0.019328,0.019290,0.018262,0.014438,0,anodr
20051130_54956_0400_PP_875.png,0.930175,0.015675,0.021980,0.018128,0.014042,0,anodr
20051130_55004_0400_PP_1259.png,0.913782,0.032085,0.026029,0.014677,0.013427,0,anodr
20051130_55012_0400_PP_865.png,0.809479,0.046622,0.043839,0.019746,0.080315,0,anodr
20051130_55037_0400_PP_443.png,0.924509,0.021251,0.024070,0.017333,0.012836,0,anodr
20051130_55048_0400_PP_921.png,0.921816,0.021826,0.022786,0.019218,0.014355,0,anodr
20051130_55074_0400_PP_986.png,0.797186,0.035244,0.122830,0.033450,0.011290,0,anodr
20051130_55086_0400_PP_1152.png,0.911352,0.029080,0.028464,0.017005,0.014099,0,anodr
20051130_55107_0400_PP_316.png,0.924775,0.023712,0.018014,0.017172,0.016326,0,anodr
20051130_55160_0400_PP_1182.png,0.825323,0.016606,0.080293,0.036404,0.041375,0,anodr
20051130_55269_0400_PP_820.png,0.917618,0.029252,0.026209,0.012920,0.014001,0,anodr
20051130_55311_0400_PP_896.png,0.911433,0.030831,0.024103,0.016646,0.016987,0,anodr
20051130_55323_0400_PP_883.png,0.914753,0.032429,0.020590,0.015801,0.016427,0,anodr
20051130_55381_0400_PP_504.png,0.932233,0.017682,0.017599,0.018046,0.014440,0,anodr
20051130_55393_0400_PP_1251.png,0.926887,0.022271,0.019769,0.018692,0.012381,0,anodr
20051130_58716_0400_PP_355.png,0.883245,0.016909,0.064786,0.024545,0.010514,0,anodr
20051130_58824_0400_PP_1181.png,0.801621,0.024597,0.114411,0.049321,0.010050,0,anodr
20051130_58874_0400_PP_1359.png,0.930864,0.018776,0.020232,0.016829,0.013299,0,anodr
20051130_58888_0400_PP_284.png,0.916271,0.028193,0.026491,0.016007,0.013039,0,anodr
20051130_58962_0400_PP_973.png,0.922321,0.025060,0.022151,0.015829,0.014638,0,anodr
20051130_58998_0400_PP_543.png,0.931454,0.015574,0.020823,0.019031,0.013118,0,anodr
20051130_59029_0400_PP_270.png,0.915692,0.019703,0.034201,0.018709,0.011694,0,anodr
20051130_59186_0400_PP_350.png,0.926880,0.023168,0.018897,0.017203,0.013851,0,anodr
20051130_59284_0400_PP_853.png,0.927147,0.022733,0.018754,0.017807,0.013559,0,anodr
20051130_59374_0400_PP_410.png,0.927945,0.020648,0.023719,0.014899,0.012789,0,anodr
20051130_59404_0400_PP_392.png,0.925320,0.024771,0.023252,0.013332,0.013325,0,anodr
20051130_59457_0400_PP_1053.png,0.917220,0.029588,0.024922,0.016409,0.011861,0,anodr
20051130_59464_0400_PP_1141.png,0.932967,0.019220,0.018734,0.016761,0.012318,0,anodr
20051130_59749_0400_PP_965.png,0.919063,0.030010,0.020386,0.014023,0.016519,0,anodr
20051130_59775_0400_PP_1224.png,0.921856,0.023421,0.023547,0.015321,0.015855,0,anodr
20051130_59793_0400_PP_926.png,0.923306,0.025354,0.019838,0.017564,0.013938,0,anodr
20051130_59802_0400_PP_430.png,0.920622,0.029968,0.018599,0.016834,0.013977,0,anodr
20051130_59850_0400_PP_36.png,0.935645,0.016052,0.019120,0.016813,0.012370,0,anodr
20051130_59869_0400_PP_520.png,0.932379,0.017807,0.020087,0.017177,0.012551,0,anodr
20051130_59964_0400_PP_312.png,0.900811,0.044813,0.028029,0.015267,0.011080,0,anodr
20051130_59993_0400_PP_439.png,0.678105,0.051410,0.230662,0.028173,0.011650,0,anodr
20051130_60040_0400_PP_1355.png,0.929809,0.022742,0.021232,0.015741,0.010475,0,anodr
20051130_60066_0400_PP_1170.png,0.932313,0.018921,0.020147,0.016423,0.012196,0,anodr
20051130_60186_0400_PP_1365.png,0.928288,0.023293,0.018372,0.016470,0.013577,0,anodr
20051130_60234_0400_PP_453.png,0.894068,0.045824,0.030712,0.014235,0.015161,0,anodr
20051130_60448_0400_PP_860.png,0.834193,0.025654,0.094775,0.028156,0.017223,0,anodr
20051130_60490_0400_PP_828.png,0.907017,0.024139,0.035995,0.020312,0.012538,0,anodr
20051130_60532_0400_PP_1052.png,0.922962,0.026400,0.018971,0.016274,0.015393,0,anodr
20051130_60562_0400_PP_121.png,0.868139,0.073883,0.023279,0.014647,0.020053,0,anodr
20051130_60601_0400_PP_146.png,0.922587,0.025094,0.026961,0.014524,0.010834,0,anodr
20051130_60630_0400_PP_60.png,0.925035,0.024790,0.022530,0.014484,0.013162,0,anodr
20051130_60691_0400_PP_939.png,0.911637,0.033564,0.027535,0.012260,0.015004,0,anodr
20051130_60715_0400_PP_555.png,0.918210,0.029421,0.021792,0.013538,0.017039,0,anodr
20051130_60740_0400_PP_1166.png,0.914245,0.036849,0.021001,0.014955,0.012950,0,anodr
20051130_60794_0400_PP_280.png,0.915175,0.029141,0.030748,0.013784,0.011152,0,anodr
20051130_60822_0400_PP_980.png,0.919218,0.030101,0.018637,0.016846,0.015198,0,anodr
20051201_37312_0400_PP_1333.png,0.890596,0.050701,0.033193,0.016032,0.009479,0,anodr
20051201_37337_0400_PP_839.png,0.889058,0.056902,0.026895,0.015142,0.012003,0,anodr
20051201_37382_0400_PP_1350.png,0.915591,0.032238,0.020884,0.018171,0.013116,0,anodr
20051201_37390_0400_PP_833.png,0.918870,0.030289,0.021331,0.016578,0.012932,0,anodr
20051201_37409_0400_PP_1340.png,0.917247,0.033293,0.019548,0.015742,0.014170,0,anodr
20051201_37462_0400_PP_357.png,0.848882,0.098606,0.025869,0.013440,0.013203,0,anodr
20051201_37534_0400_PP_906.png,0.915828,0.036675,0.018798,0.013909,0.014791,0,anodr
20051201_37557_0400_PP_1336.png,0.924049,0.027013,0.019272,0.015189,0.014477,0,anodr
20051201_38041_0400_PP_1312.png,0.928328,0.022245,0.018683,0.016720,0.014024,0,anodr
20051201_38081_0400_PP_963.png,0.925149,0.026138,0.021776,0.014292,0.012645,0,anodr
20051201_38103_0400_PP_81.png,0.912912,0.040024,0.021214,0.013243,0.012608,0,anodr
20051201_38137_0400_PP_391.png,0.895982,0.045160,0.029447,0.012787,0.016623,0,anodr
20051201_38155_0400_PP_112.png,0.660114,0.111219,0.078836,0.039446,0.110385,0,anodr
20051201_38164_0400_PP_881.png,0.607643,0.239036,0.113402,0.023923,0.015995,0,anodr
20051201_38199_0400_PP_1329.png,0.901889,0.047472,0.020504,0.015844,0.014291,0,anodr
20051201_38211_0400_PP_1174.png,0.874828,0.069396,0.029052,0.015702,0.011022,0,anodr
20051201_38246_0400_PP_1063.png,0.925845,0.021565,0.020567,0.017647,0.014375,0,anodr
20051201_38262_0400_PP_335.png,0.924744,0.019439,0.024123,0.014729,0.016963,0,anodr
20051201_38280_0400_PP_1103.png,0.924446,0.022933,0.024706,0.015468,0.012447,0,anodr
20051201_38291_0400_PP_468.png,0.919421,0.025744,0.027508,0.016145,0.011182,0,anodr
20051201_38321_0400_PP_903.png,0.792461,0.070043,0.086657,0.022276,0.028563,0,anodr
20051201_38349_0400_PP_892.png,0.909916,0.031748,0.024517,0.015272,0.018547,0,anodr
20051201_38466_0400_PP_572.png,0.914778,0.033851,0.022557,0.016089,0.012725,0,anodr
20051201_38475_0400_PP_560.png,0.922286,0.023988,0.022746,0.014252,0.016728,0,anodr
20051202_37162_0400_PP_29.png,0.418194,0.522578,0.035159,0.010182,0.013886,1,bmilddr
20051202_51599_0400_PP_966.png,0.934427,0.017936,0.020841,0.015246,0.011550,0,anodr
20051202_51616_0400_PP_1018.png,0.921674,0.028251,0.024142,0.013817,0.012116,0,anodr
20051205_57651_0400_PP_52.png,0.919326,0.031551,0.020096,0.014993,0.014035,0,anodr
20051205_57704_0400_PP_1167.png,0.924443,0.022298,0.020938,0.017180,0.015141,0,anodr
20051205_57757_0400_PP_1100.png,0.888373,0.056232,0.028328,0.012702,0.014365,0,anodr
20051205_57780_0400_PP_1102.png,0.805111,0.104613,0.059379,0.015101,0.015796,0,anodr
20051205_57799_0400_PP_868.png,0.410744,0.386080,0.173450,0.019349,0.010378,0,anodr
20051205_57809_0400_PP_1228.png,0.753653,0.174902,0.046921,0.010575,0.013949,0,anodr
20051205_57838_0400_PP_859.png,0.927440,0.021855,0.020449,0.017165,0.013090,0,anodr
20051205_57879_0400_PP_1254.png,0.928047,0.022767,0.018996,0.015956,0.014235,0,anodr
20051205_57942_0400_PP_990.png,0.924137,0.025135,0.021187,0.016737,0.012804,0,anodr
20051205_57988_0400_PP_1112.png,0.923474,0.027067,0.023801,0.014334,0.011324,0,anodr
20051205_58037_0400_PP_835.png,0.891958,0.035606,0.037205,0.018822,0.016410,0,anodr
20051205_58060_0400_PP_376.png,0.870419,0.033607,0.059460,0.019549,0.016964,0,anodr
20051205_58080_0400_PP_1034.png,0.927238,0.022322,0.020492,0.017774,0.012173,0,anodr
20051205_58091_0400_PP_292.png,0.911880,0.030019,0.024622,0.018123,0.015357,0,anodr
20051205_58109_0400_PP_1311.png,0.921322,0.028050,0.019841,0.015435,0.015352,0,anodr
20051205_58125_0400_PP_46.png,0.893432,0.059237,0.020065,0.014147,0.013120,0,anodr
20051205_58150_0400_PP_393.png,0.924676,0.023433,0.019189,0.018025,0.014677,0,anodr
20051205_58177_0400_PP_503.png,0.924402,0.024556,0.018258,0.016906,0.015879,0,anodr
20051205_58354_0400_PP_1282.png,0.922966,0.027645,0.020176,0.016557,0.012656,0,anodr
20051205_58373_0400_PP_55.png,0.884003,0.054866,0.034404,0.015415,0.011313,0,anodr
20051205_58409_0400_PP_985.png,0.915460,0.034941,0.022394,0.013526,0.013679,0,anodr
20051205_58431_0400_PP_493.png,0.886813,0.062149,0.026442,0.011764,0.012832,0,anodr
20051205_58458_0400_PP_309.png,0.877716,0.066480,0.026952,0.014085,0.014767,0,anodr
20051205_58502_0400_PP_482.png,0.914068,0.035510,0.018981,0.015734,0.015708,0,anodr
20051205_58613_0400_PP_843.png,0.919872,0.025496,0.023924,0.017793,0.012915,0,anodr
20051205_59240_0400_PP_301.png,0.914394,0.036742,0.020520,0.014863,0.013481,0,anodr
20051205_59337_0400_PP_945.png,0.902626,0.037971,0.026246,0.017465,0.015693,0,anodr
20051205_59351_0400_PP_332.png,0.918935,0.031210,0.019440,0.016305,0.014110,0,anodr
20051205_59367_0400_PP_816.png,0.898801,0.034755,0.037898,0.018499,0.010047,0,anodr
20051205_59379_0400_PP_842.png,0.924987,0.021882,0.019376,0.016976,0.016779,0,anodr
20051205_59510_0400_PP_329.png,0.750886,0.162958,0.054213,0.019778,0.012166,0,anodr
20051205_59538_0400_PP_534.png,0.864015,0.081313,0.023479,0.015533,0.015660,0,anodr
20051205_59617_0400_PP_1000.png,0.921276,0.027634,0.021237,0.016424,0.013428,0,anodr
20051205_59651_0400_PP_1164.png,0.916344,0.033573,0.022605,0.014772,0.012706,0,anodr
20051205_59738_0400_PP_119.png,0.929416,0.020797,0.017957,0.016992,0.014839,0,anodr
20051205_59754_0400_PP_880.png,0.926093,0.024615,0.019192,0.015836,0.014264,0,anodr
20051205_59833_0400_PP_531.png,0.923107,0.027457,0.020296,0.015616,0.013524,0,anodr
20051205_59858_0400_PP_523.png,0.910426,0.034266,0.028934,0.015656,0.010718,0,anodr
20051205_59901_0400_PP_417.png,0.938503,0.014148,0.020695,0.016378,0.010276,0,anodr
20051205_59923_0400_PP_1307.png,0.927311,0.019428,0.022881,0.017565,0.012815,0,anodr
20051205_60093_0400_PP_1286.png,0.927719,0.021371,0.019126,0.016730,0.015053,0,anodr
20051205_60119_0400_PP_451.png,0.923008,0.025998,0.019195,0.016899,0.014899,0,anodr
20051213_61406_0100_PP_1027.png,0.888589,0.050740,0.027101,0.019057,0.014513,0,anodr
20051213_61802_0100_PP_408.png,0.903914,0.044007,0.020806,0.016235,0.015039,0,anodr
20051213_61892_0100_PP_837.png,0.918459,0.028742,0.021137,0.018187,0.013476,0,anodr
20051213_61951_0100_PP_983.png,0.920372,0.027775,0.020256,0.017820,0.013777,0,anodr
20051213_62251_0100_PP_27.png,0.924052,0.023273,0.019568,0.018266,0.014841,0,anodr
20051213_62314_0100_PP_1325.png,0.919703,0.026381,0.021210,0.018122,0.014585,0,anodr
20051213_62518_0100_PP_821.png,0.927483,0.020930,0.018777,0.018160,0.014651,0,anodr
20051213_62572_0100_PP_1176.png,0.908054,0.036698,0.027098,0.015588,0.012561,0,anodr
20051214_40529_0100_PP_1120.png,0.923158,0.021914,0.026105,0.017092,0.011731,0,anodr
20051214_40767_0100_PP_1039.png,0.894350,0.053932,0.024129,0.016245,0.011345,0,anodr
20051214_40994_0100_PP_435.png,0.929320,0.018640,0.019061,0.017991,0.014987,0,anodr
20051214_41055_0100_PP_41.png,0.927133,0.022176,0.018943,0.017955,0.013792,0,anodr
20051214_42133_0100_PP_462.png,0.907788,0.036885,0.027731,0.016589,0.011007,0,anodr
20051214_42197_0100_PP_1288.png,0.906535,0.040016,0.026636,0.015505,0.011308,0,anodr
20051214_42323_0100_PP_845.png,0.925044,0.022683,0.019371,0.019062,0.013839,0,anodr
20051214_42363_0100_PP_42.png,0.921101,0.026037,0.020118,0.018220,0.014523,0,anodr
20051214_51178_0100_PP_1380.png,0.924425,0.022658,0.020160,0.018446,0.014310,0,anodr
20051214_51211_0100_PP_511.png,0.926174,0.021491,0.019463,0.018314,0.014558,0,anodr
20051214_51308_0100_PP_1342.png,0.903412,0.043269,0.026083,0.015801,0.011435,0,anodr
20051214_51342_0100_PP_970.png,0.911675,0.035380,0.024496,0.015906,0.012545,0,anodr
20051214_51442_0100_PP_28.png,0.909796,0.031478,0.031515,0.014384,0.012827,0,anodr
20051214_51469_0100_PP_1060.png,0.722336,0.150127,0.101749,0.018110,0.007677,0,anodr
20051214_56242_0100_PP_337.png,0.903511,0.042247,0.026131,0.015498,0.012613,0,anodr
20051214_56392_0100_PP_1037.png,0.929532,0.019401,0.018072,0.018430,0.014565,0,anodr
20051214_56438_0100_PP_22.png,0.925844,0.022870,0.018865,0.019103,0.013317,0,anodr
20051214_56636_0100_PP_128.png,0.923888,0.025809,0.017851,0.017914,0.014538,0,anodr
20051214_56688_0100_PP_120.png,0.922561,0.024305,0.019844,0.017297,0.015993,0,anodr
20051214_57761_0100_PP_356.png,0.924125,0.025280,0.020158,0.016704,0.013733,0,anodr
20051214_57817_0100_PP_876.png,0.905018,0.047987,0.020707,0.013159,0.013129,0,anodr
20051216_43913_0200_PP_1367.png,0.927709,0.022039,0.017923,0.017581,0.014749,0,anodr
20051216_44066_0200_PP_426.png,0.554440,0.066349,0.332401,0.025838,0.020973,0,anodr
20051216_44092_0200_PP_1090.png,0.172281,0.382562,0.398418,0.025895,0.020845,2,cmoderatedr
20051216_44221_0200_PP_548.png,0.919687,0.031419,0.022090,0.015153,0.011652,0,anodr
20051216_44252_0200_PP_952.png,0.740429,0.095666,0.122824,0.024645,0.016436,0,anodr
20051216_44398_0200_PP_1235.png,0.917440,0.031873,0.023961,0.014488,0.012238,0,anodr
20051216_44420_0200_PP_379.png,0.918102,0.034966,0.020232,0.014063,0.012637,0,anodr
20051216_44635_0200_PP_415.png,0.901697,0.043980,0.028101,0.014226,0.011995,0,anodr
20051216_44660_0200_PP_888.png,0.928811,0.021004,0.018114,0.017645,0.014425,0,anodr
20051216_44811_0200_PP_567.png,0.930223,0.019594,0.020598,0.017192,0.012393,0,anodr
20051216_44832_0200_PP_1082.png,0.928878,0.021033,0.018451,0.018058,0.013580,0,anodr
20051216_45076_0200_PP_818.png,0.901945,0.032249,0.033962,0.016882,0.014962,0,anodr
20051216_45499_0200_PP_1071.png,0.919023,0.030608,0.021781,0.016223,0.012366,0,anodr
20051216_45781_0200_PP_320.png,0.908954,0.040727,0.019974,0.015787,0.014558,0,anodr
20051216_45873_0200_PP_832.png,0.925438,0.024395,0.018952,0.016731,0.014484,0,anodr
20051216_45992_0200_PP_341.png,0.334117,0.508016,0.131209,0.009372,0.017286,1,bmilddr
20051216_46018_0200_PP_1216.png,0.851096,0.092013,0.032613,0.012197,0.012081,0,anodr
20051216_46183_0200_PP_1204.png,0.907257,0.040751,0.025464,0.015821,0.010708,0,anodr
20051216_47514_0200_PP_110.png,0.917500,0.031597,0.020454,0.016746,0.013704,0,anodr
20051216_47536_0200_PP_1339.png,0.920362,0.029809,0.018685,0.017023,0.014121,0,anodr
20060407_38711_0200_PP_283.png,0.860521,0.068790,0.047336,0.011120,0.012233,0,anodr
20060407_38970_0200_PP_1111.png,0.076979,0.771463,0.136020,0.007247,0.008291,1,bmilddr
20060407_39155_0200_PP_855.png,0.931254,0.017785,0.020817,0.017287,0.012857,0,anodr
20060407_39184_0200_PP_373.png,0.933127,0.016337,0.022628,0.017007,0.010900,0,anodr
20060407_39306_0200_PP_1074.png,0.924326,0.021971,0.026066,0.016543,0.011095,0,anodr
20060407_39328_0200_PP_893.png,0.919916,0.021423,0.029259,0.017323,0.012079,0,anodr
20060407_39435_0200_PP_1214.png,0.161623,0.562930,0.235327,0.009579,0.030541,1,bmilddr
20060407_39546_0200_PP_545.png,0.918808,0.033226,0.020524,0.014849,0.012593,0,anodr
20060407_39567_0200_PP_1168.png,0.910241,0.039431,0.021957,0.015035,0.013337,0,anodr
20060407_39687_0200_PP_101.png,0.906369,0.044435,0.023108,0.012689,0.013399,0,anodr
20060407_39761_0200_PP_518.png,0.902504,0.040845,0.027921,0.015650,0.013081,0,anodr
20060407_39780_0200_PP_1006.png,0.919446,0.030602,0.019851,0.016455,0.013646,0,anodr
20060407_40740_0200_PP_314.png,0.306194,0.466238,0.210032,0.008331,0.009205,1,bmilddr
20060407_40761_0200_PP_282.png,0.790282,0.090763,0.090804,0.014492,0.013658,0,anodr
20060407_41149_0200_PP_26.png,0.907983,0.014495,0.052676,0.015398,0.009447,0,anodr
20060407_41177_0200_PP_1104.png,0.926332,0.014549,0.033001,0.015875,0.010243,0,anodr
20060407_41312_0200_PP_895.png,0.923428,0.025820,0.020335,0.017016,0.013402,0,anodr
20060407_41980_0200_PP_1347.png,0.915107,0.037198,0.021268,0.014186,0.012240,0,anodr
20060407_42099_0200_PP_77.png,0.918523,0.031317,0.022515,0.014565,0.013079,0,anodr
20060407_42133_0200_PP_488.png,0.916584,0.031396,0.023417,0.014902,0.013701,0,anodr
20060407_42290_0200_PP_1107.png,0.934027,0.015021,0.023199,0.016447,0.011306,0,anodr
20060407_42308_0200_PP_1278.png,0.909802,0.029496,0.031960,0.016575,0.012167,0,anodr
20060407_43223_0200_PP_47.png,0.127484,0.431401,0.412108,0.016932,0.012075,1,bmilddr
20060407_43258_0200_PP_118.png,0.917155,0.031490,0.022299,0.015787,0.013269,0,anodr
20060407_43594_0200_PP_140.png,0.916415,0.029271,0.023399,0.017116,0.013799,0,anodr
20060407_43618_0200_PP_867.png,0.916778,0.034526,0.021019,0.015776,0.011900,0,anodr
20060407_43726_0200_PP_1128.png,0.924471,0.026687,0.019430,0.016623,0.012789,0,anodr
20060407_43746_0200_PP_1058.png,0.903773,0.045772,0.022737,0.016266,0.011452,0,anodr
20060407_43834_0200_PP_1162.png,0.887073,0.050625,0.037295,0.011789,0.013218,0,anodr
20060407_43856_0200_PP_862.png,0.903238,0.043252,0.027985,0.013205,0.012319,0,anodr
20060407_44042_0200_PP_1047.png,0.927616,0.020938,0.018508,0.018552,0.014386,0,anodr
20060407_44061_0200_PP_295.png,0.924206,0.021417,0.024572,0.016901,0.012903,0,anodr
20060407_44400_0200_PP_956.png,0.918627,0.020455,0.029878,0.018648,0.012392,0,anodr
20060407_44422_0200_PP_847.png,0.926220,0.020430,0.022691,0.017731,0.012929,0,anodr
20060407_44510_0200_PP_48.png,0.927939,0.022471,0.019448,0.016326,0.013816,0,anodr
20060407_44529_0200_PP_1212.png,0.911758,0.038727,0.020672,0.014988,0.013855,0,anodr
20060407_44743_0200_PP_824.png,0.916149,0.034317,0.020461,0.014709,0.014364,0,anodr
20060407_44766_0200_PP_89.png,0.923305,0.030157,0.018839,0.013760,0.013940,0,anodr
20060407_44866_0200_PP_293.png,0.885737,0.057957,0.031969,0.012802,0.011534,0,anodr
20060407_44889_0200_PP_830.png,0.893526,0.056545,0.026136,0.012138,0.011655,0,anodr
20060407_45107_0200_PP_1345.png,0.913484,0.037317,0.020428,0.014938,0.013833,0,anodr
20060407_45230_0200_PP_1297.png,0.924269,0.025425,0.019229,0.017352,0.013726,0,anodr
20060407_45247_0200_PP_1159.png,0.901181,0.045158,0.029095,0.011091,0.013475,0,anodr
20060407_45718_0200_PP_400.png,0.633004,0.203602,0.129248,0.018867,0.015279,0,anodr
20060407_45737_0200_PP_1089.png,0.916701,0.031263,0.019750,0.017463,0.014823,0,anodr
20060407_45834_0200_PP_1219.png,0.923407,0.027284,0.021489,0.014274,0.013545,0,anodr
20060407_45852_0200_PP_287.png,0.899030,0.049387,0.025707,0.012850,0.013026,0,anodr
20060407_45949_0200_PP_38.png,0.929711,0.023326,0.018322,0.015449,0.013192,0,anodr
20060407_46070_0200_PP_1236.png,0.741649,0.164613,0.063067,0.015362,0.015309,0,anodr
20060407_46235_0200_PP_566.png,0.923333,0.028405,0.020818,0.015107,0.012337,0,anodr
20060407_46257_0200_PP_827.png,0.917096,0.031317,0.021667,0.015571,0.014349,0,anodr
20060410_39047_0200_PP_457.png,0.934415,0.016116,0.018600,0.016983,0.013886,0,anodr
20060410_39075_0200_PP_953.png,0.930363,0.024028,0.019231,0.014090,0.012288,0,anodr
20060410_39229_0200_PP_1372.png,0.929492,0.021947,0.017842,0.017753,0.012966,0,anodr
20060410_39476_0200_PP_403.png,0.849035,0.065665,0.056475,0.017223,0.011602,0,anodr
20060410_39500_0200_PP_73.png,0.920252,0.032497,0.020261,0.014217,0.012773,0,anodr
20060410_39586_0200_PP_574.png,0.901054,0.048125,0.023249,0.014890,0.012681,0,anodr
20060410_39606_0200_PP_1148.png,0.886283,0.058456,0.027796,0.013665,0.013800,0,anodr
20060410_39695_0200_PP_1008.png,0.269051,0.300840,0.390292,0.028990,0.010828,2,cmoderatedr
20060410_39859_0200_PP_296.png,0.838143,0.075469,0.054403,0.014556,0.017428,0,anodr
20060410_39879_0200_PP_951.png,0.920588,0.029754,0.018382,0.016115,0.015161,0,anodr
20060410_39994_0200_PP_1378.png,0.837585,0.093845,0.042497,0.011611,0.014462,0,anodr
20060410_40403_0200_PP_1273.png,0.760588,0.171418,0.026772,0.012979,0.028244,0,anodr
20060410_40499_0200_PP_15.png,0.929699,0.017127,0.021089,0.019007,0.013078,0,anodr
20060410_40633_0200_PP_869.png,0.923885,0.026657,0.018000,0.017304,0.014153,0,anodr
20060410_40846_0200_PP_414.png,0.843018,0.102774,0.030262,0.011772,0.012174,0,anodr
20060410_40953_0200_PP_1362.png,0.909696,0.037838,0.024819,0.015323,0.012324,0,anodr
20060410_40979_0200_PP_1017.png,0.502923,0.394059,0.077402,0.014118,0.011497,0,anodr
20060410_41098_0200_PP_912.png,0.915001,0.033303,0.020741,0.017052,0.013902,0,anodr
20060410_41191_0200_PP_1364.png,0.929080,0.023627,0.019010,0.014680,0.013603,0,anodr
20060410_41209_0200_PP_1115.png,0.801187,0.143693,0.030950,0.010218,0.013952,0,anodr
20060410_41603_0200_PP_64.png,0.923820,0.025822,0.020561,0.016825,0.012972,0,anodr
20060410_41880_0200_PP_1266.png,0.923937,0.028153,0.018474,0.015673,0.013763,0,anodr
20060410_41901_0200_PP_1068.png,0.912111,0.036512,0.022424,0.014590,0.014363,0,anodr
20060410_43847_0200_PP_273.png,0.911114,0.032288,0.027801,0.017015,0.011783,0,anodr
20060410_43868_0200_PP_874.png,0.925129,0.024159,0.020926,0.015222,0.014564,0,anodr
20060410_43979_0200_PP_276.png,0.815708,0.124515,0.035775,0.010062,0.013940,0,anodr
20060410_44345_0200_PP_1011.png,0.524861,0.126019,0.327344,0.012805,0.008971,0,anodr
20060410_44364_0200_PP_1274.png,0.906430,0.044453,0.023101,0.014630,0.011385,0,anodr
20060410_44464_0200_PP_1255.png,0.933236,0.018619,0.018473,0.017243,0.012429,0,anodr
20060410_44504_0200_PP_474.png,0.930486,0.019352,0.019221,0.017941,0.013001,0,anodr
20060410_44601_0200_PP_1013.png,0.922300,0.026533,0.022950,0.016147,0.012070,0,anodr
20060410_44770_0200_PP_1320.png,0.060703,0.125556,0.762051,0.013546,0.038144,2,cmoderatedr
20060410_44802_0200_PP_1069.png,0.101811,0.298741,0.536688,0.023353,0.039407,2,cmoderatedr
20060410_44934_0200_PP_418.png,0.919250,0.030224,0.019618,0.016164,0.014744,0,anodr
20060410_45167_0200_PP_549.png,0.927109,0.024053,0.023861,0.014828,0.010149,0,anodr
20060410_45188_0200_PP_544.png,0.928848,0.022701,0.020934,0.016017,0.011501,0,anodr
20060410_47186_0200_PP_1143.png,0.925042,0.028239,0.019409,0.014782,0.012528,0,anodr
20060411_58071_0200_PP_1022.png,0.912126,0.033133,0.023856,0.017534,0.013352,0,anodr
20060411_58392_0200_PP_34.png,0.808976,0.111153,0.056561,0.009968,0.013342,0,anodr
20060411_58413_0200_PP_358.png,0.886949,0.061083,0.027598,0.011674,0.012695,0,anodr
20060411_58469_0200_PP_982.png,0.936122,0.013712,0.021969,0.016234,0.011963,0,anodr
20060411_58494_0200_PP_452.png,0.932889,0.015976,0.020558,0.017306,0.013270,0,anodr
20060411_58571_0200_PP_148.png,0.917471,0.027466,0.022662,0.016143,0.016258,0,anodr
20060411_58644_0200_PP_538.png,0.850508,0.078361,0.048914,0.010231,0.011986,0,anodr
20060411_58808_0200_PP_125.png,0.927766,0.022055,0.018540,0.018025,0.013613,0,anodr
20060411_58829_0200_PP_1091.png,0.927419,0.023208,0.018990,0.018092,0.012292,0,anodr
20060411_58891_0200_PP_929.png,0.928251,0.022477,0.019794,0.016764,0.012714,0,anodr
20060411_58913_0200_PP_1356.png,0.928976,0.022212,0.019017,0.016429,0.013366,0,anodr
20060411_60511_0200_PP_351.png,0.913169,0.038444,0.023149,0.013399,0.011840,0,anodr
20060411_61687_0200_PP_431.png,0.923861,0.024562,0.022837,0.015350,0.013390,0,anodr
20060411_61702_0200_PP_1040.png,0.409457,0.349024,0.209736,0.013069,0.018713,0,anodr
20060411_61869_0200_PP_955.png,0.920410,0.029553,0.022413,0.015422,0.012202,0,anodr
20060411_61901_0200_PP_288.png,0.902311,0.047510,0.024025,0.014200,0.011954,0,anodr
20060411_62036_0200_PP_59.png,0.883456,0.040824,0.044110,0.017738,0.013872,0,anodr
20060411_62058_0200_PP_948.png,0.927778,0.023670,0.018928,0.015911,0.013712,0,anodr
20060411_62162_0200_PP_97.png,0.467046,0.223368,0.276900,0.021407,0.011279,0,anodr
20060412_51835_0200_PP_1331.png,0.835416,0.050888,0.075694,0.020599,0.017403,0,anodr
20060412_51860_0200_PP_890.png,0.365858,0.480184,0.130083,0.009145,0.014729,1,bmilddr
20060412_52098_0200_PP_491.png,0.930331,0.022147,0.019220,0.016041,0.012262,0,anodr
20060412_52351_0200_PP_944.png,0.902362,0.046502,0.023342,0.014875,0.012919,0,anodr
20060412_52371_0200_PP_354.png,0.868919,0.067571,0.037627,0.014816,0.011066,0,anodr
20060412_52425_0200_PP_1292.png,0.931529,0.018404,0.019530,0.017219,0.013318,0,anodr
20060412_52446_0200_PP_533.png,0.928963,0.019043,0.019003,0.018589,0.014403,0,anodr
20060412_52606_0200_PP_1046.png,0.900509,0.043760,0.027929,0.013992,0.013809,0,anodr
20060412_52840_0200_PP_343.png,0.394948,0.467210,0.120446,0.009764,0.007632,1,bmilddr
20060412_57874_0200_PP_108.png,0.848769,0.091009,0.037113,0.010817,0.012292,0,anodr
20060412_57952_0200_PP_388.png,0.927061,0.025484,0.019805,0.016309,0.011341,0,anodr
20060412_57974_0200_PP_94.png,0.917508,0.027344,0.023206,0.016675,0.015267,0,anodr
20060412_58032_0200_PP_994.png,0.909637,0.044379,0.022082,0.011677,0.012226,0,anodr
20060412_58054_0200_PP_825.png,0.830133,0.096763,0.044065,0.013501,0.015537,0,anodr
20060412_58137_0200_PP_1215.png,0.924733,0.025660,0.019026,0.014769,0.015812,0,anodr
20060412_58723_0200_PP_1153.png,0.924611,0.023061,0.018416,0.018063,0.015849,0,anodr
20060412_58802_0200_PP_925.png,0.910313,0.038425,0.023174,0.016188,0.011901,0,anodr
20060412_58819_0200_PP_942.png,0.913689,0.033421,0.022059,0.016311,0.014520,0,anodr
20060412_59175_0200_PP_852.png,0.672850,0.121546,0.161011,0.018918,0.025675,0,anodr
20060412_59196_0200_PP_1021.png,0.872011,0.074685,0.028875,0.012419,0.012010,0,anodr
20060412_59259_0200_PP_364.png,0.926064,0.025738,0.020010,0.015137,0.013051,0,anodr
20060412_59338_0200_PP_423.png,0.837355,0.086074,0.045042,0.018347,0.013183,0,anodr
20060412_59355_0200_PP_977.png,0.908575,0.035297,0.025327,0.016479,0.014322,0,anodr
20060412_60751_0200_PP_822.png,0.922946,0.027400,0.020574,0.016589,0.012491,0,anodr
20060412_60773_0200_PP_319.png,0.919324,0.032784,0.020328,0.015231,0.012334,0,anodr
20060412_61064_0200_PP_1114.png,0.879239,0.061224,0.034210,0.013073,0.012254,0,anodr
20060412_61365_0200_PP_274.png,0.926034,0.022431,0.019428,0.018095,0.014011,0,anodr
20060412_61383_0200_PP_334.png,0.925948,0.021918,0.020433,0.018598,0.013104,0,anodr
20060412_61433_0200_PP_1072.png,0.935377,0.015296,0.021779,0.014160,0.013388,0,anodr
20060412_61450_0200_PP_1002.png,0.928932,0.017240,0.024327,0.016366,0.013135,0,anodr
20060412_61525_0200_PP_889.png,0.916194,0.031253,0.025654,0.014752,0.012146,0,anodr
20060412_61665_0200_PP_1324.png,0.926973,0.023388,0.021091,0.016081,0.012466,0,anodr
20060412_61790_0200_PP_12.png,0.915962,0.033422,0.022940,0.014526,0.013151,0,anodr
20060522_43758_0100_PP_988.png,0.923687,0.026487,0.021743,0.015507,0.012576,0,anodr
20060522_45777_0100_PP_1327.png,0.923025,0.026537,0.020290,0.017453,0.012695,0,anodr
20060522_45796_0100_PP_1360.png,0.921157,0.028469,0.018109,0.017763,0.014501,0,anodr
20060522_45853_0100_PP_813.png,0.818623,0.028867,0.091722,0.036847,0.023942,0,anodr
20060522_45873_0100_PP_1192.png,0.817587,0.027342,0.018248,0.028786,0.108038,0,anodr
20060522_46104_0100_PP_1302.png,0.922962,0.028437,0.020811,0.016629,0.011160,0,anodr
20060522_46149_0100_PP_1012.png,0.924359,0.025120,0.020091,0.017388,0.013042,0,anodr
20060522_46379_0100_PP_1348.png,0.826786,0.097143,0.045969,0.016228,0.013874,0,anodr
20060522_46400_0100_PP_957.png,0.447688,0.463916,0.065911,0.012107,0.010378,1,bmilddr
20060523_42953_0100_PP_409.png,0.923961,0.027853,0.019307,0.015798,0.013080,0,anodr
20060523_43105_0100_PP_1156.png,0.932228,0.017817,0.019487,0.017056,0.013412,0,anodr
20060523_43123_0100_PP_123.png,0.931324,0.019297,0.017914,0.016839,0.014627,0,anodr
20060523_43248_0100_PP_80.png,0.822267,0.117724,0.030926,0.014628,0.014455,0,anodr
20060523_43333_0100_PP_551.png,0.915929,0.029812,0.023700,0.016642,0.013917,0,anodr
20060523_43354_0100_PP_1093.png,0.921556,0.027701,0.020079,0.016532,0.014132,0,anodr
20060523_45300_0100_PP_21.png,0.903782,0.043648,0.021770,0.015395,0.015404,0,anodr
20060523_45316_0100_PP_1213.png,0.927395,0.021271,0.018242,0.015052,0.018041,0,anodr
20060523_45449_0100_PP_1269.png,0.746182,0.156297,0.072123,0.010398,0.015000,0,anodr
20060523_45467_0100_PP_44.png,0.591258,0.299303,0.085198,0.008369,0.015872,0,anodr
20060523_45524_0100_PP_428.png,0.924937,0.026918,0.018770,0.015961,0.013414,0,anodr
20060523_45548_0100_PP_1229.png,0.910281,0.038285,0.021730,0.016498,0.013207,0,anodr
20060523_47987_0100_PP_844.png,0.798803,0.132237,0.046423,0.011820,0.010717,0,anodr
20060523_48005_0100_PP_877.png,0.886447,0.061315,0.028203,0.012763,0.011272,0,anodr
20060523_48136_0100_PP_856.png,0.058454,0.096419,0.812352,0.020498,0.012276,2,cmoderatedr
20060523_48161_0100_PP_385.png,0.065363,0.426783,0.492913,0.008618,0.006322,2,cmoderatedr
20060523_48406_0100_PP_1056.png,0.932964,0.017981,0.019177,0.017977,0.011901,0,anodr
20060523_48591_0100_PP_1317.png,0.888035,0.059142,0.023553,0.016090,0.013179,0,anodr
20060523_48709_0100_PP_541.png,0.902310,0.047782,0.025523,0.013332,0.011053,0,anodr
20060523_48728_0100_PP_1375.png,0.907641,0.042562,0.022182,0.015336,0.012279,0,anodr
20060523_48890_0100_PP_1338.png,0.917038,0.030810,0.021000,0.018105,0.013047,0,anodr
20060523_48931_0100_PP_16.png,0.916812,0.030577,0.020933,0.018123,0.013555,0,anodr
20060523_49100_0100_PP_307.png,0.899512,0.049496,0.021484,0.013371,0.016137,0,anodr
20060523_49120_0100_PP_85.png,0.919101,0.029316,0.021656,0.016834,0.013094,0,anodr
20060523_49176_0100_PP_366.png,0.897849,0.053339,0.022648,0.012190,0.013973,0,anodr
20060523_49191_0100_PP_476.png,0.237623,0.084306,0.086098,0.091751,0.500223,4,eproliferativedr
20060523_49515_0100_PP_375.png,0.901034,0.035797,0.029377,0.019049,0.014743,0,anodr
20060523_49573_0100_PP_919.png,0.931472,0.019791,0.018433,0.016531,0.013774,0,anodr
20060523_49663_0100_PP_455.png,0.795226,0.068061,0.095343,0.021152,0.020218,0,anodr
20060523_49681_0100_PP_1363.png,0.753079,0.180086,0.035996,0.013509,0.017331,0,anodr
20060523_49726_0100_PP_989.png,0.907104,0.032448,0.027439,0.020519,0.012490,0,anodr
20060523_49745_0100_PP_1108.png,0.909244,0.037565,0.020395,0.017277,0.015519,0,anodr
20060523_50153_0100_PP_558.png,0.911804,0.038892,0.019129,0.014966,0.015208,0,anodr
20060523_50325_0100_PP_1051.png,0.918481,0.028426,0.020952,0.017704,0.014437,0,anodr
20060523_50342_0100_PP_1211.png,0.911336,0.040392,0.021444,0.014439,0.012389,0,anodr
20060523_50616_0100_PP_136.png,0.920997,0.025880,0.020107,0.017137,0.015880,0,anodr
20060523_50631_0100_PP_91.png,0.917945,0.028105,0.022580,0.016382,0.014987,0,anodr
20060529_56013_0100_PP_1065.png,0.925528,0.023434,0.018674,0.017344,0.015020,0,anodr
20060529_56039_0100_PP_931.png,0.926620,0.022263,0.018628,0.017346,0.015144,0,anodr
20060529_56420_0100_PP_466.png,0.925126,0.026018,0.020570,0.016753,0.011533,0,anodr
20060529_56442_0100_PP_75.png,0.916088,0.034540,0.024892,0.014080,0.010399,0,anodr
20060529_56563_0100_PP_100.png,0.920703,0.026899,0.022131,0.016811,0.013456,0,anodr
20060529_56592_0100_PP_381.png,0.921213,0.025691,0.018536,0.017865,0.016696,0,anodr
20060529_56948_0100_PP_857.png,0.918668,0.027675,0.021001,0.018379,0.014276,0,anodr
20060529_56968_0100_PP_1131.png,0.901414,0.034179,0.029511,0.020694,0.014202,0,anodr
20060529_57261_0100_PP_1059.png,0.890729,0.050968,0.026767,0.018471,0.013065,0,anodr
20060529_57287_0100_PP_1172.png,0.764869,0.164145,0.042711,0.015215,0.013060,0,anodr
20060529_57351_0100_PP_1206.png,0.933383,0.018324,0.020409,0.016349,0.011535,0,anodr
20060529_57372_0100_PP_532.png,0.928415,0.021161,0.020588,0.017404,0.012431,0,anodr
20060530_51254_0100_PP_516.png,0.928965,0.022125,0.018725,0.016724,0.013461,0,anodr
20060530_51279_0100_PP_67.png,0.925220,0.024502,0.021841,0.016066,0.012371,0,anodr
20060530_53042_0100_PP_469.png,0.915156,0.034158,0.020501,0.017302,0.012883,0,anodr
20060530_53062_0100_PP_1377.png,0.917108,0.033974,0.019093,0.015346,0.014479,0,anodr
20060530_53132_0100_PP_899.png,0.921905,0.026212,0.019004,0.019404,0.013475,0,anodr
20060530_53152_0100_PP_1227.png,0.924093,0.024947,0.020750,0.016116,0.014095,0,anodr
20060530_53597_0100_PP_565.png,0.883562,0.046257,0.040289,0.017404,0.012488,0,anodr
20060530_53742_0100_PP_1137.png,0.904385,0.044526,0.023079,0.014689,0.013321,0,anodr
20060530_53761_0100_PP_1160.png,0.873516,0.067243,0.032058,0.013708,0.013476,0,anodr
20060530_53816_0100_PP_1135.png,0.929399,0.020345,0.018860,0.017878,0.013518,0,anodr
20060530_53836_0100_PP_1343.png,0.927620,0.018729,0.021542,0.018305,0.013805,0,anodr
20060530_53928_0100_PP_353.png,0.454288,0.305547,0.213427,0.018255,0.008482,0,anodr
20060530_53954_0100_PP_103.png,0.877238,0.074303,0.025745,0.011548,0.011166,0,anodr
