filename,anodr,bmilddr,cmoderatedr,dseveredr,eproliferativedr,prediction
20051020_43808_0100_PP_967.png,0.945213,0.015336,0.013344,0.014171,0.011935,anodr
20051020_44261_0100_PP_1191.png,0.942245,0.015903,0.013969,0.014938,0.012944,anodr
20051020_44284_0100_PP_502.png,0.942624,0.014883,0.014403,0.014982,0.013107,anodr
20051020_44338_0100_PP_547.png,0.936794,0.017761,0.021446,0.015271,0.008728,anodr
20051020_44400_0100_PP_920.png,0.932292,0.027076,0.011900,0.017368,0.011365,anodr
20051020_44431_0100_PP_514.png,0.917125,0.027057,0.026630,0.018777,0.010411,anodr
20051020_44692_0100_PP_419.png,0.942794,0.018439,0.012321,0.013354,0.013091,anodr
20051020_44714_0100_PP_1199.png,0.945311,0.016164,0.013879,0.013624,0.011022,anodr
20051020_44982_0100_PP_486.png,0.936931,0.020763,0.012881,0.020898,0.008526,anodr
20051020_56791_0100_PP_1185.png,0.939721,0.018272,0.014074,0.014932,0.013000,anodr
20051020_57157_0100_PP_971.png,0.071494,0.891818,0.010371,0.015746,0.010571,bmilddr
20051020_57967_0100_PP_829.png,0.944607,0.017602,0.012248,0.014110,0.011433,anodr
20051020_58065_0100_PP_561.png,0.944365,0.017689,0.011563,0.013946,0.012437,anodr
20051020_61757_0100_PP_484.png,0.943447,0.013965,0.013469,0.015150,0.013969,anodr
20051020_62461_0100_PP_76.png,0.896713,0.019834,0.060578,0.012203,0.010671,anodr
20051020_62510_0100_PP_106.png,0.535451,0.026244,0.206506,0.016018,0.215782,anodr
20051020_62577_0100_PP_479.png,0.943465,0.014877,0.013283,0.015151,0.013225,anodr
20051020_62615_0100_PP_294.png,0.943125,0.014806,0.013478,0.015074,0.013516,anodr
20051020_63269_0100_PP_1183.png,0.943512,0.016991,0.014001,0.014917,0.010579,anodr
20051020_63337_0100_PP_471.png,0.943662,0.017976,0.012747,0.014118,0.011498,anodr
20051020_64249_0100_PP_1004.png,0.945048,0.013962,0.012627,0.014973,0.013389,anodr
20051020_64388_0100_PP_1194.png,0.944632,0.012904,0.013917,0.015787,0.012760,anodr
20051020_64653_0100_PP_124.png,0.944456,0.018049,0.012236,0.013176,0.012083,anodr
20051020_64775_0100_PP_480.png,0.936498,0.019797,0.014365,0.016590,0.012750,anodr
20051020_64836_0100_PP_1270.png,0.943889,0.015866,0.013487,0.014167,0.012591,anodr
20051021_36380_0100_PP_135.png,0.942032,0.018551,0.013811,0.013648,0.011959,anodr
20051021_36476_0100_PP_1243.png,0.944782,0.013652,0.014072,0.013970,0.013524,anodr
20051021_39845_0100_PP_315.png,0.943961,0.016288,0.013074,0.015212,0.011465,anodr
20051021_39914_0100_PP_1352.png,0.943740,0.016660,0.013003,0.015087,0.011510,anodr
20051021_51418_0100_PP_18.png,0.940579,0.020650,0.013031,0.013556,0.012184,anodr
20051021_51476_0100_PP_150.png,0.940110,0.021609,0.012167,0.016115,0.009999,anodr
20051021_51936_0100_PP_1379.png,0.939328,0.023757,0.012606,0.013840,0.010468,anodr
20051021_51994_0100_PP_1283.png,0.942041,0.020231,0.011880,0.014565,0.011284,anodr
20051021_57798_0100_PP_1322.png,0.942049,0.017569,0.013705,0.015991,0.010687,anodr
20051021_57862_0100_PP_372.png,0.936265,0.024135,0.013843,0.015368,0.010389,anodr
20051021_57975_0100_PP_517.png,0.939476,0.014667,0.015602,0.015373,0.014882,anodr
20051021_58035_0100_PP_1138.png,0.943276,0.015514,0.014773,0.012967,0.013470,anodr
20051021_58388_0100_PP_1300.png,0.942094,0.014665,0.014602,0.015868,0.012771,anodr
20051021_58522_0100_PP_50.png,0.945816,0.012775,0.013498,0.015372,0.012539,anodr
20051109_57843_0400_PP_1109.png,0.941691,0.014955,0.013595,0.016115,0.013643,anodr
20051109_59969_0400_PP_1079.png,0.940667,0.017192,0.013381,0.014623,0.014137,anodr
20051109_60031_0400_PP_528.png,0.940822,0.017994,0.014120,0.014941,0.012123,anodr
20051109_60136_0400_PP_905.png,0.941810,0.018874,0.015222,0.012422,0.011671,anodr
20051110_33960_0400_PP_35.png,0.941226,0.019235,0.013427,0.016004,0.010109,anodr
20051110_34013_0400_PP_151.png,0.928518,0.026112,0.019111,0.010313,0.015946,anodr
20051110_35239_0400_PP_836.png,0.943260,0.014911,0.014741,0.014950,0.012138,anodr
20051110_35279_0400_PP_1033.png,0.942064,0.014763,0.014184,0.016296,0.012692,anodr
20051110_35332_0400_PP_497.png,0.947185,0.017241,0.013141,0.012777,0.009657,anodr
20051110_37992_0400_PP_1043.png,0.943816,0.016481,0.017009,0.012494,0.010200,anodr
20051110_38111_0400_PP_429.png,0.942818,0.015133,0.013717,0.015646,0.012686,anodr
20051110_38156_0400_PP_477.png,0.942441,0.017264,0.012974,0.014813,0.012507,anodr
20051110_38280_0400_PP_83.png,0.943635,0.014711,0.014305,0.013753,0.013596,anodr
20051110_38313_0400_PP_1041.png,0.940515,0.011992,0.017247,0.016728,0.013519,anodr
20051110_38352_0400_PP_934.png,0.943195,0.012070,0.013445,0.016378,0.014912,anodr
20051110_38472_0400_PP_1127.png,0.923255,0.038777,0.014002,0.013217,0.010748,anodr
20051110_38507_0400_PP_1190.png,0.893611,0.026799,0.053906,0.018041,0.007642,anodr
20051116_43388_0400_PP_344.png,0.940502,0.016363,0.013845,0.015119,0.014170,anodr
20051116_43585_0400_PP_950.png,0.941694,0.019393,0.012974,0.013515,0.012424,anodr
20051116_43710_0400_PP_95.png,0.931445,0.012381,0.023077,0.019040,0.014058,anodr
20051116_43721_0400_PP_363.png,0.939193,0.015786,0.014336,0.016302,0.014383,anodr
20051116_43785_0400_PP_445.png,0.935811,0.023585,0.014868,0.015020,0.010715,anodr
20051116_43801_0400_PP_325.png,0.943814,0.016132,0.013567,0.014597,0.011890,anodr
20051116_44648_0400_PP_1036.png,0.940078,0.013370,0.015402,0.014209,0.016941,anodr
20051117_37042_0400_PP_1119.png,0.925508,0.027516,0.013924,0.017116,0.015936,anodr
20051117_37051_0400_PP_1136.png,0.937934,0.019228,0.015653,0.015549,0.011636,anodr
20051117_37078_0400_PP_559.png,0.940511,0.013840,0.014566,0.016287,0.014796,anodr
20051117_37100_0400_PP_1083.png,0.942874,0.013289,0.014075,0.015626,0.014136,anodr
20051117_37130_0400_PP_938.png,0.939633,0.015138,0.014230,0.016684,0.014316,anodr
20051117_37155_0400_PP_84.png,0.938340,0.012578,0.017627,0.016648,0.014807,anodr
20051117_37185_0400_PP_404.png,0.940893,0.018543,0.013026,0.014561,0.012977,anodr
20051117_37321_0400_PP_947.png,0.938902,0.013952,0.015436,0.017806,0.013903,anodr
20051130_53586_0400_PP_1121.png,0.941218,0.019839,0.012894,0.014525,0.011524,anodr
20051130_53623_0400_PP_894.png,0.946095,0.013010,0.014306,0.013673,0.012916,anodr
20051130_53663_0400_PP_510.png,0.940067,0.012891,0.017469,0.014862,0.014711,anodr
20051130_53991_0400_PP_277.png,0.943566,0.015390,0.013254,0.015344,0.012446,anodr
20051130_54030_0400_PP_946.png,0.941393,0.016813,0.013486,0.016768,0.011539,anodr
20051130_54077_0400_PP_1117.png,0.941771,0.015756,0.014916,0.014874,0.012682,anodr
20051130_54121_0400_PP_1281.png,0.939633,0.017083,0.015720,0.014270,0.013294,anodr
20051130_54257_0400_PP_506.png,0.937503,0.018165,0.015130,0.013470,0.015733,anodr
20051130_54301_0400_PP_93.png,0.938644,0.020167,0.013632,0.012967,0.014590,anodr
20051130_54323_0400_PP_978.png,0.940673,0.021701,0.011673,0.015155,0.010798,anodr
20051130_54476_0400_PP_394.png,0.943868,0.014084,0.015313,0.014159,0.012577,anodr
20051130_54498_0400_PP_1217.png,0.944999,0.014381,0.013999,0.014322,0.012300,anodr
20051130_54595_0400_PP_940.png,0.214123,0.751842,0.008542,0.012837,0.012656,bmilddr
20051130_54802_0400_PP_550.png,0.942984,0.015693,0.012774,0.015634,0.012915,anodr
20051130_54846_0400_PP_289.png,0.943558,0.015185,0.013100,0.014751,0.013406,anodr
20051130_54943_0400_PP_1044.png,0.942533,0.014158,0.013765,0.014334,0.015211,anodr
20051130_54956_0400_PP_875.png,0.941441,0.015071,0.015039,0.014828,0.013621,anodr
20051130_55004_0400_PP_1259.png,0.940691,0.017959,0.014196,0.014241,0.012913,anodr
20051130_55012_0400_PP_865.png,0.930667,0.014473,0.016066,0.011490,0.027305,anodr
20051130_55037_0400_PP_443.png,0.942362,0.014737,0.013497,0.015149,0.014255,anodr
20051130_55048_0400_PP_921.png,0.943642,0.014116,0.012809,0.014711,0.014723,anodr
20051130_55074_0400_PP_986.png,0.941542,0.015599,0.015623,0.014602,0.012634,anodr
20051130_55086_0400_PP_1152.png,0.942784,0.018865,0.014813,0.012929,0.010609,anodr
20051130_55107_0400_PP_316.png,0.940808,0.016955,0.012688,0.015650,0.013899,anodr
20051130_55160_0400_PP_1182.png,0.889910,0.013898,0.073437,0.011628,0.011128,anodr
20051130_55269_0400_PP_820.png,0.940862,0.017780,0.013413,0.013752,0.014193,anodr
20051130_55311_0400_PP_896.png,0.942433,0.017982,0.012972,0.014239,0.012373,anodr
20051130_55323_0400_PP_883.png,0.940931,0.020229,0.012117,0.014381,0.012343,anodr
20051130_55381_0400_PP_504.png,0.944782,0.014052,0.012229,0.015359,0.013577,anodr
20051130_55393_0400_PP_1251.png,0.944121,0.014825,0.013550,0.013845,0.013659,anodr
20051130_58716_0400_PP_355.png,0.930468,0.011902,0.021340,0.017532,0.018758,anodr
20051130_58824_0400_PP_1181.png,0.925441,0.015549,0.017218,0.015465,0.026327,anodr
20051130_58874_0400_PP_1359.png,0.945806,0.013772,0.014806,0.012945,0.012672,anodr
20051130_58888_0400_PP_284.png,0.944223,0.015440,0.013960,0.012805,0.013571,anodr
20051130_58962_0400_PP_973.png,0.945056,0.016900,0.013749,0.011740,0.012554,anodr
20051130_58998_0400_PP_543.png,0.945582,0.014501,0.012328,0.014619,0.012970,anodr
20051130_59029_0400_PP_270.png,0.944435,0.014348,0.013311,0.015549,0.012357,anodr
20051130_59186_0400_PP_350.png,0.943168,0.017275,0.012956,0.014608,0.011993,anodr
20051130_59284_0400_PP_853.png,0.940675,0.017011,0.013633,0.015249,0.013432,anodr
20051130_59374_0400_PP_410.png,0.943824,0.015959,0.014118,0.014765,0.011334,anodr
20051130_59404_0400_PP_392.png,0.940130,0.018421,0.014503,0.013757,0.013189,anodr
20051130_59457_0400_PP_1053.png,0.941041,0.016147,0.015238,0.014506,0.013068,anodr
20051130_59464_0400_PP_1141.png,0.945232,0.014088,0.012894,0.014990,0.012796,anodr
20051130_59749_0400_PP_965.png,0.938942,0.018253,0.014176,0.014788,0.013841,anodr
20051130_59775_0400_PP_1224.png,0.943761,0.013755,0.015678,0.012141,0.014666,anodr
20051130_59793_0400_PP_926.png,0.943818,0.019670,0.012011,0.014579,0.009923,anodr
20051130_59802_0400_PP_430.png,0.941566,0.024076,0.010921,0.012807,0.010630,anodr
20051130_59850_0400_PP_36.png,0.945761,0.013862,0.013623,0.013860,0.012895,anodr
20051130_59869_0400_PP_520.png,0.944087,0.014639,0.013387,0.014162,0.013725,anodr
20051130_59964_0400_PP_312.png,0.942981,0.016907,0.013366,0.014102,0.012644,anodr
20051130_59993_0400_PP_439.png,0.940630,0.018478,0.013774,0.013686,0.013432,anodr
20051130_60040_0400_PP_1355.png,0.940553,0.015108,0.015005,0.015486,0.013848,anodr
20051130_60066_0400_PP_1170.png,0.942022,0.013851,0.016628,0.015928,0.011571,anodr
20051130_60186_0400_PP_1365.png,0.943128,0.017503,0.012656,0.013473,0.013240,anodr
20051130_60234_0400_PP_453.png,0.942321,0.015106,0.015228,0.013495,0.013850,anodr
20051130_60448_0400_PP_860.png,0.908420,0.015097,0.041653,0.016930,0.017901,anodr
20051130_60490_0400_PP_828.png,0.937120,0.013329,0.023064,0.013338,0.013149,anodr
20051130_60532_0400_PP_1052.png,0.923676,0.035092,0.013159,0.015015,0.013059,anodr
20051130_60562_0400_PP_121.png,0.699726,0.260749,0.013415,0.018996,0.007115,anodr
20051130_60601_0400_PP_146.png,0.942248,0.015499,0.015014,0.015019,0.012221,anodr
20051130_60630_0400_PP_60.png,0.940380,0.016719,0.014933,0.010908,0.017060,anodr
20051130_60691_0400_PP_939.png,0.938052,0.016757,0.018592,0.011653,0.014945,anodr
20051130_60715_0400_PP_555.png,0.896477,0.020779,0.053972,0.014842,0.013929,anodr
20051130_60740_0400_PP_1166.png,0.940906,0.017321,0.014073,0.015610,0.012090,anodr
20051130_60794_0400_PP_280.png,0.942607,0.019146,0.012489,0.014562,0.011196,anodr
20051130_60822_0400_PP_980.png,0.942024,0.017800,0.012907,0.014198,0.013071,anodr
20051201_37312_0400_PP_1333.png,0.888862,0.069836,0.011434,0.022417,0.007451,anodr
20051201_37337_0400_PP_839.png,0.946665,0.018528,0.011856,0.013078,0.009872,anodr
20051201_37382_0400_PP_1350.png,0.936998,0.020438,0.015023,0.015176,0.012364,anodr
20051201_37390_0400_PP_833.png,0.940740,0.017004,0.014166,0.015022,0.013069,anodr
20051201_37409_0400_PP_1340.png,0.941228,0.019801,0.012956,0.013761,0.012253,anodr
20051201_37462_0400_PP_357.png,0.942583,0.017755,0.011702,0.015398,0.012561,anodr
20051201_37534_0400_PP_906.png,0.932267,0.031051,0.011221,0.012969,0.012492,anodr
20051201_37557_0400_PP_1336.png,0.939537,0.019273,0.014350,0.014687,0.012153,anodr
20051201_38041_0400_PP_1312.png,0.940491,0.017733,0.013135,0.014686,0.013956,anodr
20051201_38081_0400_PP_963.png,0.944897,0.017710,0.012500,0.012045,0.012848,anodr
20051201_38103_0400_PP_81.png,0.939551,0.021828,0.016517,0.012817,0.009287,anodr
20051201_38137_0400_PP_391.png,0.932942,0.025251,0.012172,0.018231,0.011404,anodr
20051201_38155_0400_PP_112.png,0.928408,0.021563,0.012773,0.010667,0.026588,anodr
20051201_38164_0400_PP_881.png,0.939897,0.014894,0.017688,0.014548,0.012972,anodr
20051201_38199_0400_PP_1329.png,0.933885,0.025342,0.014003,0.014622,0.012149,anodr
20051201_38211_0400_PP_1174.png,0.929866,0.031783,0.014466,0.014464,0.009421,anodr
20051201_38246_0400_PP_1063.png,0.944359,0.014175,0.014965,0.013582,0.012919,anodr
20051201_38262_0400_PP_335.png,0.942789,0.016529,0.013967,0.014555,0.012160,anodr
20051201_38280_0400_PP_1103.png,0.940917,0.016946,0.014699,0.014097,0.013341,anodr
20051201_38291_0400_PP_468.png,0.944254,0.015487,0.014794,0.013153,0.012312,anodr
20051201_38321_0400_PP_903.png,0.938143,0.021088,0.012943,0.014971,0.012855,anodr
20051201_38349_0400_PP_892.png,0.939840,0.020279,0.013404,0.013557,0.012920,anodr
20051201_38466_0400_PP_572.png,0.944259,0.018792,0.012669,0.013264,0.011016,anodr
20051201_38475_0400_PP_560.png,0.939889,0.015534,0.014683,0.014410,0.015484,anodr
20051202_37162_0400_PP_29.png,0.939787,0.018629,0.016622,0.013341,0.011621,anodr
20051202_51599_0400_PP_966.png,0.942463,0.015641,0.013788,0.014828,0.013280,anodr
20051202_51616_0400_PP_1018.png,0.942428,0.015148,0.015397,0.014286,0.012742,anodr
20051205_57651_0400_PP_52.png,0.942363,0.019641,0.012456,0.013718,0.011821,anodr
20051205_57704_0400_PP_1167.png,0.944350,0.016266,0.012606,0.014656,0.012122,anodr
20051205_57757_0400_PP_1100.png,0.939881,0.017484,0.014371,0.014485,0.013778,anodr
20051205_57780_0400_PP_1102.png,0.943575,0.017375,0.013809,0.013506,0.011734,anodr
20051205_57799_0400_PP_868.png,0.936639,0.025772,0.015115,0.011973,0.010501,anodr
20051205_57809_0400_PP_1228.png,0.938020,0.023260,0.013174,0.014737,0.010809,anodr
20051205_57838_0400_PP_859.png,0.940354,0.015233,0.014820,0.015443,0.014149,anodr
20051205_57879_0400_PP_1254.png,0.943528,0.015105,0.012961,0.014753,0.013654,anodr
20051205_57942_0400_PP_990.png,0.942536,0.015386,0.013853,0.014306,0.013919,anodr
20051205_57988_0400_PP_1112.png,0.942552,0.014892,0.013899,0.014521,0.014138,anodr
20051205_58037_0400_PP_835.png,0.942052,0.016900,0.013971,0.014466,0.012612,anodr
20051205_58060_0400_PP_376.png,0.943954,0.014539,0.013696,0.013321,0.014491,anodr
20051205_58080_0400_PP_1034.png,0.944716,0.014365,0.011631,0.015783,0.013504,anodr
20051205_58091_0400_PP_292.png,0.943040,0.013948,0.013528,0.015635,0.013849,anodr
20051205_58109_0400_PP_1311.png,0.941446,0.017741,0.012917,0.014341,0.013555,anodr
20051205_58125_0400_PP_46.png,0.931609,0.028282,0.010290,0.016352,0.013468,anodr
20051205_58150_0400_PP_393.png,0.943054,0.016350,0.012641,0.014376,0.013579,anodr
20051205_58177_0400_PP_503.png,0.943137,0.016990,0.012632,0.014391,0.012850,anodr
20051205_58354_0400_PP_1282.png,0.942078,0.018766,0.011952,0.013642,0.013562,anodr
20051205_58373_0400_PP_55.png,0.938310,0.023913,0.011812,0.015008,0.010957,anodr
20051205_58409_0400_PP_985.png,0.939203,0.020449,0.013193,0.014267,0.012888,anodr
20051205_58431_0400_PP_493.png,0.941666,0.018116,0.013376,0.013410,0.013433,anodr
20051205_58458_0400_PP_309.png,0.941415,0.019147,0.012487,0.014328,0.012622,anodr
20051205_58502_0400_PP_482.png,0.942520,0.017583,0.012525,0.014130,0.013242,anodr
20051205_58613_0400_PP_843.png,0.943497,0.018718,0.011282,0.013996,0.012507,anodr
20051205_59240_0400_PP_301.png,0.943100,0.016018,0.012884,0.014823,0.013175,anodr
20051205_59337_0400_PP_945.png,0.942548,0.017326,0.013048,0.014509,0.012569,anodr
20051205_59351_0400_PP_332.png,0.943398,0.015862,0.013511,0.014912,0.012317,anodr
20051205_59367_0400_PP_816.png,0.938355,0.016410,0.018621,0.015062,0.011552,anodr
20051205_59379_0400_PP_842.png,0.944768,0.013364,0.013329,0.014258,0.014281,anodr
20051205_59510_0400_PP_329.png,0.941011,0.018313,0.014605,0.014505,0.011566,anodr
20051205_59538_0400_PP_534.png,0.943580,0.014775,0.013784,0.014829,0.013033,anodr
20051205_59617_0400_PP_1000.png,0.933881,0.026789,0.012926,0.014191,0.012214,anodr
20051205_59651_0400_PP_1164.png,0.941660,0.018199,0.013206,0.013805,0.013130,anodr
20051205_59738_0400_PP_119.png,0.944395,0.014344,0.014064,0.013479,0.013719,anodr
20051205_59754_0400_PP_880.png,0.944503,0.016973,0.011878,0.012143,0.014502,anodr
20051205_59833_0400_PP_531.png,0.943890,0.018296,0.013376,0.013086,0.011352,anodr
20051205_59858_0400_PP_523.png,0.945134,0.014784,0.015283,0.012175,0.012623,anodr
20051205_59901_0400_PP_417.png,0.945068,0.013439,0.014108,0.013972,0.013413,anodr
20051205_59923_0400_PP_1307.png,0.946819,0.014020,0.012533,0.013691,0.012936,anodr
20051205_60093_0400_PP_1286.png,0.943544,0.016017,0.012687,0.015075,0.012677,anodr
20051205_60119_0400_PP_451.png,0.943020,0.015378,0.014157,0.014299,0.013147,anodr
20051213_61406_0100_PP_1027.png,0.930770,0.018662,0.019407,0.014452,0.016709,anodr
20051213_61802_0100_PP_408.png,0.943853,0.016227,0.013307,0.014255,0.012358,anodr
20051213_61892_0100_PP_837.png,0.943247,0.017448,0.012062,0.014684,0.012558,anodr
20051213_61951_0100_PP_983.png,0.943847,0.016127,0.012566,0.014870,0.012590,anodr
20051213_62251_0100_PP_27.png,0.945287,0.014483,0.013700,0.014966,0.011564,anodr
20051213_62314_0100_PP_1325.png,0.945059,0.015491,0.013136,0.014054,0.012260,anodr
20051213_62518_0100_PP_821.png,0.944179,0.017571,0.013236,0.013978,0.011035,anodr
20051213_62572_0100_PP_1176.png,0.934835,0.023434,0.020963,0.012479,0.008290,anodr
20051214_40529_0100_PP_1120.png,0.941114,0.016702,0.014239,0.014231,0.013715,anodr
20051214_40767_0100_PP_1039.png,0.940399,0.019092,0.013094,0.015846,0.011568,anodr
20051214_40994_0100_PP_435.png,0.945336,0.013950,0.012668,0.014278,0.013768,anodr
20051214_41055_0100_PP_41.png,0.945296,0.012348,0.014691,0.014305,0.013361,anodr
20051214_42133_0100_PP_462.png,0.933544,0.032656,0.011998,0.012930,0.008872,anodr
20051214_42197_0100_PP_1288.png,0.935878,0.028849,0.011247,0.013193,0.010833,anodr
20051214_42323_0100_PP_845.png,0.947213,0.014104,0.013584,0.014199,0.010900,anodr
20051214_42363_0100_PP_42.png,0.947237,0.013859,0.014988,0.012518,0.011398,anodr
20051214_51178_0100_PP_1380.png,0.944177,0.015047,0.013846,0.014767,0.012163,anodr
20051214_51211_0100_PP_511.png,0.945317,0.014415,0.013622,0.014356,0.012289,anodr
20051214_51308_0100_PP_1342.png,0.936690,0.025790,0.013543,0.013469,0.010509,anodr
20051214_51342_0100_PP_970.png,0.944111,0.017418,0.013259,0.013944,0.011268,anodr
20051214_51442_0100_PP_28.png,0.936211,0.024676,0.014202,0.014880,0.010030,anodr
20051214_51469_0100_PP_1060.png,0.897906,0.063144,0.012659,0.017212,0.009079,anodr
20051214_56242_0100_PP_337.png,0.937019,0.022196,0.013204,0.017288,0.010293,anodr
20051214_56392_0100_PP_1037.png,0.944415,0.015018,0.013397,0.014477,0.012693,anodr
20051214_56438_0100_PP_22.png,0.942674,0.015561,0.014254,0.013972,0.013538,anodr
20051214_56636_0100_PP_128.png,0.937555,0.021743,0.015434,0.013465,0.011804,anodr
20051214_56688_0100_PP_120.png,0.942474,0.017487,0.013165,0.014255,0.012619,anodr
20051214_57761_0100_PP_356.png,0.941863,0.018943,0.014296,0.013917,0.010981,anodr
20051214_57817_0100_PP_876.png,0.935979,0.027653,0.011856,0.012400,0.012111,anodr
20051216_43913_0200_PP_1367.png,0.942642,0.016759,0.013200,0.013877,0.013521,anodr
20051216_44066_0200_PP_426.png,0.913957,0.013674,0.048026,0.012426,0.011917,anodr
20051216_44092_0200_PP_1090.png,0.894459,0.027785,0.053610,0.010108,0.014038,anodr
20051216_44221_0200_PP_548.png,0.944512,0.016428,0.011807,0.014023,0.013231,anodr
20051216_44252_0200_PP_952.png,0.944669,0.015908,0.013612,0.014017,0.011794,anodr
20051216_44398_0200_PP_1235.png,0.943637,0.017672,0.013284,0.013689,0.011718,anodr
20051216_44420_0200_PP_379.png,0.944494,0.014775,0.013912,0.014044,0.012775,anodr
20051216_44635_0200_PP_415.png,0.940075,0.019765,0.014754,0.013314,0.012091,anodr
20051216_44660_0200_PP_888.png,0.943005,0.016257,0.013176,0.013970,0.013592,anodr
20051216_44811_0200_PP_567.png,0.944908,0.015823,0.015800,0.011260,0.012210,anodr
20051216_44832_0200_PP_1082.png,0.943519,0.015088,0.014555,0.014323,0.012514,anodr
20051216_45076_0200_PP_818.png,0.915851,0.032641,0.016176,0.018724,0.016607,anodr
20051216_45499_0200_PP_1071.png,0.943965,0.015477,0.013631,0.014369,0.012557,anodr
20051216_45781_0200_PP_320.png,0.926201,0.036950,0.011545,0.013786,0.011518,anodr
20051216_45873_0200_PP_832.png,0.944218,0.016657,0.014094,0.013461,0.011570,anodr
20051216_45992_0200_PP_341.png,0.905476,0.055467,0.017001,0.012143,0.009914,anodr
20051216_46018_0200_PP_1216.png,0.941597,0.018957,0.016176,0.013270,0.010000,anodr
20051216_46183_0200_PP_1204.png,0.944261,0.018115,0.012829,0.013557,0.011238,anodr
20051216_47514_0200_PP_110.png,0.935208,0.029902,0.011737,0.012853,0.010299,anodr
20051216_47536_0200_PP_1339.png,0.942340,0.019031,0.012455,0.013691,0.012483,anodr
20060407_38711_0200_PP_283.png,0.941612,0.019826,0.013936,0.012343,0.012283,anodr
20060407_38970_0200_PP_1111.png,0.934466,0.030039,0.014023,0.011417,0.010055,anodr
20060407_39155_0200_PP_855.png,0.946368,0.013644,0.013368,0.013935,0.012685,anodr
20060407_39184_0200_PP_373.png,0.943985,0.012112,0.015147,0.013670,0.015086,anodr
20060407_39306_0200_PP_1074.png,0.943192,0.016052,0.014623,0.013301,0.012832,anodr
20060407_39328_0200_PP_893.png,0.943386,0.015328,0.015571,0.013340,0.012376,anodr
20060407_39435_0200_PP_1214.png,0.017051,0.905127,0.054668,0.012840,0.010316,bmilddr
20060407_39546_0200_PP_545.png,0.938074,0.024222,0.012309,0.014403,0.010992,anodr
20060407_39567_0200_PP_1168.png,0.938137,0.022552,0.011950,0.015075,0.012285,anodr
20060407_39687_0200_PP_101.png,0.939945,0.020652,0.012823,0.013412,0.013168,anodr
20060407_39761_0200_PP_518.png,0.939031,0.022055,0.012882,0.013749,0.012283,anodr
20060407_39780_0200_PP_1006.png,0.941938,0.019060,0.013134,0.013895,0.011973,anodr
20060407_40740_0200_PP_314.png,0.150669,0.778261,0.042694,0.015428,0.012948,bmilddr
20060407_40761_0200_PP_282.png,0.937144,0.018778,0.016620,0.013905,0.013552,anodr
20060407_41149_0200_PP_26.png,0.941798,0.016146,0.019949,0.011227,0.010880,anodr
20060407_41177_0200_PP_1104.png,0.944019,0.014162,0.018762,0.011881,0.011176,anodr
20060407_41312_0200_PP_895.png,0.943206,0.017087,0.012663,0.013936,0.013108,anodr
20060407_41980_0200_PP_1347.png,0.945475,0.015782,0.013281,0.012789,0.012672,anodr
20060407_42099_0200_PP_77.png,0.940079,0.017125,0.013268,0.015018,0.014511,anodr
20060407_42133_0200_PP_488.png,0.941584,0.016900,0.013381,0.013424,0.014711,anodr
20060407_42290_0200_PP_1107.png,0.936402,0.013131,0.024108,0.013088,0.013271,anodr
20060407_42308_0200_PP_1278.png,0.942312,0.014375,0.014969,0.014004,0.014340,anodr
20060407_43223_0200_PP_47.png,0.048669,0.023585,0.910726,0.009801,0.007218,cmoderatedr
20060407_43258_0200_PP_118.png,0.944573,0.019630,0.011990,0.012305,0.011503,anodr
20060407_43594_0200_PP_140.png,0.939524,0.020069,0.012747,0.014224,0.013437,anodr
20060407_43618_0200_PP_867.png,0.942961,0.017539,0.012610,0.014893,0.011997,anodr
20060407_43726_0200_PP_1128.png,0.943650,0.017341,0.012564,0.014222,0.012224,anodr
20060407_43746_0200_PP_1058.png,0.943511,0.017424,0.012460,0.013770,0.012835,anodr
20060407_43834_0200_PP_1162.png,0.943289,0.015983,0.016607,0.012404,0.011717,anodr
20060407_43856_0200_PP_862.png,0.929257,0.032639,0.014492,0.011205,0.012407,anodr
20060407_44042_0200_PP_1047.png,0.943248,0.015918,0.013700,0.014108,0.013026,anodr
20060407_44061_0200_PP_295.png,0.943173,0.015126,0.013505,0.014401,0.013796,anodr
20060407_44400_0200_PP_956.png,0.938993,0.016385,0.017620,0.014853,0.012149,anodr
20060407_44422_0200_PP_847.png,0.946719,0.014009,0.013162,0.013683,0.012427,anodr
20060407_44510_0200_PP_48.png,0.946802,0.012592,0.014319,0.014843,0.011444,anodr
20060407_44529_0200_PP_1212.png,0.943318,0.014277,0.016310,0.014268,0.011828,anodr
20060407_44743_0200_PP_824.png,0.938074,0.024296,0.011671,0.013269,0.012689,anodr
20060407_44766_0200_PP_89.png,0.941652,0.018556,0.013106,0.013356,0.013331,anodr
20060407_44866_0200_PP_293.png,0.941708,0.020564,0.013345,0.013957,0.010426,anodr
20060407_44889_0200_PP_830.png,0.937591,0.017612,0.014288,0.015428,0.015081,anodr
20060407_45107_0200_PP_1345.png,0.942632,0.019060,0.011662,0.013626,0.013020,anodr
20060407_45230_0200_PP_1297.png,0.944510,0.015552,0.014727,0.013537,0.011675,anodr
20060407_45247_0200_PP_1159.png,0.941858,0.015473,0.014342,0.012564,0.015763,anodr
20060407_45718_0200_PP_400.png,0.026382,0.068577,0.881614,0.016475,0.006952,cmoderatedr
20060407_45737_0200_PP_1089.png,0.879820,0.074936,0.014422,0.019455,0.011367,anodr
20060407_45834_0200_PP_1219.png,0.941725,0.017400,0.013631,0.013802,0.013442,anodr
20060407_45852_0200_PP_287.png,0.942035,0.018251,0.013384,0.013388,0.012942,anodr
20060407_45949_0200_PP_38.png,0.944106,0.013463,0.014803,0.014634,0.012994,anodr
20060407_46070_0200_PP_1236.png,0.901574,0.057251,0.014610,0.015545,0.011020,anodr
20060407_46235_0200_PP_566.png,0.942499,0.016265,0.013709,0.012916,0.014611,anodr
20060407_46257_0200_PP_827.png,0.940141,0.016643,0.014096,0.013112,0.016008,anodr
20060410_39047_0200_PP_457.png,0.942179,0.014969,0.014707,0.014569,0.013576,anodr
20060410_39075_0200_PP_953.png,0.941971,0.013531,0.016490,0.014063,0.013945,anodr
20060410_39229_0200_PP_1372.png,0.944831,0.016268,0.012899,0.013747,0.012254,anodr
20060410_39476_0200_PP_403.png,0.941411,0.017962,0.013810,0.014745,0.012072,anodr
20060410_39500_0200_PP_73.png,0.945371,0.015740,0.013201,0.013788,0.011900,anodr
20060410_39586_0200_PP_574.png,0.939978,0.019757,0.013092,0.014282,0.012891,anodr
20060410_39606_0200_PP_1148.png,0.938170,0.019820,0.013062,0.015333,0.013614,anodr
20060410_39695_0200_PP_1008.png,0.924053,0.021390,0.033631,0.011296,0.009630,anodr
20060410_39859_0200_PP_296.png,0.912777,0.048697,0.014157,0.012662,0.011707,anodr
20060410_39879_0200_PP_951.png,0.939625,0.021837,0.011963,0.012776,0.013800,anodr
20060410_39994_0200_PP_1378.png,0.940758,0.019296,0.013218,0.013373,0.013355,anodr
20060410_40403_0200_PP_1273.png,0.940667,0.017259,0.013420,0.009954,0.018699,anodr
20060410_40499_0200_PP_15.png,0.943643,0.014164,0.015724,0.013893,0.012577,anodr
20060410_40633_0200_PP_869.png,0.945650,0.016059,0.012796,0.012545,0.012950,anodr
20060410_40846_0200_PP_414.png,0.935249,0.030093,0.011402,0.012489,0.010768,anodr
20060410_40953_0200_PP_1362.png,0.938738,0.020580,0.013490,0.014796,0.012395,anodr
20060410_40979_0200_PP_1017.png,0.556093,0.396430,0.016063,0.022052,0.009362,anodr
20060410_41098_0200_PP_912.png,0.934617,0.029354,0.013200,0.012455,0.010374,anodr
20060410_41191_0200_PP_1364.png,0.943911,0.016571,0.014962,0.012248,0.012307,anodr
20060410_41209_0200_PP_1115.png,0.942503,0.019751,0.012664,0.011989,0.013094,anodr
20060410_41603_0200_PP_64.png,0.943461,0.017395,0.012651,0.014053,0.012441,anodr
20060410_41880_0200_PP_1266.png,0.945378,0.015065,0.019464,0.010703,0.009390,anodr
20060410_41901_0200_PP_1068.png,0.943389,0.013653,0.015041,0.012534,0.015383,anodr
20060410_43847_0200_PP_273.png,0.942649,0.017607,0.013918,0.013578,0.012247,anodr
20060410_43868_0200_PP_874.png,0.940072,0.016814,0.014711,0.013188,0.015215,anodr
20060410_43979_0200_PP_276.png,0.914441,0.049115,0.015131,0.008289,0.013025,anodr
20060410_44345_0200_PP_1011.png,0.943380,0.013038,0.018935,0.012397,0.012249,anodr
20060410_44364_0200_PP_1274.png,0.943749,0.015148,0.013265,0.014165,0.013673,anodr
20060410_44464_0200_PP_1255.png,0.945718,0.014777,0.012886,0.013620,0.012998,anodr
20060410_44504_0200_PP_474.png,0.945147,0.014324,0.013555,0.014012,0.012962,anodr
20060410_44601_0200_PP_1013.png,0.941242,0.018732,0.013800,0.014087,0.012139,anodr
20060410_44770_0200_PP_1320.png,0.019279,0.030010,0.916138,0.010198,0.024375,cmoderatedr
20060410_44802_0200_PP_1069.png,0.161417,0.076781,0.671264,0.019012,0.071525,cmoderatedr
20060410_44934_0200_PP_418.png,0.944154,0.017302,0.012448,0.013679,0.012417,anodr
20060410_45167_0200_PP_549.png,0.941447,0.017845,0.013967,0.014128,0.012613,anodr
20060410_45188_0200_PP_544.png,0.940046,0.017128,0.014375,0.014425,0.014026,anodr
20060410_47186_0200_PP_1143.png,0.944451,0.024342,0.010823,0.011154,0.009229,anodr
20060411_58071_0200_PP_1022.png,0.940703,0.020155,0.013356,0.013901,0.011885,anodr
20060411_58392_0200_PP_34.png,0.928194,0.033885,0.013770,0.012533,0.011618,anodr
20060411_58413_0200_PP_358.png,0.944829,0.016797,0.013360,0.012652,0.012363,anodr
20060411_58469_0200_PP_982.png,0.945157,0.012722,0.015197,0.014876,0.012049,anodr
20060411_58494_0200_PP_452.png,0.946550,0.013648,0.013575,0.014288,0.011939,anodr
20060411_58571_0200_PP_148.png,0.943045,0.017199,0.013392,0.013217,0.013148,anodr
20060411_58644_0200_PP_538.png,0.937113,0.024072,0.014416,0.012912,0.011488,anodr
20060411_58808_0200_PP_125.png,0.940170,0.017604,0.013935,0.014462,0.013829,anodr
20060411_58829_0200_PP_1091.png,0.940985,0.014348,0.014417,0.014801,0.015448,anodr
20060411_58891_0200_PP_929.png,0.943042,0.016532,0.013386,0.014000,0.013039,anodr
20060411_58913_0200_PP_1356.png,0.942326,0.013406,0.016491,0.013486,0.014291,anodr
20060411_60511_0200_PP_351.png,0.943935,0.017318,0.012711,0.013215,0.012821,anodr
20060411_61687_0200_PP_431.png,0.939444,0.017129,0.016098,0.013080,0.014250,anodr
20060411_61702_0200_PP_1040.png,0.944185,0.014350,0.015792,0.012730,0.012942,anodr
20060411_61869_0200_PP_955.png,0.940795,0.017740,0.013545,0.014152,0.013769,anodr
20060411_61901_0200_PP_288.png,0.938551,0.021263,0.012611,0.014955,0.012620,anodr
20060411_62036_0200_PP_59.png,0.942192,0.015757,0.015086,0.013749,0.013216,anodr
20060411_62058_0200_PP_948.png,0.944658,0.013504,0.012860,0.014832,0.014146,anodr
20060411_62162_0200_PP_97.png,0.867536,0.023763,0.089356,0.010281,0.009065,anodr
20060412_51835_0200_PP_1331.png,0.921018,0.028330,0.032006,0.009645,0.009002,anodr
20060412_51860_0200_PP_890.png,0.073897,0.515837,0.385159,0.014160,0.010948,bmilddr
20060412_52098_0200_PP_491.png,0.943012,0.020418,0.012085,0.013254,0.011231,anodr
20060412_52351_0200_PP_944.png,0.944922,0.017198,0.013156,0.013660,0.011065,anodr
20060412_52371_0200_PP_354.png,0.932808,0.017657,0.028800,0.011698,0.009036,anodr
20060412_52425_0200_PP_1292.png,0.945333,0.014767,0.013218,0.013244,0.013437,anodr
20060412_52446_0200_PP_533.png,0.946318,0.012231,0.015782,0.012803,0.012866,anodr
20060412_52606_0200_PP_1046.png,0.944684,0.015906,0.013383,0.014343,0.011684,anodr
20060412_52840_0200_PP_343.png,0.936125,0.027057,0.012629,0.014560,0.009630,anodr
20060412_57874_0200_PP_108.png,0.942045,0.020515,0.013326,0.012030,0.012084,anodr
20060412_57952_0200_PP_388.png,0.942076,0.015993,0.013768,0.014331,0.013832,anodr
20060412_57974_0200_PP_94.png,0.943896,0.016425,0.013290,0.013197,0.013193,anodr
20060412_58032_0200_PP_994.png,0.927533,0.036049,0.011833,0.012546,0.012039,anodr
20060412_58054_0200_PP_825.png,0.930520,0.029384,0.013902,0.012789,0.013405,anodr
20060412_58137_0200_PP_1215.png,0.940055,0.017774,0.014440,0.014311,0.013420,anodr
20060412_58723_0200_PP_1153.png,0.944929,0.016428,0.012375,0.013382,0.012886,anodr
20060412_58802_0200_PP_925.png,0.939525,0.021797,0.012814,0.014229,0.011635,anodr
20060412_58819_0200_PP_942.png,0.943748,0.016538,0.012776,0.014335,0.012604,anodr
20060412_59175_0200_PP_852.png,0.939230,0.021223,0.016427,0.013166,0.009955,anodr
20060412_59196_0200_PP_1021.png,0.946322,0.015245,0.013451,0.013939,0.011042,anodr
20060412_59259_0200_PP_364.png,0.944228,0.017756,0.013238,0.013183,0.011596,anodr
20060412_59338_0200_PP_423.png,0.925549,0.027333,0.020678,0.016194,0.010246,anodr
20060412_59355_0200_PP_977.png,0.942017,0.019408,0.012464,0.014262,0.011848,anodr
20060412_60751_0200_PP_822.png,0.941990,0.016444,0.013169,0.015184,0.013214,anodr
20060412_60773_0200_PP_319.png,0.942978,0.016043,0.012955,0.014984,0.013040,anodr
20060412_61064_0200_PP_1114.png,0.944241,0.015951,0.014235,0.013248,0.012325,anodr
20060412_61365_0200_PP_274.png,0.944224,0.015642,0.013030,0.013935,0.013168,anodr
20060412_61383_0200_PP_334.png,0.944571,0.016744,0.012692,0.013353,0.012640,anodr
20060412_61433_0200_PP_1072.png,0.932924,0.013976,0.023034,0.013800,0.016266,anodr
20060412_61450_0200_PP_1002.png,0.942799,0.014075,0.015180,0.014118,0.013828,anodr
20060412_61525_0200_PP_889.png,0.941270,0.013692,0.018020,0.014053,0.012965,anodr
20060412_61665_0200_PP_1324.png,0.940358,0.016855,0.014763,0.014461,0.013563,anodr
20060412_61790_0200_PP_12.png,0.944050,0.015479,0.013911,0.014456,0.012104,anodr
20060522_43758_0100_PP_988.png,0.943612,0.014820,0.013938,0.014246,0.013385,anodr
20060522_45777_0100_PP_1327.png,0.940907,0.017059,0.016649,0.016761,0.008624,anodr
20060522_45796_0100_PP_1360.png,0.942228,0.019562,0.013004,0.014470,0.010736,anodr
20060522_45853_0100_PP_813.png,0.930897,0.012374,0.019149,0.015226,0.022354,anodr
20060522_45873_0100_PP_1192.png,0.907278,0.013325,0.018396,0.010250,0.050751,anodr
20060522_46104_0100_PP_1302.png,0.942563,0.015565,0.013603,0.015237,0.013032,anodr
20060522_46149_0100_PP_1012.png,0.943933,0.016806,0.012677,0.013691,0.012894,anodr
20060522_46379_0100_PP_1348.png,0.919096,0.046500,0.011544,0.012574,0.010286,anodr
20060522_46400_0100_PP_957.png,0.129015,0.830398,0.010162,0.017745,0.012679,bmilddr
20060523_42953_0100_PP_409.png,0.943710,0.014780,0.014117,0.013603,0.013789,anodr
20060523_43105_0100_PP_1156.png,0.942051,0.016148,0.012860,0.014315,0.014626,anodr
20060523_43123_0100_PP_123.png,0.944346,0.014200,0.013227,0.014218,0.014009,anodr
20060523_43248_0100_PP_80.png,0.936095,0.024390,0.011165,0.015131,0.013219,anodr
20060523_43333_0100_PP_551.png,0.798973,0.159443,0.009550,0.020642,0.011393,anodr
20060523_43354_0100_PP_1093.png,0.939143,0.019896,0.012712,0.014949,0.013300,anodr
20060523_45300_0100_PP_21.png,0.942188,0.016012,0.013149,0.016068,0.012583,anodr
20060523_45316_0100_PP_1213.png,0.945351,0.013905,0.015375,0.013397,0.011972,anodr
20060523_45449_0100_PP_1269.png,0.931566,0.024254,0.023254,0.009612,0.011315,anodr
20060523_45467_0100_PP_44.png,0.928097,0.021681,0.024486,0.010307,0.015430,anodr
20060523_45524_0100_PP_428.png,0.945890,0.017903,0.012119,0.012694,0.011393,anodr
20060523_45548_0100_PP_1229.png,0.944864,0.016856,0.012479,0.013470,0.012331,anodr
20060523_47987_0100_PP_844.png,0.944398,0.018183,0.012197,0.013417,0.011805,anodr
20060523_48005_0100_PP_877.png,0.942403,0.021702,0.011869,0.013062,0.010963,anodr
20060523_48136_0100_PP_856.png,0.731161,0.029899,0.212672,0.013157,0.013110,anodr
20060523_48161_0100_PP_385.png,0.676377,0.028796,0.266046,0.013958,0.014824,anodr
20060523_48406_0100_PP_1056.png,0.946548,0.014798,0.013128,0.014106,0.011419,anodr
20060523_48591_0100_PP_1317.png,0.906436,0.048731,0.013214,0.018859,0.012760,anodr
20060523_48709_0100_PP_541.png,0.924175,0.037269,0.012412,0.016213,0.009931,anodr
20060523_48728_0100_PP_1375.png,0.935883,0.025023,0.014215,0.015249,0.009630,anodr
20060523_48890_0100_PP_1338.png,0.942212,0.015398,0.013841,0.015353,0.013196,anodr
20060523_48931_0100_PP_16.png,0.941832,0.018481,0.013594,0.014826,0.011268,anodr
20060523_49100_0100_PP_307.png,0.941271,0.017997,0.011994,0.015207,0.013530,anodr
20060523_49120_0100_PP_85.png,0.942885,0.015482,0.013889,0.015425,0.012319,anodr
20060523_49176_0100_PP_366.png,0.918549,0.044933,0.019647,0.010128,0.006745,anodr
20060523_49191_0100_PP_476.png,0.930887,0.015209,0.017160,0.014728,0.022016,anodr
20060523_49515_0100_PP_375.png,0.942687,0.014696,0.014379,0.014229,0.014008,anodr
20060523_49573_0100_PP_919.png,0.943044,0.014530,0.013846,0.015232,0.013348,anodr
20060523_49663_0100_PP_455.png,0.936504,0.020205,0.015512,0.014692,0.013087,anodr
20060523_49681_0100_PP_1363.png,0.940966,0.015319,0.018533,0.013920,0.011262,anodr
20060523_49726_0100_PP_989.png,0.942149,0.020487,0.011679,0.014368,0.011317,anodr
20060523_49745_0100_PP_1108.png,0.938513,0.023945,0.011317,0.014575,0.011649,anodr
20060523_50153_0100_PP_558.png,0.945007,0.013428,0.015985,0.013145,0.012435,anodr
20060523_50325_0100_PP_1051.png,0.941556,0.017778,0.012862,0.015319,0.012485,anodr
20060523_50342_0100_PP_1211.png,0.943315,0.015805,0.012626,0.015840,0.012412,anodr
20060523_50616_0100_PP_136.png,0.941367,0.019603,0.013293,0.013878,0.011859,anodr
20060523_50631_0100_PP_91.png,0.946079,0.016806,0.013224,0.012601,0.011291,anodr
20060529_56013_0100_PP_1065.png,0.945596,0.015231,0.015443,0.013592,0.010137,anodr
20060529_56039_0100_PP_931.png,0.946170,0.012723,0.014556,0.014482,0.012069,anodr
20060529_56420_0100_PP_466.png,0.940909,0.015351,0.015797,0.015597,0.012346,anodr
20060529_56442_0100_PP_75.png,0.941463,0.014428,0.013757,0.015220,0.015132,anodr
20060529_56563_0100_PP_100.png,0.911488,0.048857,0.017723,0.014211,0.007721,anodr
20060529_56592_0100_PP_381.png,0.936910,0.022142,0.016550,0.015287,0.009111,anodr
20060529_56948_0100_PP_857.png,0.942077,0.018074,0.012613,0.015303,0.011933,anodr
20060529_56968_0100_PP_1131.png,0.943801,0.017812,0.014631,0.014675,0.009082,anodr
20060529_57261_0100_PP_1059.png,0.671096,0.272222,0.015347,0.029282,0.012053,anodr
20060529_57287_0100_PP_1172.png,0.896849,0.063303,0.012201,0.019868,0.007779,anodr
20060529_57351_0100_PP_1206.png,0.942699,0.014478,0.015042,0.015170,0.012610,anodr
20060529_57372_0100_PP_532.png,0.944334,0.015124,0.012161,0.014462,0.013919,anodr
20060530_51254_0100_PP_516.png,0.945765,0.014901,0.013361,0.014717,0.011257,anodr
20060530_51279_0100_PP_67.png,0.944666,0.015927,0.013002,0.013981,0.012424,anodr
20060530_53042_0100_PP_469.png,0.937109,0.024613,0.011469,0.015001,0.011808,anodr
20060530_53062_0100_PP_1377.png,0.946032,0.018487,0.011824,0.012497,0.011160,anodr
20060530_53132_0100_PP_899.png,0.944813,0.015911,0.013988,0.014521,0.010767,anodr
20060530_53152_0100_PP_1227.png,0.942622,0.016367,0.013309,0.014635,0.013066,anodr
20060530_53597_0100_PP_565.png,0.939370,0.020847,0.013379,0.014336,0.012069,anodr
20060530_53742_0100_PP_1137.png,0.938990,0.022833,0.014329,0.014041,0.009807,anodr
20060530_53761_0100_PP_1160.png,0.935554,0.025795,0.013830,0.013967,0.010855,anodr
20060530_53816_0100_PP_1135.png,0.943104,0.016082,0.012154,0.014712,0.013948,anodr
20060530_53836_0100_PP_1343.png,0.941685,0.016040,0.012738,0.015456,0.014082,anodr
20060530_53928_0100_PP_353.png,0.886550,0.063321,0.029088,0.012529,0.008512,anodr
20060530_53954_0100_PP_103.png,0.943552,0.017211,0.013493,0.014871,0.010874,anodr
20060530_55180_0100_PP_1124.png,0.942925,0.016875,0.012644,0.015024,0.012532,anodr
20060530_55607_0100_PP_1222.png,0.942514,0.019422,0.014196,0.012255,0.011613,anodr
IM000056_1358.png,0.935586,0.022960,0.014665,0.013995,0.012793,anodr
IM000057_872.png,0.734204,0.050911,0.157312,0.016304,0.041269,anodr
IM000072_1306.png,0.941004,0.014293,0.015185,0.013131,0.016387,anodr
IM000073_70.png,0.944832,0.014446,0.012522,0.014204,0.013996,anodr
IM000080_434.png,0.081485,0.154163,0.729668,0.021942,0.012743,cmoderatedr
IM000086_333.png,0.940691,0.017998,0.013425,0.013444,0.014442,anodr
IM000087_331.png,0.939280,0.015900,0.014571,0.015490,0.014759,anodr
IM000100_1007.png,0.933580,0.024278,0.015466,0.014891,0.011785,anodr
IM000101_1070.png,0.936760,0.023662,0.014667,0.012931,0.011979,anodr
IM000107_863.png,0.057402,0.752396,0.133989,0.023760,0.032453,bmilddr
IM000108_991.png,0.410411,0.511004,0.035256,0.019181,0.024148,bmilddr
IM000114_349.png,0.939399,0.015660,0.016934,0.013604,0.014403,anodr
IM000115_512.png,0.933747,0.018516,0.020600,0.011510,0.015627,anodr
