filename,prob_anodr,prob_bmilddr,prob_cmoderatedr,prob_dseveredr,prob_eproliferativedr,predicted
20051020_43808_0100_PP_967.png,0.999456,0.000528,0.000014,0.000001,0.000002,anodr
20051020_44261_0100_PP_1191.png,0.999438,0.000556,0.000004,0.000000,0.000002,anodr
20051020_44284_0100_PP_502.png,0.999557,0.000424,0.000009,0.000002,0.000008,anodr
20051020_44338_0100_PP_547.png,0.997437,0.002248,0.000262,0.000003,0.000050,anodr
20051020_44400_0100_PP_920.png,0.971825,0.027767,0.000383,0.000003,0.000022,anodr
20051020_44431_0100_PP_514.png,0.980711,0.019183,0.000097,0.000001,0.000009,anodr
20051020_44692_0100_PP_419.png,0.999608,0.000388,0.000003,0.000000,0.000001,anodr
20051020_44714_0100_PP_1199.png,0.998256,0.001737,0.000004,0.000000,0.000002,anodr
20051020_44982_0100_PP_486.png,0.676821,0.318628,0.004374,0.000025,0.000152,anodr
20051020_56791_0100_PP_1185.png,0.993497,0.006475,0.000021,0.000001,0.000006,anodr
20051020_57157_0100_PP_971.png,0.527117,0.468284,0.004557,0.000008,0.000034,anodr
20051020_57967_0100_PP_829.png,0.999961,0.000038,0.000000,0.000000,0.000000,anodr
20051020_58065_0100_PP_561.png,0.999963,0.000037,0.000000,0.000000,0.000000,anodr
20051020_61757_0100_PP_484.png,0.999989,0.000010,0.000000,0.000000,0.000000,anodr
20051020_62461_0100_PP_76.png,0.719910,0.231525,0.047788,0.000112,0.000665,anodr
20051020_62510_0100_PP_106.png,0.406448,0.219232,0.361417,0.001539,0.011364,anodr
20051020_62577_0100_PP_479.png,0.999734,0.000257,0.000008,0.000001,0.000001,anodr
20051020_62615_0100_PP_294.png,0.999662,0.000334,0.000003,0.000000,0.000001,anodr
20051020_63269_0100_PP_1183.png,0.993032,0.006907,0.000058,0.000000,0.000003,anodr
20051020_63337_0100_PP_471.png,0.995498,0.004485,0.000014,0.000000,0.000003,anodr
20051020_64249_0100_PP_1004.png,0.999148,0.000840,0.000008,0.000001,0.000004,anodr
20051020_64388_0100_PP_1194.png,0.999986,0.000014,0.000000,0.000000,0.000000,anodr
20051020_64653_0100_PP_124.png,0.999945,0.000054,0.000000,0.000000,0.000000,anodr
20051020_64775_0100_PP_480.png,0.999795,0.000204,0.000001,0.000000,0.000001,anodr
20051020_64836_0100_PP_1270.png,0.999936,0.000063,0.000000,0.000000,0.000000,anodr
20051021_36380_0100_PP_135.png,0.999541,0.000456,0.000002,0.000000,0.000001,anodr
20051021_36476_0100_PP_1243.png,0.999586,0.000409,0.000004,0.000000,0.000001,anodr
20051021_39845_0100_PP_315.png,0.999706,0.000292,0.000001,0.000000,0.000001,anodr
20051021_39914_0100_PP_1352.png,0.992533,0.007428,0.000035,0.000001,0.000003,anodr
20051021_51418_0100_PP_18.png,0.999912,0.000087,0.000001,0.000000,0.000001,anodr
20051021_51476_0100_PP_150.png,0.998837,0.001099,0.000060,0.000000,0.000003,anodr
20051021_51936_0100_PP_1379.png,0.990399,0.009476,0.000104,0.000002,0.000019,anodr
20051021_51994_0100_PP_1283.png,0.959573,0.040123,0.000249,0.000004,0.000050,anodr
20051021_57798_0100_PP_1322.png,0.971575,0.028273,0.000121,0.000003,0.000028,anodr
20051021_57862_0100_PP_372.png,0.938374,0.061183,0.000413,0.000004,0.000027,anodr
20051021_57975_0100_PP_517.png,0.999793,0.000201,0.000006,0.000000,0.000001,anodr
20051021_58035_0100_PP_1138.png,0.999769,0.000228,0.000002,0.000000,0.000000,anodr
20051021_58388_0100_PP_1300.png,0.999710,0.000285,0.000002,0.000000,0.000002,anodr
20051021_58522_0100_PP_50.png,0.999944,0.000055,0.000000,0.000000,0.000000,anodr
20051109_57843_0400_PP_1109.png,0.999171,0.000820,0.000008,0.000000,0.000001,anodr
20051109_59969_0400_PP_1079.png,0.991556,0.008369,0.000051,0.000002,0.000022,anodr
20051109_60031_0400_PP_528.png,0.963786,0.034196,0.001798,0.000032,0.000189,anodr
20051109_60136_0400_PP_905.png,0.997619,0.002347,0.000021,0.000001,0.000012,anodr
20051110_33960_0400_PP_35.png,0.995832,0.004112,0.000043,0.000001,0.000012,anodr
20051110_34013_0400_PP_151.png,0.999572,0.000419,0.000006,0.000000,0.000002,anodr
20051110_35239_0400_PP_836.png,0.999877,0.000122,0.000000,0.000000,0.000000,anodr
20051110_35279_0400_PP_1033.png,0.999848,0.000147,0.000004,0.000000,0.000001,anodr
20051110_35332_0400_PP_497.png,0.984162,0.015638,0.000186,0.000004,0.000010,anodr
20051110_37992_0400_PP_1043.png,0.960466,0.039455,0.000066,0.000001,0.000011,anodr
20051110_38111_0400_PP_429.png,0.993493,0.006470,0.000028,0.000001,0.000008,anodr
20051110_38156_0400_PP_477.png,0.990811,0.009155,0.000030,0.000000,0.000004,anodr
20051110_38280_0400_PP_83.png,0.999659,0.000340,0.000000,0.000000,0.000001,anodr
20051110_38313_0400_PP_1041.png,0.999904,0.000093,0.000001,0.000000,0.000002,anodr
20051110_38352_0400_PP_934.png,0.999762,0.000225,0.000005,0.000001,0.000007,anodr
20051110_38472_0400_PP_1127.png,0.952978,0.046610,0.000338,0.000011,0.000064,anodr
20051110_38507_0400_PP_1190.png,0.949533,0.050057,0.000372,0.000004,0.000034,anodr
20051116_43388_0400_PP_344.png,0.981855,0.017873,0.000248,0.000004,0.000021,anodr
20051116_43585_0400_PP_950.png,0.995493,0.004487,0.000016,0.000000,0.000004,anodr
20051116_43710_0400_PP_95.png,0.999830,0.000166,0.000002,0.000000,0.000002,anodr
20051116_43721_0400_PP_363.png,0.999520,0.000464,0.000006,0.000001,0.000009,anodr
20051116_43785_0400_PP_445.png,0.992987,0.006944,0.000057,0.000002,0.000011,anodr
20051116_43801_0400_PP_325.png,0.998727,0.001262,0.000006,0.000000,0.000005,anodr
20051116_44648_0400_PP_1036.png,0.997321,0.002532,0.000108,0.000003,0.000036,anodr
20051117_37042_0400_PP_1119.png,0.998188,0.001735,0.000045,0.000001,0.000030,anodr
20051117_37051_0400_PP_1136.png,0.999109,0.000869,0.000019,0.000000,0.000003,anodr
20051117_37078_0400_PP_559.png,0.999614,0.000380,0.000004,0.000000,0.000002,anodr
20051117_37100_0400_PP_1083.png,0.999777,0.000212,0.000008,0.000000,0.000002,anodr
20051117_37130_0400_PP_938.png,0.992057,0.007861,0.000070,0.000004,0.000008,anodr
20051117_37155_0400_PP_84.png,0.997552,0.002303,0.000127,0.000005,0.000014,anodr
20051117_37185_0400_PP_404.png,0.992811,0.007143,0.000040,0.000001,0.000005,anodr
20051117_37321_0400_PP_947.png,0.998247,0.001712,0.000028,0.000001,0.000012,anodr
20051130_53586_0400_PP_1121.png,0.997121,0.002844,0.000030,0.000001,0.000005,anodr
20051130_53623_0400_PP_894.png,0.999827,0.000170,0.000002,0.000000,0.000000,anodr
20051130_53663_0400_PP_510.png,0.999926,0.000074,0.000000,0.000000,0.000000,anodr
20051130_53991_0400_PP_277.png,0.997929,0.002052,0.000016,0.000000,0.000002,anodr
20051130_54030_0400_PP_946.png,0.999193,0.000795,0.000009,0.000000,0.000002,anodr
20051130_54077_0400_PP_1117.png,0.998640,0.001356,0.000004,0.000000,0.000001,anodr
20051130_54121_0400_PP_1281.png,0.999584,0.000414,0.000001,0.000000,0.000001,anodr
20051130_54257_0400_PP_506.png,0.999834,0.000161,0.000004,0.000000,0.000001,anodr
20051130_54301_0400_PP_93.png,0.997412,0.002525,0.000056,0.000001,0.000006,anodr
20051130_54323_0400_PP_978.png,0.996118,0.003823,0.000046,0.000002,0.000011,anodr
20051130_54476_0400_PP_394.png,0.998793,0.001202,0.000002,0.000000,0.000003,anodr
20051130_54498_0400_PP_1217.png,0.999403,0.000591,0.000003,0.000000,0.000002,anodr
20051130_54595_0400_PP_940.png,0.043361,0.951186,0.005331,0.000004,0.000118,bmilddr
20051130_54802_0400_PP_550.png,0.999088,0.000897,0.000010,0.000001,0.000003,anodr
20051130_54846_0400_PP_289.png,0.998969,0.001006,0.000015,0.000001,0.000010,anodr
20051130_54943_0400_PP_1044.png,0.999960,0.000040,0.000000,0.000000,0.000000,anodr
20051130_54956_0400_PP_875.png,0.999979,0.000021,0.000000,0.000000,0.000000,anodr
20051130_55004_0400_PP_1259.png,0.994347,0.005564,0.000074,0.000002,0.000014,anodr
20051130_55012_0400_PP_865.png,0.990040,0.009696,0.000218,0.000005,0.000040,anodr
20051130_55037_0400_PP_443.png,0.997339,0.002598,0.000040,0.000003,0.000020,anodr
20051130_55048_0400_PP_921.png,0.999535,0.000457,0.000005,0.000000,0.000004,anodr
20051130_55074_0400_PP_986.png,0.988708,0.010696,0.000569,0.000003,0.000024,anodr
20051130_55086_0400_PP_1152.png,0.985114,0.014320,0.000543,0.000005,0.000019,anodr
20051130_55107_0400_PP_316.png,0.997323,0.002598,0.000069,0.000000,0.000009,anodr
20051130_55160_0400_PP_1182.png,0.957653,0.042184,0.000145,0.000002,0.000016,anodr
20051130_55269_0400_PP_820.png,0.991469,0.008477,0.000048,0.000001,0.000006,anodr
20051130_55311_0400_PP_896.png,0.996379,0.003610,0.000008,0.000000,0.000003,anodr
20051130_55323_0400_PP_883.png,0.998242,0.001755,0.000001,0.000000,0.000002,anodr
20051130_55381_0400_PP_504.png,0.999845,0.000153,0.000001,0.000000,0.000002,anodr
20051130_55393_0400_PP_1251.png,0.999802,0.000197,0.000001,0.000000,0.000000,anodr
20051130_58716_0400_PP_355.png,0.999683,0.000295,0.000015,0.000002,0.000005,anodr
20051130_58824_0400_PP_1181.png,0.999615,0.000230,0.000064,0.000042,0.000050,anodr
20051130_58874_0400_PP_1359.png,0.999774,0.000223,0.000002,0.000000,0.000002,anodr
20051130_58888_0400_PP_284.png,0.997889,0.002008,0.000049,0.000002,0.000052,anodr
20051130_58962_0400_PP_973.png,0.989004,0.010917,0.000058,0.000002,0.000019,anodr
20051130_58998_0400_PP_543.png,0.999993,0.000006,0.000000,0.000000,0.000000,anodr
20051130_59029_0400_PP_270.png,0.999997,0.000003,0.000000,0.000000,0.000000,anodr
20051130_59186_0400_PP_350.png,0.995843,0.004138,0.000014,0.000001,0.000004,anodr
20051130_59284_0400_PP_853.png,0.997127,0.002866,0.000004,0.000000,0.000003,anodr
20051130_59374_0400_PP_410.png,0.999154,0.000827,0.000017,0.000001,0.000001,anodr
20051130_59404_0400_PP_392.png,0.999233,0.000742,0.000020,0.000002,0.000002,anodr
20051130_59457_0400_PP_1053.png,0.999672,0.000321,0.000004,0.000000,0.000002,anodr
20051130_59464_0400_PP_1141.png,0.999705,0.000291,0.000002,0.000000,0.000001,anodr
20051130_59749_0400_PP_965.png,0.997780,0.002208,0.000009,0.000000,0.000003,anodr
20051130_59775_0400_PP_1224.png,0.999385,0.000611,0.000003,0.000000,0.000001,anodr
20051130_59793_0400_PP_926.png,0.997460,0.002517,0.000020,0.000000,0.000002,anodr
20051130_59802_0400_PP_430.png,0.997136,0.002840,0.000020,0.000001,0.000003,anodr
20051130_59850_0400_PP_36.png,0.999972,0.000028,0.000000,0.000000,0.000000,anodr
20051130_59869_0400_PP_520.png,0.999980,0.000020,0.000000,0.000000,0.000000,anodr
20051130_59964_0400_PP_312.png,0.995338,0.004625,0.000033,0.000001,0.000004,anodr
20051130_59993_0400_PP_439.png,0.935054,0.063067,0.001796,0.000013,0.000070,anodr
20051130_60040_0400_PP_1355.png,0.999513,0.000476,0.000010,0.000001,0.000001,anodr
20051130_60066_0400_PP_1170.png,0.999445,0.000538,0.000014,0.000001,0.000002,anodr
20051130_60186_0400_PP_1365.png,0.991597,0.008284,0.000101,0.000003,0.000015,anodr
20051130_60234_0400_PP_453.png,0.985702,0.012634,0.001471,0.000022,0.000171,anodr
20051130_60448_0400_PP_860.png,0.999105,0.000872,0.000011,0.000001,0.000011,anodr
20051130_60490_0400_PP_828.png,0.998793,0.001173,0.000025,0.000000,0.000009,anodr
20051130_60532_0400_PP_1052.png,0.999532,0.000465,0.000003,0.000000,0.000001,anodr
20051130_60562_0400_PP_121.png,0.986859,0.013084,0.000042,0.000001,0.000013,anodr
20051130_60601_0400_PP_146.png,0.997238,0.002709,0.000046,0.000001,0.000006,anodr
20051130_60630_0400_PP_60.png,0.994433,0.005545,0.000016,0.000001,0.000006,anodr
20051130_60691_0400_PP_939.png,0.978266,0.021428,0.000266,0.000003,0.000036,anodr
20051130_60715_0400_PP_555.png,0.917701,0.060302,0.021424,0.000058,0.000515,anodr
20051130_60740_0400_PP_1166.png,0.971458,0.027648,0.000801,0.000010,0.000083,anodr
20051130_60794_0400_PP_280.png,0.991359,0.008452,0.000162,0.000004,0.000023,anodr
20051130_60822_0400_PP_980.png,0.996896,0.003087,0.000011,0.000001,0.000005,anodr
20051201_37312_0400_PP_1333.png,0.968493,0.030075,0.001372,0.000015,0.000046,anodr
20051201_37337_0400_PP_839.png,0.984682,0.015148,0.000144,0.000004,0.000022,anodr
20051201_37382_0400_PP_1350.png,0.966450,0.033222,0.000302,0.000004,0.000023,anodr
20051201_37390_0400_PP_833.png,0.964215,0.035404,0.000348,0.000005,0.000027,anodr
20051201_37409_0400_PP_1340.png,0.998836,0.001161,0.000002,0.000000,0.000001,anodr
20051201_37462_0400_PP_357.png,0.988415,0.011547,0.000032,0.000001,0.000005,anodr
20051201_37534_0400_PP_906.png,0.998842,0.001147,0.000008,0.000000,0.000003,anodr
20051201_37557_0400_PP_1336.png,0.999252,0.000732,0.000013,0.000000,0.000002,anodr
20051201_38041_0400_PP_1312.png,0.990532,0.009142,0.000274,0.000004,0.000049,anodr
20051201_38081_0400_PP_963.png,0.999445,0.000552,0.000002,0.000000,0.000001,anodr
20051201_38103_0400_PP_81.png,0.998322,0.001621,0.000041,0.000001,0.000015,anodr
20051201_38137_0400_PP_391.png,0.995227,0.004748,0.000015,0.000001,0.000009,anodr
20051201_38155_0400_PP_112.png,0.371335,0.056618,0.358656,0.004636,0.208755,anodr
20051201_38164_0400_PP_881.png,0.262659,0.564637,0.169589,0.000309,0.002806,bmilddr
20051201_38199_0400_PP_1329.png,0.997476,0.002512,0.000011,0.000000,0.000001,anodr
20051201_38211_0400_PP_1174.png,0.988683,0.011242,0.000068,0.000001,0.000007,anodr
20051201_38246_0400_PP_1063.png,0.998788,0.001199,0.000010,0.000001,0.000002,anodr
20051201_38262_0400_PP_335.png,0.998469,0.001518,0.000011,0.000001,0.000002,anodr
20051201_38280_0400_PP_1103.png,0.999499,0.000492,0.000006,0.000000,0.000003,anodr
20051201_38291_0400_PP_468.png,0.999514,0.000483,0.000002,0.000000,0.000001,anodr
20051201_38321_0400_PP_903.png,0.999489,0.000480,0.000006,0.000000,0.000024,anodr
20051201_38349_0400_PP_892.png,0.998367,0.001618,0.000009,0.000000,0.000005,anodr
20051201_38466_0400_PP_572.png,0.994808,0.005062,0.000124,0.000001,0.000005,anodr
20051201_38475_0400_PP_560.png,0.997412,0.002577,0.000008,0.000000,0.000003,anodr
20051202_37162_0400_PP_29.png,0.488657,0.498391,0.011984,0.000081,0.000886,bmilddr
20051202_51599_0400_PP_966.png,0.999551,0.000445,0.000004,0.000000,0.000001,anodr
20051202_51616_0400_PP_1018.png,0.997006,0.002978,0.000014,0.000000,0.000002,anodr
20051205_57651_0400_PP_52.png,0.999308,0.000688,0.000002,0.000000,0.000001,anodr
20051205_57704_0400_PP_1167.png,0.998357,0.001633,0.000008,0.000000,0.000002,anodr
20051205_57757_0400_PP_1100.png,0.998110,0.001861,0.000026,0.000000,0.000002,anodr
20051205_57780_0400_PP_1102.png,0.992228,0.007676,0.000082,0.000002,0.000011,anodr
20051205_57799_0400_PP_868.png,0.812922,0.184270,0.002422,0.000033,0.000352,anodr
20051205_57809_0400_PP_1228.png,0.941400,0.058455,0.000126,0.000002,0.000017,anodr
20051205_57838_0400_PP_859.png,0.999690,0.000306,0.000003,0.000000,0.000001,anodr
20051205_57879_0400_PP_1254.png,0.999372,0.000624,0.000003,0.000000,0.000001,anodr
20051205_57942_0400_PP_990.png,0.999870,0.000129,0.000001,0.000000,0.000001,anodr
20051205_57988_0400_PP_1112.png,0.999497,0.000501,0.000002,0.000000,0.000000,anodr
20051205_58037_0400_PP_835.png,0.999223,0.000766,0.000009,0.000000,0.000002,anodr
20051205_58060_0400_PP_376.png,0.999118,0.000852,0.000015,0.000001,0.000014,anodr
20051205_58080_0400_PP_1034.png,0.999551,0.000437,0.000008,0.000001,0.000003,anodr
20051205_58091_0400_PP_292.png,0.998833,0.001156,0.000006,0.000001,0.000005,anodr
20051205_58109_0400_PP_1311.png,0.993755,0.006209,0.000029,0.000001,0.000006,anodr
20051205_58125_0400_PP_46.png,0.998760,0.001231,0.000006,0.000000,0.000003,anodr
20051205_58150_0400_PP_393.png,0.999905,0.000094,0.000001,0.000000,0.000000,anodr
20051205_58177_0400_PP_503.png,0.999922,0.000076,0.000001,0.000000,0.000001,anodr
20051205_58354_0400_PP_1282.png,0.997899,0.002091,0.000006,0.000001,0.000004,anodr
20051205_58373_0400_PP_55.png,0.987491,0.012369,0.000112,0.000002,0.000026,anodr
20051205_58409_0400_PP_985.png,0.990346,0.009551,0.000094,0.000001,0.000008,anodr
20051205_58431_0400_PP_493.png,0.996865,0.003104,0.000028,0.000001,0.000003,anodr
20051205_58458_0400_PP_309.png,0.998034,0.001950,0.000012,0.000000,0.000003,anodr
20051205_58502_0400_PP_482.png,0.999200,0.000790,0.000007,0.000000,0.000002,anodr
20051205_58613_0400_PP_843.png,0.992224,0.007699,0.000070,0.000001,0.000006,anodr
20051205_59240_0400_PP_301.png,0.979397,0.020460,0.000126,0.000002,0.000015,anodr
20051205_59337_0400_PP_945.png,0.999833,0.000165,0.000001,0.000000,0.000001,anodr
20051205_59351_0400_PP_332.png,0.998650,0.001345,0.000005,0.000000,0.000001,anodr
20051205_59367_0400_PP_816.png,0.999827,0.000168,0.000003,0.000000,0.000003,anodr
20051205_59379_0400_PP_842.png,0.999527,0.000470,0.000002,0.000000,0.000001,anodr
20051205_59510_0400_PP_329.png,0.986222,0.013430,0.000319,0.000004,0.000025,anodr
20051205_59538_0400_PP_534.png,0.994294,0.005600,0.000085,0.000002,0.000018,anodr
20051205_59617_0400_PP_1000.png,0.995746,0.004232,0.000018,0.000000,0.000003,anodr
20051205_59651_0400_PP_1164.png,0.998947,0.001047,0.000004,0.000000,0.000001,anodr
20051205_59738_0400_PP_119.png,0.999905,0.000093,0.000001,0.000000,0.000000,anodr
20051205_59754_0400_PP_880.png,0.999655,0.000335,0.000001,0.000000,0.000008,anodr
20051205_59833_0400_PP_531.png,0.938416,0.061294,0.000267,0.000003,0.000019,anodr
20051205_59858_0400_PP_523.png,0.989502,0.010221,0.000256,0.000003,0.000018,anodr
20051205_59901_0400_PP_417.png,0.999918,0.000082,0.000000,0.000000,0.000000,anodr
20051205_59923_0400_PP_1307.png,0.999937,0.000062,0.000000,0.000000,0.000000,anodr
20051205_60093_0400_PP_1286.png,0.999893,0.000106,0.000000,0.000000,0.000000,anodr
20051205_60119_0400_PP_451.png,0.999960,0.000039,0.000001,0.000000,0.000000,anodr
20051213_61406_0100_PP_1027.png,0.874194,0.124762,0.000951,0.000017,0.000076,anodr
20051213_61802_0100_PP_408.png,0.990495,0.009484,0.000018,0.000000,0.000003,anodr
20051213_61892_0100_PP_837.png,0.996543,0.003445,0.000009,0.000000,0.000003,anodr
20051213_61951_0100_PP_983.png,0.999282,0.000712,0.000005,0.000000,0.000001,anodr
20051213_62251_0100_PP_27.png,0.999234,0.000758,0.000007,0.000000,0.000001,anodr
20051213_62314_0100_PP_1325.png,0.998863,0.001129,0.000006,0.000000,0.000001,anodr
20051213_62518_0100_PP_821.png,0.999555,0.000441,0.000003,0.000000,0.000000,anodr
20051213_62572_0100_PP_1176.png,0.989665,0.010312,0.000022,0.000000,0.000002,anodr
20051214_40529_0100_PP_1120.png,0.997533,0.002446,0.000015,0.000001,0.000005,anodr
20051214_40767_0100_PP_1039.png,0.987123,0.012817,0.000053,0.000001,0.000007,anodr
20051214_40994_0100_PP_435.png,0.999907,0.000089,0.000003,0.000000,0.000001,anodr
20051214_41055_0100_PP_41.png,0.999717,0.000281,0.000001,0.000000,0.000000,anodr
20051214_42133_0100_PP_462.png,0.999433,0.000561,0.000005,0.000000,0.000001,anodr
20051214_42197_0100_PP_1288.png,0.999903,0.000096,0.000001,0.000000,0.000000,anodr
20051214_42323_0100_PP_845.png,0.999820,0.000180,0.000001,0.000000,0.000000,anodr
20051214_42363_0100_PP_42.png,0.999656,0.000343,0.000001,0.000000,0.000000,anodr
20051214_51178_0100_PP_1380.png,0.999907,0.000092,0.000000,0.000000,0.000000,anodr
20051214_51211_0100_PP_511.png,0.999888,0.000111,0.000000,0.000000,0.000000,anodr
20051214_51308_0100_PP_1342.png,0.926314,0.073103,0.000568,0.000004,0.000011,anodr
20051214_51342_0100_PP_970.png,0.993843,0.006134,0.000019,0.000000,0.000004,anodr
20051214_51442_0100_PP_28.png,0.987845,0.012048,0.000094,0.000001,0.000011,anodr
20051214_51469_0100_PP_1060.png,0.983720,0.016062,0.000206,0.000002,0.000010,anodr
20051214_56242_0100_PP_337.png,0.996703,0.003254,0.000039,0.000001,0.000004,anodr
20051214_56392_0100_PP_1037.png,0.999992,0.000008,0.000000,0.000000,0.000000,anodr
20051214_56438_0100_PP_22.png,0.999169,0.000826,0.000003,0.000000,0.000002,anodr
20051214_56636_0100_PP_128.png,0.999425,0.000551,0.000011,0.000000,0.000012,anodr
20051214_56688_0100_PP_120.png,0.999582,0.000413,0.000004,0.000000,0.000001,anodr
20051214_57761_0100_PP_356.png,0.960892,0.036691,0.001738,0.000034,0.000644,anodr
20051214_57817_0100_PP_876.png,0.995533,0.004411,0.000044,0.000001,0.000011,anodr
20051216_43913_0200_PP_1367.png,0.999378,0.000618,0.000002,0.000000,0.000002,anodr
20051216_44066_0200_PP_426.png,0.998618,0.001332,0.000045,0.000000,0.000005,anodr
20051216_44092_0200_PP_1090.png,0.257531,0.045220,0.682757,0.001218,0.013274,cmoderatedr
20051216_44221_0200_PP_548.png,0.995690,0.004295,0.000012,0.000000,0.000002,anodr
20051216_44252_0200_PP_952.png,0.998412,0.001577,0.000010,0.000000,0.000001,anodr
20051216_44398_0200_PP_1235.png,0.993325,0.006635,0.000034,0.000001,0.000005,anodr
20051216_44420_0200_PP_379.png,0.999080,0.000916,0.000003,0.000000,0.000001,anodr
20051216_44635_0200_PP_415.png,0.994886,0.005047,0.000049,0.000002,0.000016,anodr
20051216_44660_0200_PP_888.png,0.998923,0.001065,0.000007,0.000000,0.000005,anodr
20051216_44811_0200_PP_567.png,0.998800,0.001192,0.000004,0.000000,0.000004,anodr
20051216_44832_0200_PP_1082.png,0.999625,0.000372,0.000001,0.000000,0.000001,anodr
20051216_45076_0200_PP_818.png,0.959060,0.038197,0.002278,0.000007,0.000458,anodr
20051216_45499_0200_PP_1071.png,0.998707,0.001288,0.000004,0.000000,0.000001,anodr
20051216_45781_0200_PP_320.png,0.999277,0.000720,0.000002,0.000000,0.000000,anodr
20051216_45873_0200_PP_832.png,0.999150,0.000842,0.000006,0.000000,0.000002,anodr
20051216_45992_0200_PP_341.png,0.978992,0.020800,0.000162,0.000006,0.000041,anodr
20051216_46018_0200_PP_1216.png,0.516151,0.456213,0.026522,0.000102,0.001012,anodr
20051216_46183_0200_PP_1204.png,0.996261,0.003722,0.000014,0.000000,0.000002,anodr
20051216_47514_0200_PP_110.png,0.982597,0.017258,0.000132,0.000001,0.000012,anodr
20051216_47536_0200_PP_1339.png,0.999610,0.000386,0.000003,0.000000,0.000001,anodr
20060407_38711_0200_PP_283.png,0.995602,0.004344,0.000047,0.000001,0.000006,anodr
20060407_38970_0200_PP_1111.png,0.993310,0.006609,0.000072,0.000001,0.000008,anodr
20060407_39155_0200_PP_855.png,0.999923,0.000077,0.000000,0.000000,0.000000,anodr
20060407_39184_0200_PP_373.png,0.999976,0.000024,0.000000,0.000000,0.000000,anodr
20060407_39306_0200_PP_1074.png,0.999799,0.000200,0.000001,0.000000,0.000000,anodr
20060407_39328_0200_PP_893.png,0.999903,0.000096,0.000001,0.000000,0.000000,anodr
20060407_39435_0200_PP_1214.png,0.197182,0.192078,0.607285,0.000418,0.003037,cmoderatedr
20060407_39546_0200_PP_545.png,0.989409,0.010454,0.000126,0.000001,0.000010,anodr
20060407_39567_0200_PP_1168.png,0.869807,0.123702,0.006383,0.000017,0.000091,anodr
20060407_39687_0200_PP_101.png,0.999756,0.000239,0.000004,0.000000,0.000001,anodr
20060407_39761_0200_PP_518.png,0.988237,0.011682,0.000071,0.000001,0.000008,anodr
20060407_39780_0200_PP_1006.png,0.998829,0.001165,0.000003,0.000000,0.000002,anodr
20060407_40740_0200_PP_314.png,0.711860,0.285190,0.002885,0.000012,0.000053,anodr
20060407_40761_0200_PP_282.png,0.992691,0.007217,0.000085,0.000000,0.000006,anodr
20060407_41149_0200_PP_26.png,0.999850,0.000149,0.000001,0.000000,0.000000,anodr
20060407_41177_0200_PP_1104.png,0.999987,0.000013,0.000000,0.000000,0.000000,anodr
20060407_41312_0200_PP_895.png,0.998677,0.001320,0.000003,0.000000,0.000000,anodr
20060407_41980_0200_PP_1347.png,0.997471,0.002505,0.000020,0.000001,0.000004,anodr
20060407_42099_0200_PP_77.png,0.996297,0.003628,0.000065,0.000001,0.000009,anodr
20060407_42133_0200_PP_488.png,0.999878,0.000116,0.000004,0.000000,0.000002,anodr
20060407_42290_0200_PP_1107.png,0.999940,0.000060,0.000000,0.000000,0.000000,anodr
20060407_42308_0200_PP_1278.png,0.999971,0.000029,0.000000,0.000000,0.000000,anodr
20060407_43223_0200_PP_47.png,0.959365,0.038047,0.002548,0.000005,0.000035,anodr
20060407_43258_0200_PP_118.png,0.999183,0.000811,0.000005,0.000000,0.000001,anodr
20060407_43594_0200_PP_140.png,0.994419,0.005536,0.000038,0.000001,0.000007,anodr
20060407_43618_0200_PP_867.png,0.998638,0.001357,0.000004,0.000000,0.000002,anodr
20060407_43726_0200_PP_1128.png,0.995428,0.004551,0.000016,0.000001,0.000005,anodr
20060407_43746_0200_PP_1058.png,0.996253,0.003729,0.000013,0.000001,0.000005,anodr
20060407_43834_0200_PP_1162.png,0.999430,0.000489,0.000073,0.000000,0.000007,anodr
20060407_43856_0200_PP_862.png,0.999316,0.000671,0.000011,0.000000,0.000002,anodr
20060407_44042_0200_PP_1047.png,0.999731,0.000268,0.000001,0.000000,0.000000,anodr
20060407_44061_0200_PP_295.png,0.999937,0.000062,0.000001,0.000000,0.000000,anodr
20060407_44400_0200_PP_956.png,0.999874,0.000125,0.000001,0.000000,0.000000,anodr
20060407_44422_0200_PP_847.png,0.999973,0.000027,0.000000,0.000000,0.000000,anodr
20060407_44510_0200_PP_48.png,0.999274,0.000721,0.000004,0.000000,0.000001,anodr
20060407_44529_0200_PP_1212.png,0.999613,0.000384,0.000002,0.000000,0.000001,anodr
20060407_44743_0200_PP_824.png,0.981733,0.018040,0.000192,0.000005,0.000030,anodr
20060407_44766_0200_PP_89.png,0.999189,0.000795,0.000012,0.000000,0.000003,anodr
20060407_44866_0200_PP_293.png,0.948066,0.051056,0.000800,0.000010,0.000069,anodr
20060407_44889_0200_PP_830.png,0.999313,0.000678,0.000008,0.000000,0.000001,anodr
20060407_45107_0200_PP_1345.png,0.997121,0.002866,0.000010,0.000000,0.000002,anodr
20060407_45230_0200_PP_1297.png,0.998096,0.001895,0.000007,0.000000,0.000001,anodr
20060407_45247_0200_PP_1159.png,0.998564,0.001428,0.000006,0.000000,0.000002,anodr
20060407_45718_0200_PP_400.png,0.118296,0.402961,0.474649,0.000442,0.003653,cmoderatedr
20060407_45737_0200_PP_1089.png,0.986925,0.013016,0.000050,0.000001,0.000009,anodr
20060407_45834_0200_PP_1219.png,0.997393,0.002578,0.000025,0.000000,0.000004,anodr
20060407_45852_0200_PP_287.png,0.998327,0.001646,0.000021,0.000001,0.000005,anodr
20060407_45949_0200_PP_38.png,0.989647,0.010299,0.000044,0.000002,0.000007,anodr
20060407_46070_0200_PP_1236.png,0.914400,0.077498,0.007794,0.000031,0.000277,anodr
20060407_46235_0200_PP_566.png,0.995010,0.004908,0.000071,0.000001,0.000010,anodr
20060407_46257_0200_PP_827.png,0.999034,0.000950,0.000013,0.000000,0.000002,anodr
20060410_39047_0200_PP_457.png,0.999933,0.000065,0.000001,0.000000,0.000000,anodr
20060410_39075_0200_PP_953.png,0.999922,0.000077,0.000001,0.000000,0.000000,anodr
20060410_39229_0200_PP_1372.png,0.999895,0.000104,0.000001,0.000000,0.000000,anodr
20060410_39476_0200_PP_403.png,0.998139,0.001853,0.000006,0.000000,0.000001,anodr
20060410_39500_0200_PP_73.png,0.998420,0.001574,0.000005,0.000000,0.000001,anodr
20060410_39586_0200_PP_574.png,0.967094,0.032765,0.000125,0.000002,0.000014,anodr
20060410_39606_0200_PP_1148.png,0.997596,0.002384,0.000015,0.000001,0.000004,anodr
20060410_39695_0200_PP_1008.png,0.972370,0.025840,0.001771,0.000004,0.000015,anodr
20060410_39859_0200_PP_296.png,0.987994,0.011885,0.000107,0.000001,0.000013,anodr
20060410_39879_0200_PP_951.png,0.990516,0.009444,0.000029,0.000001,0.000010,anodr
20060410_39994_0200_PP_1378.png,0.998150,0.001824,0.000022,0.000000,0.000004,anodr
20060410_40403_0200_PP_1273.png,0.996935,0.002782,0.000230,0.000004,0.000049,anodr
20060410_40499_0200_PP_15.png,0.999993,0.000007,0.000000,0.000000,0.000000,anodr
20060410_40633_0200_PP_869.png,0.995830,0.004110,0.000053,0.000001,0.000006,anodr
20060410_40846_0200_PP_414.png,0.987994,0.011884,0.000111,0.000002,0.000009,anodr
20060410_40953_0200_PP_1362.png,0.985343,0.014594,0.000058,0.000001,0.000004,anodr
20060410_40979_0200_PP_1017.png,0.963248,0.036470,0.000271,0.000002,0.000010,anodr
20060410_41098_0200_PP_912.png,0.998539,0.001448,0.000011,0.000000,0.000001,anodr
20060410_41191_0200_PP_1364.png,0.991856,0.008050,0.000076,0.000001,0.000016,anodr
20060410_41209_0200_PP_1115.png,0.962658,0.036822,0.000454,0.000005,0.000061,anodr
20060410_41603_0200_PP_64.png,0.997442,0.002547,0.000009,0.000000,0.000001,anodr
20060410_41880_0200_PP_1266.png,0.996840,0.003138,0.000018,0.000001,0.000004,anodr
20060410_41901_0200_PP_1068.png,0.989729,0.009716,0.000512,0.000005,0.000038,anodr
20060410_43847_0200_PP_273.png,0.999561,0.000435,0.000003,0.000000,0.000001,anodr
20060410_43868_0200_PP_874.png,0.999779,0.000219,0.000001,0.000000,0.000001,anodr
20060410_43979_0200_PP_276.png,0.973712,0.025406,0.000784,0.000014,0.000084,anodr
20060410_44345_0200_PP_1011.png,0.999969,0.000031,0.000000,0.000000,0.000000,anodr
20060410_44364_0200_PP_1274.png,0.999694,0.000305,0.000001,0.000000,0.000000,anodr
20060410_44464_0200_PP_1255.png,0.999723,0.000275,0.000001,0.000000,0.000000,anodr
20060410_44504_0200_PP_474.png,0.999946,0.000054,0.000000,0.000000,0.000000,anodr
20060410_44601_0200_PP_1013.png,0.995095,0.004802,0.000083,0.000002,0.000018,anodr
20060410_44770_0200_PP_1320.png,0.006056,0.018865,0.973183,0.000650,0.001247,cmoderatedr
20060410_44802_0200_PP_1069.png,0.990838,0.003011,0.005057,0.000040,0.001055,anodr
20060410_44934_0200_PP_418.png,0.963128,0.036213,0.000599,0.000009,0.000050,anodr
20060410_45167_0200_PP_549.png,0.999842,0.000155,0.000001,0.000000,0.000001,anodr
20060410_45188_0200_PP_544.png,0.999821,0.000177,0.000001,0.000000,0.000000,anodr
20060410_47186_0200_PP_1143.png,0.997775,0.002199,0.000021,0.000001,0.000004,anodr
20060411_58071_0200_PP_1022.png,0.995558,0.004428,0.000011,0.000000,0.000003,anodr
20060411_58392_0200_PP_34.png,0.993598,0.006124,0.000255,0.000002,0.000021,anodr
20060411_58413_0200_PP_358.png,0.998282,0.001676,0.000033,0.000001,0.000008,anodr
20060411_58469_0200_PP_982.png,0.999988,0.000011,0.000000,0.000000,0.000000,anodr
20060411_58494_0200_PP_452.png,0.999979,0.000021,0.000000,0.000000,0.000000,anodr
20060411_58571_0200_PP_148.png,0.998857,0.000959,0.000149,0.000003,0.000032,anodr
20060411_58644_0200_PP_538.png,0.998483,0.001272,0.000231,0.000001,0.000011,anodr
20060411_58808_0200_PP_125.png,0.997106,0.002884,0.000006,0.000000,0.000004,anodr
20060411_58829_0200_PP_1091.png,0.997805,0.002181,0.000010,0.000000,0.000004,anodr
20060411_58891_0200_PP_929.png,0.999197,0.000795,0.000006,0.000000,0.000002,anodr
20060411_58913_0200_PP_1356.png,0.999952,0.000048,0.000000,0.000000,0.000000,anodr
20060411_60511_0200_PP_351.png,0.969809,0.029856,0.000286,0.000006,0.000042,anodr
20060411_61687_0200_PP_431.png,0.999977,0.000023,0.000000,0.000000,0.000000,anodr
20060411_61702_0200_PP_1040.png,0.999919,0.000080,0.000001,0.000000,0.000000,anodr
20060411_61869_0200_PP_955.png,0.999300,0.000696,0.000003,0.000000,0.000001,anodr
20060411_61901_0200_PP_288.png,0.998655,0.001340,0.000005,0.000000,0.000001,anodr
20060411_62036_0200_PP_59.png,0.998842,0.001070,0.000036,0.000004,0.000049,anodr
20060411_62058_0200_PP_948.png,0.994242,0.005589,0.000141,0.000004,0.000023,anodr
20060411_62162_0200_PP_97.png,0.240735,0.712774,0.046026,0.000092,0.000372,bmilddr
20060412_51835_0200_PP_1331.png,0.970352,0.028935,0.000697,0.000003,0.000012,anodr
20060412_51860_0200_PP_890.png,0.961242,0.036918,0.001801,0.000007,0.000032,anodr
20060412_52098_0200_PP_491.png,0.992884,0.007071,0.000036,0.000001,0.000007,anodr
20060412_52351_0200_PP_944.png,0.990828,0.009111,0.000049,0.000001,0.000011,anodr
20060412_52371_0200_PP_354.png,0.997774,0.002203,0.000021,0.000000,0.000002,anodr
20060412_52425_0200_PP_1292.png,0.999898,0.000101,0.000001,0.000000,0.000001,anodr
20060412_52446_0200_PP_533.png,0.999947,0.000052,0.000000,0.000000,0.000000,anodr
20060412_52606_0200_PP_1046.png,0.889080,0.109513,0.001362,0.000007,0.000038,anodr
20060412_52840_0200_PP_343.png,0.754409,0.241007,0.004457,0.000017,0.000109,anodr
20060412_57874_0200_PP_108.png,0.989004,0.010917,0.000075,0.000001,0.000004,anodr
20060412_57952_0200_PP_388.png,0.999347,0.000651,0.000001,0.000000,0.000001,anodr
20060412_57974_0200_PP_94.png,0.999708,0.000290,0.000002,0.000000,0.000001,anodr
20060412_58032_0200_PP_994.png,0.916321,0.082984,0.000651,0.000009,0.000037,anodr
20060412_58054_0200_PP_825.png,0.959182,0.040240,0.000510,0.000009,0.000059,anodr
20060412_58137_0200_PP_1215.png,0.999412,0.000569,0.000014,0.000000,0.000005,anodr
20060412_58723_0200_PP_1153.png,0.998722,0.001272,0.000005,0.000000,0.000001,anodr
20060412_58802_0200_PP_925.png,0.998589,0.001399,0.000010,0.000000,0.000002,anodr
20060412_58819_0200_PP_942.png,0.999589,0.000408,0.000002,0.000000,0.000001,anodr
20060412_59175_0200_PP_852.png,0.905864,0.091504,0.002536,0.000015,0.000081,anodr
20060412_59196_0200_PP_1021.png,0.282025,0.711002,0.006829,0.000009,0.000134,bmilddr
20060412_59259_0200_PP_364.png,0.999570,0.000427,0.000002,0.000000,0.000001,anodr
20060412_59338_0200_PP_423.png,0.998027,0.001945,0.000024,0.000000,0.000004,anodr
20060412_59355_0200_PP_977.png,0.999574,0.000423,0.000002,0.000000,0.000001,anodr
20060412_60751_0200_PP_822.png,0.986253,0.013720,0.000025,0.000000,0.000002,anodr
20060412_60773_0200_PP_319.png,0.989354,0.010598,0.000042,0.000001,0.000004,anodr
20060412_61064_0200_PP_1114.png,0.998494,0.001483,0.000020,0.000000,0.000002,anodr
20060412_61365_0200_PP_274.png,0.999466,0.000534,0.000000,0.000000,0.000000,anodr
20060412_61383_0200_PP_334.png,0.999739,0.000260,0.000000,0.000000,0.000000,anodr
20060412_61433_0200_PP_1072.png,0.999571,0.000416,0.000006,0.000001,0.000006,anodr
20060412_61450_0200_PP_1002.png,0.999899,0.000099,0.000001,0.000000,0.000001,anodr
20060412_61525_0200_PP_889.png,0.999795,0.000199,0.000004,0.000000,0.000001,anodr
20060412_61665_0200_PP_1324.png,0.999621,0.000375,0.000003,0.000000,0.000002,anodr
20060412_61790_0200_PP_12.png,0.991246,0.008585,0.000155,0.000002,0.000012,anodr
20060522_43758_0100_PP_988.png,0.996460,0.003518,0.000018,0.000000,0.000004,anodr
20060522_45777_0100_PP_1327.png,0.964743,0.034858,0.000370,0.000004,0.000025,anodr
20060522_45796_0100_PP_1360.png,0.996916,0.003062,0.000019,0.000000,0.000003,anodr
20060522_45853_0100_PP_813.png,0.997446,0.002134,0.000365,0.000012,0.000043,anodr
20060522_45873_0100_PP_1192.png,0.998741,0.001184,0.000056,0.000003,0.000017,anodr
20060522_46104_0100_PP_1302.png,0.984052,0.015672,0.000259,0.000003,0.000014,anodr
20060522_46149_0100_PP_1012.png,0.998611,0.001383,0.000006,0.000000,0.000001,anodr
20060522_46379_0100_PP_1348.png,0.991594,0.008237,0.000151,0.000001,0.000017,anodr
20060522_46400_0100_PP_957.png,0.859120,0.139681,0.001140,0.000006,0.000054,anodr
20060523_42953_0100_PP_409.png,0.999321,0.000674,0.000004,0.000000,0.000001,anodr
20060523_43105_0100_PP_1156.png,0.999829,0.000160,0.000010,0.000001,0.000001,anodr
20060523_43123_0100_PP_123.png,0.999944,0.000054,0.000001,0.000000,0.000000,anodr
20060523_43248_0100_PP_80.png,0.995724,0.004159,0.000106,0.000001,0.000010,anodr
20060523_43333_0100_PP_551.png,0.989840,0.010024,0.000120,0.000002,0.000013,anodr
20060523_43354_0100_PP_1093.png,0.998675,0.001316,0.000007,0.000000,0.000002,anodr
20060523_45300_0100_PP_21.png,0.975656,0.024291,0.000046,0.000001,0.000005,anodr
20060523_45316_0100_PP_1213.png,0.993812,0.006170,0.000011,0.000001,0.000007,anodr
20060523_45449_0100_PP_1269.png,0.814911,0.047232,0.134690,0.000203,0.002964,anodr
20060523_45467_0100_PP_44.png,0.988460,0.011024,0.000470,0.000002,0.000044,anodr
20060523_45524_0100_PP_428.png,0.975749,0.024117,0.000124,0.000001,0.000009,anodr
20060523_45548_0100_PP_1229.png,0.998151,0.001839,0.000008,0.000000,0.000001,anodr
20060523_47987_0100_PP_844.png,0.979970,0.019641,0.000374,0.000001,0.000013,anodr
20060523_48005_0100_PP_877.png,0.989351,0.010572,0.000069,0.000001,0.000007,anodr
20060523_48136_0100_PP_856.png,0.094317,0.728166,0.175532,0.000337,0.001648,bmilddr
20060523_48161_0100_PP_385.png,0.028240,0.908917,0.062741,0.000021,0.000082,bmilddr
20060523_48406_0100_PP_1056.png,0.999972,0.000028,0.000000,0.000000,0.000000,anodr
20060523_48591_0100_PP_1317.png,0.976180,0.023451,0.000354,0.000002,0.000012,anodr
20060523_48709_0100_PP_541.png,0.992597,0.007308,0.000078,0.000001,0.000016,anodr
20060523_48728_0100_PP_1375.png,0.985557,0.014236,0.000193,0.000002,0.000012,anodr
20060523_48890_0100_PP_1338.png,0.999236,0.000759,0.000005,0.000000,0.000000,anodr
20060523_48931_0100_PP_16.png,0.993890,0.006080,0.000026,0.000001,0.000004,anodr
20060523_49100_0100_PP_307.png,0.994339,0.005428,0.000189,0.000001,0.000043,anodr
20060523_49120_0100_PP_85.png,0.998226,0.001745,0.000024,0.000000,0.000005,anodr
20060523_49176_0100_PP_366.png,0.998519,0.001434,0.000043,0.000000,0.000004,anodr
20060523_49191_0100_PP_476.png,0.895017,0.046574,0.025665,0.003645,0.029098,anodr
20060523_49515_0100_PP_375.png,0.998957,0.001038,0.000003,0.000000,0.000002,anodr
20060523_49573_0100_PP_919.png,0.999780,0.000219,0.000001,0.000000,0.000000,anodr
20060523_49663_0100_PP_455.png,0.967203,0.024781,0.007832,0.000025,0.000158,anodr
20060523_49681_0100_PP_1363.png,0.970353,0.029241,0.000392,0.000003,0.000010,anodr
20060523_49726_0100_PP_989.png,0.985156,0.014776,0.000061,0.000001,0.000005,anodr
20060523_49745_0100_PP_1108.png,0.985389,0.014578,0.000029,0.000000,0.000004,anodr
20060523_50153_0100_PP_558.png,0.998483,0.001501,0.000014,0.000000,0.000003,anodr
20060523_50325_0100_PP_1051.png,0.996808,0.003162,0.000027,0.000001,0.000003,anodr
20060523_50342_0100_PP_1211.png,0.997130,0.002849,0.000018,0.000001,0.000003,anodr
20060523_50616_0100_PP_136.png,0.997001,0.002961,0.000035,0.000000,0.000003,anodr
20060523_50631_0100_PP_91.png,0.999892,0.000106,0.000001,0.000000,0.000000,anodr
20060529_56013_0100_PP_1065.png,0.997436,0.002418,0.000128,0.000001,0.000018,anodr
20060529_56039_0100_PP_931.png,0.999916,0.000082,0.000001,0.000000,0.000000,anodr
20060529_56420_0100_PP_466.png,0.998195,0.001782,0.000020,0.000000,0.000002,anodr
20060529_56442_0100_PP_75.png,0.999926,0.000073,0.000000,0.000000,0.000000,anodr
20060529_56563_0100_PP_100.png,0.991608,0.008341,0.000046,0.000001,0.000005,anodr
20060529_56592_0100_PP_381.png,0.997884,0.002081,0.000031,0.000000,0.000004,anodr
20060529_56948_0100_PP_857.png,0.998722,0.001268,0.000008,0.000000,0.000001,anodr
20060529_56968_0100_PP_1131.png,0.998790,0.001203,0.000005,0.000000,0.000002,anodr
20060529_57261_0100_PP_1059.png,0.952069,0.047173,0.000734,0.000003,0.000019,anodr
20060529_57287_0100_PP_1172.png,0.998334,0.001649,0.000016,0.000000,0.000001,anodr
20060529_57351_0100_PP_1206.png,0.999819,0.000178,0.000002,0.000000,0.000001,anodr
20060529_57372_0100_PP_532.png,0.999959,0.000040,0.000000,0.000000,0.000001,anodr
20060530_51254_0100_PP_516.png,0.997916,0.002063,0.000019,0.000000,0.000002,anodr
20060530_51279_0100_PP_67.png,0.999299,0.000688,0.000011,0.000000,0.000001,anodr
20060530_53042_0100_PP_469.png,0.970590,0.029090,0.000266,0.000004,0.000050,anodr
20060530_53062_0100_PP_1377.png,0.994818,0.005084,0.000073,0.000001,0.000024,anodr
20060530_53132_0100_PP_899.png,0.995006,0.004981,0.000008,0.000000,0.000005,anodr
20060530_53152_0100_PP_1227.png,0.998558,0.001418,0.000018,0.000001,0.000005,anodr
20060530_53597_0100_PP_565.png,0.998507,0.001476,0.000015,0.000000,0.000002,anodr
20060530_53742_0100_PP_1137.png,0.998864,0.001086,0.000047,0.000000,0.000003,anodr
20060530_53761_0100_PP_1160.png,0.999720,0.000270,0.000008,0.000000,0.000002,anodr
20060530_53816_0100_PP_1135.png,0.999949,0.000051,0.000000,0.000000,0.000000,anodr
20060530_53836_0100_PP_1343.png,0.999943,0.000056,0.000000,0.000000,0.000000,anodr
20060530_53928_0100_PP_353.png,0.989015,0.010777,0.000194,0.000001,0.000014,anodr
20060530_53954_0100_PP_103.png,0.999060,0.000921,0.000017,0.000000,0.000002,anodr
20060530_55180_0100_PP_1124.png,0.990016,0.009890,0.000086,0.000001,0.000007,anodr
20060530_55607_0100_PP_1222.png,0.990758,0.009042,0.000182,0.000002,0.000016,anodr
IM000056_1358.png,0.997513,0.002420,0.000059,0.000001,0.000008,anodr
IM000057_872.png,0.991638,0.007154,0.001178,0.000003,0.000027,anodr
IM000072_1306.png,0.999763,0.000188,0.000033,0.000001,0.000016,anodr
IM000073_70.png,0.999868,0.000127,0.000001,0.000000,0.000004,anodr
IM000080_434.png,0.019034,0.243032,0.736390,0.000159,0.001385,cmoderatedr
IM000086_333.png,0.999814,0.000185,0.000001,0.000000,0.000000,anodr
IM000087_331.png,0.996232,0.003716,0.000044,0.000001,0.000007,anodr
IM000100_1007.png,0.986101,0.012132,0.001737,0.000003,0.000027,anodr
IM000101_1070.png,0.975818,0.023686,0.000479,0.000002,0.000015,anodr
IM000107_863.png,0.529517,0.422849,0.046914,0.000162,0.000558,anodr
IM000108_991.png,0.980537,0.019033,0.000362,0.000008,0.000060,anodr
IM000114_349.png,0.987623,0.011254,0.001051,0.000004,0.000069,anodr
