filename,pred_label,pred_index,score_anodr,score_bmilddr,score_cmoderatedr,score_dseveredr,score_eproliferativedr
20051020_43808_0100_PP_967.png,anodr,0,0.499639,0.274181,0.172502,0.020723,0.032955
20051020_44261_0100_PP_1191.png,anodr,0,0.888583,0.044543,0.025133,0.021227,0.020513
20051020_44284_0100_PP_502.png,anodr,0,0.887809,0.044061,0.026201,0.021563,0.020366
20051020_44338_0100_PP_547.png,anodr,0,0.850457,0.068309,0.039083,0.020818,0.021332
20051020_44400_0100_PP_920.png,anodr,0,0.850541,0.074147,0.034918,0.019350,0.021045
20051020_44431_0100_PP_514.png,anodr,0,0.854087,0.072732,0.033425,0.019073,0.020683
20051020_44692_0100_PP_419.png,anodr,0,0.885858,0.045973,0.026620,0.021307,0.020242
20051020_44714_0100_PP_1199.png,anodr,0,0.883044,0.048729,0.027072,0.020828,0.020326
20051020_44982_0100_PP_486.png,anodr,0,0.869088,0.060261,0.030384,0.019868,0.020399
20051020_56791_0100_PP_1185.png,anodr,0,0.876140,0.053841,0.029129,0.020585,0.020305
20051020_57157_0100_PP_971.png,anodr,0,0.884729,0.046718,0.027005,0.021342,0.020206
20051020_57967_0100_PP_829.png,anodr,0,0.877590,0.055088,0.027249,0.019675,0.020398
20051020_58065_0100_PP_561.png,anodr,0,0.780332,0.143854,0.036729,0.016709,0.022375
20051020_61757_0100_PP_484.png,anodr,0,0.889587,0.042557,0.025646,0.021904,0.020307
20051020_62461_0100_PP_76.png,anodr,0,0.862681,0.062863,0.033336,0.020249,0.020871
20051020_62510_0100_PP_106.png,bmilddr,1,0.073862,0.502050,0.351516,0.024298,0.048274
20051020_62577_0100_PP_479.png,anodr,0,0.882600,0.049303,0.027085,0.020736,0.020276
20051020_62615_0100_PP_294.png,anodr,0,0.885832,0.046468,0.026258,0.021161,0.020281
20051020_63269_0100_PP_1183.png,anodr,0,0.880717,0.050744,0.027655,0.020632,0.020252
20051020_63337_0100_PP_471.png,anodr,0,0.881185,0.051012,0.027227,0.020323,0.020253
20051020_64249_0100_PP_1004.png,anodr,0,0.883259,0.047259,0.028007,0.021244,0.020232
20051020_64388_0100_PP_1194.png,anodr,0,0.889077,0.042897,0.025933,0.021827,0.020266
20051020_64653_0100_PP_124.png,anodr,0,0.881907,0.050322,0.026893,0.020579,0.020300
20051020_64775_0100_PP_480.png,anodr,0,0.889599,0.043967,0.024760,0.021127,0.020547
20051020_64836_0100_PP_1270.png,anodr,0,0.880274,0.050299,0.028504,0.020601,0.020321
20051021_36380_0100_PP_135.png,anodr,0,0.871875,0.057693,0.030097,0.020010,0.020325
20051021_36476_0100_PP_1243.png,anodr,0,0.881210,0.050935,0.027148,0.020403,0.020303
20051021_39845_0100_PP_315.png,anodr,0,0.885620,0.046953,0.026342,0.020869,0.020217
20051021_39914_0100_PP_1352.png,anodr,0,0.879079,0.051137,0.028985,0.020634,0.020165
20051021_51418_0100_PP_18.png,anodr,0,0.816462,0.109690,0.034752,0.017381,0.021716
20051021_51476_0100_PP_150.png,anodr,0,0.836325,0.092108,0.032587,0.017734,0.021246
20051021_51936_0100_PP_1379.png,anodr,0,0.860820,0.063642,0.034370,0.020443,0.020725
20051021_51994_0100_PP_1283.png,anodr,0,0.870500,0.057381,0.031095,0.020613,0.020412
20051021_57798_0100_PP_1322.png,anodr,0,0.862068,0.069149,0.029383,0.018787,0.020613
20051021_57862_0100_PP_372.png,anodr,0,0.756136,0.163286,0.040904,0.016952,0.022722
20051021_57975_0100_PP_517.png,anodr,0,0.885908,0.046723,0.026132,0.020855,0.020382
20051021_58035_0100_PP_1138.png,anodr,0,0.886035,0.046832,0.025971,0.020797,0.020365
20051021_58388_0100_PP_1300.png,anodr,0,0.885606,0.045547,0.027177,0.021384,0.020285
20051021_58522_0100_PP_50.png,anodr,0,0.886616,0.045062,0.026643,0.021429,0.020249
20051109_57843_0400_PP_1109.png,anodr,0,0.862922,0.066834,0.030779,0.018972,0.020493
20051109_59969_0400_PP_1079.png,anodr,0,0.882379,0.048782,0.027639,0.021037,0.020162
20051109_60031_0400_PP_528.png,anodr,0,0.879939,0.051050,0.028162,0.020654,0.020195
20051109_60136_0400_PP_905.png,anodr,0,0.877001,0.053720,0.028747,0.020345,0.020187
20051110_33960_0400_PP_35.png,anodr,0,0.876596,0.054191,0.028622,0.020316,0.020276
20051110_34013_0400_PP_151.png,anodr,0,0.877224,0.053688,0.028586,0.020291,0.020212
20051110_35239_0400_PP_836.png,anodr,0,0.890086,0.042784,0.025213,0.021618,0.020299
20051110_35279_0400_PP_1033.png,anodr,0,0.883170,0.048446,0.027235,0.020790,0.020358
20051110_35332_0400_PP_497.png,anodr,0,0.877002,0.052881,0.029286,0.020665,0.020167
20051110_37992_0400_PP_1043.png,anodr,0,0.874983,0.054488,0.029853,0.020239,0.020437
20051110_38111_0400_PP_429.png,anodr,0,0.881766,0.049797,0.027472,0.020737,0.020227
20051110_38156_0400_PP_477.png,anodr,0,0.842701,0.083113,0.034698,0.018329,0.021159
20051110_38280_0400_PP_83.png,anodr,0,0.872909,0.058214,0.028823,0.019685,0.020369
20051110_38313_0400_PP_1041.png,anodr,0,0.882671,0.047187,0.028596,0.021396,0.020149
20051110_38352_0400_PP_934.png,anodr,0,0.888155,0.043677,0.026186,0.021698,0.020284
20051110_38472_0400_PP_1127.png,anodr,0,0.866899,0.062706,0.030516,0.019492,0.020388
20051110_38507_0400_PP_1190.png,bmilddr,1,0.126275,0.773908,0.055219,0.017435,0.027163
20051116_43388_0400_PP_344.png,anodr,0,0.877811,0.053812,0.028025,0.020107,0.020245
20051116_43585_0400_PP_950.png,anodr,0,0.878484,0.052831,0.028115,0.020340,0.020231
20051116_43710_0400_PP_95.png,anodr,0,0.861706,0.064569,0.033298,0.019661,0.020766
20051116_43721_0400_PP_363.png,anodr,0,0.836684,0.082429,0.040276,0.018979,0.021632
20051116_43785_0400_PP_445.png,anodr,0,0.877382,0.052453,0.029213,0.020796,0.020156
20051116_43801_0400_PP_325.png,anodr,0,0.882553,0.048908,0.027363,0.021000,0.020176
20051116_44648_0400_PP_1036.png,anodr,0,0.878325,0.050991,0.028960,0.021229,0.020495
20051117_37042_0400_PP_1119.png,anodr,0,0.787426,0.133013,0.039530,0.017670,0.022359
20051117_37051_0400_PP_1136.png,bmilddr,1,0.335210,0.573003,0.052088,0.015816,0.023883
20051117_37078_0400_PP_559.png,cmoderatedr,2,0.146929,0.272231,0.523204,0.022412,0.035224
20051117_37100_0400_PP_1083.png,bmilddr,1,0.291355,0.400380,0.254995,0.018928,0.034342
20051117_37130_0400_PP_938.png,anodr,0,0.873484,0.057035,0.029268,0.019930,0.020283
20051117_37155_0400_PP_84.png,bmilddr,1,0.092420,0.558588,0.287817,0.020829,0.040346
20051117_37185_0400_PP_404.png,anodr,0,0.879646,0.050337,0.028792,0.021116,0.020110
20051117_37321_0400_PP_947.png,anodr,0,0.879665,0.052073,0.027716,0.020347,0.020199
20051130_53586_0400_PP_1121.png,bmilddr,1,0.147547,0.760365,0.050103,0.016619,0.025366
20051130_53623_0400_PP_894.png,anodr,0,0.874744,0.053910,0.030702,0.020273,0.020372
20051130_53663_0400_PP_510.png,anodr,0,0.879831,0.050391,0.028756,0.020712,0.020311
20051130_53991_0400_PP_277.png,anodr,0,0.883568,0.048444,0.026956,0.020881,0.020150
20051130_54030_0400_PP_946.png,anodr,0,0.887901,0.044325,0.025899,0.021586,0.020288
20051130_54077_0400_PP_1117.png,anodr,0,0.880271,0.051221,0.027885,0.020421,0.020203
20051130_54121_0400_PP_1281.png,anodr,0,0.869299,0.061438,0.029500,0.019299,0.020464
20051130_54257_0400_PP_506.png,anodr,0,0.882091,0.050369,0.026833,0.020423,0.020284
20051130_54301_0400_PP_93.png,anodr,0,0.804283,0.120425,0.036176,0.017088,0.022028
20051130_54323_0400_PP_978.png,anodr,0,0.862479,0.064935,0.032129,0.019814,0.020643
20051130_54476_0400_PP_394.png,anodr,0,0.886933,0.045244,0.026368,0.021229,0.020227
20051130_54498_0400_PP_1217.png,anodr,0,0.885901,0.045830,0.026752,0.021225,0.020292
20051130_54595_0400_PP_940.png,bmilddr,1,0.133526,0.728386,0.092119,0.017113,0.028856
20051130_54802_0400_PP_550.png,bmilddr,1,0.327128,0.367979,0.250450,0.019540,0.034902
20051130_54846_0400_PP_289.png,anodr,0,0.864380,0.060667,0.033977,0.020328,0.020648
20051130_54943_0400_PP_1044.png,anodr,0,0.888587,0.044089,0.025667,0.021372,0.020284
20051130_54956_0400_PP_875.png,anodr,0,0.889334,0.043241,0.025513,0.021600,0.020311
20051130_55004_0400_PP_1259.png,anodr,0,0.883561,0.047489,0.027448,0.021293,0.020209
20051130_55012_0400_PP_865.png,anodr,0,0.882291,0.049473,0.027155,0.020871,0.020210
20051130_55037_0400_PP_443.png,anodr,0,0.853871,0.069757,0.035816,0.019387,0.021169
20051130_55048_0400_PP_921.png,anodr,0,0.888167,0.044181,0.025919,0.021488,0.020245
20051130_55074_0400_PP_986.png,anodr,0,0.866358,0.061294,0.031929,0.019845,0.020575
20051130_55086_0400_PP_1152.png,anodr,0,0.881114,0.050289,0.027492,0.020823,0.020281
20051130_55107_0400_PP_316.png,anodr,0,0.883327,0.048537,0.027107,0.020835,0.020194
20051130_55160_0400_PP_1182.png,anodr,0,0.879140,0.051872,0.028357,0.020474,0.020157
20051130_55269_0400_PP_820.png,anodr,0,0.870399,0.058903,0.030312,0.019976,0.020410
20051130_55311_0400_PP_896.png,anodr,0,0.878465,0.054116,0.027183,0.019926,0.020309
20051130_55323_0400_PP_883.png,anodr,0,0.857369,0.072072,0.031093,0.018703,0.020763
20051130_55381_0400_PP_504.png,anodr,0,0.884903,0.046755,0.026839,0.021263,0.020240
20051130_55393_0400_PP_1251.png,anodr,0,0.876697,0.053414,0.029233,0.020457,0.020199
20051130_58716_0400_PP_355.png,anodr,0,0.530791,0.263017,0.155415,0.019851,0.030926
20051130_58824_0400_PP_1181.png,anodr,0,0.765010,0.128535,0.063103,0.018929,0.024424
20051130_58874_0400_PP_1359.png,anodr,0,0.872210,0.055252,0.031431,0.020774,0.020333
20051130_58888_0400_PP_284.png,bmilddr,1,0.361117,0.547421,0.051973,0.015484,0.024005
20051130_58962_0400_PP_973.png,anodr,0,0.880114,0.050638,0.028057,0.020922,0.020268
20051130_58998_0400_PP_543.png,anodr,0,0.871915,0.054465,0.032165,0.020828,0.020626
20051130_59029_0400_PP_270.png,anodr,0,0.883059,0.047190,0.028055,0.021260,0.020436
20051130_59186_0400_PP_350.png,anodr,0,0.882269,0.049471,0.027341,0.020749,0.020170
20051130_59284_0400_PP_853.png,anodr,0,0.879075,0.052862,0.027644,0.020234,0.020185
20051130_59374_0400_PP_410.png,anodr,0,0.887899,0.043851,0.026140,0.021841,0.020269
20051130_59404_0400_PP_392.png,anodr,0,0.864514,0.065623,0.030033,0.019118,0.020712
20051130_59457_0400_PP_1053.png,anodr,0,0.873204,0.058412,0.028511,0.019557,0.020316
20051130_59464_0400_PP_1141.png,anodr,0,0.886271,0.045911,0.026233,0.021275,0.020311
20051130_59749_0400_PP_965.png,anodr,0,0.885088,0.047687,0.026185,0.020815,0.020224
20051130_59775_0400_PP_1224.png,anodr,0,0.883211,0.048353,0.027210,0.020975,0.020250
20051130_59793_0400_PP_926.png,anodr,0,0.878384,0.052122,0.028778,0.020517,0.020199
20051130_59802_0400_PP_430.png,anodr,0,0.872920,0.057663,0.029306,0.019781,0.020330
20051130_59850_0400_PP_36.png,anodr,0,0.885997,0.046534,0.026173,0.021021,0.020275
20051130_59869_0400_PP_520.png,anodr,0,0.885777,0.047451,0.025774,0.020609,0.020389
20051130_59964_0400_PP_312.png,anodr,0,0.879998,0.050963,0.028136,0.020716,0.020187
20051130_59993_0400_PP_439.png,cmoderatedr,2,0.039772,0.134677,0.765986,0.025010,0.034554
20051130_60040_0400_PP_1355.png,anodr,0,0.887045,0.045878,0.025672,0.021087,0.020318
20051130_60066_0400_PP_1170.png,anodr,0,0.883659,0.048213,0.026802,0.021006,0.020320
20051130_60186_0400_PP_1365.png,anodr,0,0.876852,0.054010,0.028574,0.020322,0.020242
20051130_60234_0400_PP_453.png,anodr,0,0.876848,0.054039,0.028588,0.020302,0.020223
20051130_60448_0400_PP_860.png,anodr,0,0.872808,0.053938,0.031916,0.020911,0.020426
20051130_60490_0400_PP_828.png,anodr,0,0.877000,0.051426,0.030378,0.020970,0.020226
20051130_60532_0400_PP_1052.png,anodr,0,0.876711,0.052525,0.029722,0.020841,0.020200
20051130_60562_0400_PP_121.png,bmilddr,1,0.170649,0.723739,0.063673,0.016162,0.025777
20051130_60601_0400_PP_146.png,anodr,0,0.882580,0.049284,0.027164,0.020736,0.020236
20051130_60630_0400_PP_60.png,anodr,0,0.884889,0.047173,0.026721,0.021056,0.020160
20051130_60691_0400_PP_939.png,anodr,0,0.832318,0.088673,0.038343,0.018935,0.021730
20051130_60715_0400_PP_555.png,anodr,0,0.802370,0.112365,0.044132,0.018505,0.022629
20051130_60740_0400_PP_1166.png,anodr,0,0.877262,0.051338,0.030062,0.021224,0.020114
20051130_60794_0400_PP_280.png,anodr,0,0.866194,0.061230,0.031907,0.019977,0.020692
20051130_60822_0400_PP_980.png,anodr,0,0.878608,0.052568,0.028188,0.020362,0.020273
20051201_37312_0400_PP_1333.png,anodr,0,0.857969,0.067292,0.034256,0.019787,0.020696
20051201_37337_0400_PP_839.png,anodr,0,0.848996,0.076942,0.033964,0.018885,0.021213
20051201_37382_0400_PP_1350.png,anodr,0,0.886428,0.046437,0.026020,0.020949,0.020166
20051201_37390_0400_PP_833.png,anodr,0,0.881129,0.051525,0.026961,0.020144,0.020242
20051201_37409_0400_PP_1340.png,anodr,0,0.874586,0.055242,0.029535,0.020349,0.020289
20051201_37462_0400_PP_357.png,anodr,0,0.817552,0.106197,0.036755,0.017730,0.021766
20051201_37534_0400_PP_906.png,anodr,0,0.868329,0.059904,0.031322,0.020144,0.020302
20051201_37557_0400_PP_1336.png,anodr,0,0.870830,0.057564,0.030985,0.020340,0.020281
20051201_38041_0400_PP_1312.png,anodr,0,0.884193,0.047451,0.027041,0.021101,0.020214
20051201_38081_0400_PP_963.png,anodr,0,0.882803,0.049239,0.026907,0.020721,0.020330
20051201_38103_0400_PP_81.png,anodr,0,0.870104,0.059975,0.029643,0.019775,0.020503
20051201_38137_0400_PP_391.png,anodr,0,0.878038,0.051948,0.029092,0.020791,0.020132
20051201_38155_0400_PP_112.png,cmoderatedr,2,0.067280,0.190219,0.684336,0.023693,0.034473
20051201_38164_0400_PP_881.png,bmilddr,1,0.198465,0.600955,0.151908,0.017316,0.031356
20051201_38199_0400_PP_1329.png,anodr,0,0.745578,0.162904,0.049951,0.017810,0.023757
20051201_38211_0400_PP_1174.png,anodr,0,0.873704,0.055721,0.030116,0.020288,0.020170
20051201_38246_0400_PP_1063.png,anodr,0,0.884115,0.048530,0.026503,0.020610,0.020241
20051201_38262_0400_PP_335.png,anodr,0,0.876225,0.054057,0.029103,0.020367,0.020248
20051201_38280_0400_PP_1103.png,anodr,0,0.887228,0.045475,0.025740,0.021215,0.020342
20051201_38291_0400_PP_468.png,anodr,0,0.888217,0.044422,0.025481,0.021405,0.020475
20051201_38321_0400_PP_903.png,anodr,0,0.856043,0.069585,0.034129,0.019532,0.020711
20051201_38349_0400_PP_892.png,anodr,0,0.857378,0.070498,0.032347,0.019053,0.020723
20051201_38466_0400_PP_572.png,anodr,0,0.874410,0.056887,0.028259,0.019990,0.020454
20051201_38475_0400_PP_560.png,anodr,0,0.888426,0.043435,0.025990,0.021918,0.020231
20051202_37162_0400_PP_29.png,bmilddr,1,0.089512,0.768843,0.088006,0.019494,0.034145
20051202_51599_0400_PP_966.png,anodr,0,0.865899,0.063457,0.030615,0.019546,0.020484
20051202_51616_0400_PP_1018.png,anodr,0,0.874830,0.056427,0.028564,0.019825,0.020354
20051205_57651_0400_PP_52.png,anodr,0,0.884321,0.048515,0.026303,0.020615,0.020246
20051205_57704_0400_PP_1167.png,anodr,0,0.883960,0.048448,0.026706,0.020687,0.020198
20051205_57757_0400_PP_1100.png,anodr,0,0.853735,0.072951,0.033493,0.019065,0.020756
20051205_57780_0400_PP_1102.png,anodr,0,0.782667,0.135279,0.041928,0.017684,0.022442
20051205_57799_0400_PP_868.png,bmilddr,1,0.096637,0.788654,0.063485,0.019099,0.032125
20051205_57809_0400_PP_1228.png,anodr,0,0.852741,0.074375,0.033097,0.018913,0.020874
20051205_57838_0400_PP_859.png,anodr,0,0.883441,0.048715,0.026874,0.020655,0.020315
20051205_57879_0400_PP_1254.png,anodr,0,0.888160,0.044729,0.025517,0.021299,0.020294
20051205_57942_0400_PP_990.png,anodr,0,0.887962,0.044714,0.025749,0.021316,0.020260
20051205_57988_0400_PP_1112.png,anodr,0,0.888719,0.044236,0.025384,0.021334,0.020327
20051205_58037_0400_PP_835.png,anodr,0,0.879614,0.051726,0.028028,0.020366,0.020267
20051205_58060_0400_PP_376.png,anodr,0,0.881496,0.049922,0.027652,0.020610,0.020320
20051205_58080_0400_PP_1034.png,anodr,0,0.631503,0.231637,0.090711,0.018321,0.027828
20051205_58091_0400_PP_292.png,anodr,0,0.850618,0.072154,0.036722,0.019541,0.020965
20051205_58109_0400_PP_1311.png,anodr,0,0.881716,0.051138,0.026665,0.020216,0.020266
20051205_58125_0400_PP_46.png,bmilddr,1,0.240118,0.679373,0.042136,0.014922,0.023452
20051205_58150_0400_PP_393.png,anodr,0,0.889182,0.043541,0.025360,0.021639,0.020278
20051205_58177_0400_PP_503.png,anodr,0,0.812915,0.114287,0.034098,0.017120,0.021579
20051205_58354_0400_PP_1282.png,anodr,0,0.886452,0.046331,0.025869,0.021073,0.020275
20051205_58373_0400_PP_55.png,anodr,0,0.873003,0.057192,0.029438,0.020114,0.020252
20051205_58409_0400_PP_985.png,anodr,0,0.872198,0.057010,0.030345,0.020194,0.020253
20051205_58431_0400_PP_493.png,anodr,0,0.876868,0.053960,0.028687,0.020203,0.020282
20051205_58458_0400_PP_309.png,anodr,0,0.884058,0.047839,0.026919,0.020975,0.020210
20051205_58502_0400_PP_482.png,anodr,0,0.877290,0.053605,0.028659,0.020292,0.020154
20051205_58613_0400_PP_843.png,anodr,0,0.882078,0.049509,0.027415,0.020724,0.020274
20051205_59240_0400_PP_301.png,anodr,0,0.881632,0.050451,0.027241,0.020452,0.020224
20051205_59337_0400_PP_945.png,anodr,0,0.878366,0.052663,0.028276,0.020397,0.020297
20051205_59351_0400_PP_332.png,anodr,0,0.886450,0.045903,0.026225,0.021196,0.020226
20051205_59367_0400_PP_816.png,anodr,0,0.773349,0.133342,0.051761,0.018081,0.023467
20051205_59379_0400_PP_842.png,anodr,0,0.888842,0.043482,0.025724,0.021652,0.020300
20051205_59510_0400_PP_329.png,anodr,0,0.861467,0.067508,0.031364,0.018921,0.020740
20051205_59538_0400_PP_534.png,bmilddr,1,0.169226,0.743384,0.046513,0.015810,0.025067
20051205_59617_0400_PP_1000.png,anodr,0,0.881907,0.050740,0.026853,0.020319,0.020181
20051205_59651_0400_PP_1164.png,anodr,0,0.874524,0.056967,0.028499,0.019683,0.020327
20051205_59738_0400_PP_119.png,anodr,0,0.887271,0.044936,0.026096,0.021403,0.020294
20051205_59754_0400_PP_880.png,anodr,0,0.884821,0.047871,0.026202,0.020789,0.020317
20051205_59833_0400_PP_531.png,anodr,0,0.875277,0.055126,0.029185,0.020186,0.020226
20051205_59858_0400_PP_523.png,anodr,0,0.873402,0.056794,0.029380,0.020084,0.020341
20051205_59901_0400_PP_417.png,anodr,0,0.884162,0.048491,0.026453,0.020632,0.020262
20051205_59923_0400_PP_1307.png,anodr,0,0.889607,0.043509,0.025028,0.021460,0.020397
20051205_60093_0400_PP_1286.png,anodr,0,0.891233,0.041780,0.024697,0.021816,0.020474
20051205_60119_0400_PP_451.png,anodr,0,0.887646,0.044453,0.026031,0.021538,0.020332
20051213_61406_0100_PP_1027.png,anodr,0,0.773030,0.145888,0.041089,0.017212,0.022780
20051213_61802_0100_PP_408.png,bmilddr,1,0.345570,0.574778,0.041373,0.014992,0.023288
20051213_61892_0100_PP_837.png,anodr,0,0.886895,0.045280,0.026225,0.021373,0.020226
20051213_61951_0100_PP_983.png,anodr,0,0.888520,0.043743,0.025891,0.021623,0.020223
20051213_62251_0100_PP_27.png,anodr,0,0.878973,0.051832,0.028282,0.020631,0.020282
20051213_62314_0100_PP_1325.png,anodr,0,0.881029,0.049595,0.027950,0.021067,0.020359
20051213_62518_0100_PP_821.png,anodr,0,0.886247,0.045915,0.026463,0.021233,0.020142
20051213_62572_0100_PP_1176.png,anodr,0,0.887982,0.044145,0.026002,0.021609,0.020261
20051214_40529_0100_PP_1120.png,anodr,0,0.883900,0.047166,0.027579,0.021197,0.020158
20051214_40767_0100_PP_1039.png,anodr,0,0.877485,0.052269,0.029230,0.020798,0.020218
20051214_40994_0100_PP_435.png,anodr,0,0.883903,0.048569,0.026536,0.020727,0.020266
20051214_41055_0100_PP_41.png,anodr,0,0.885175,0.047474,0.026187,0.020838,0.020325
20051214_42133_0100_PP_462.png,anodr,0,0.868369,0.061170,0.030419,0.019640,0.020402
20051214_42197_0100_PP_1288.png,anodr,0,0.877527,0.053126,0.028582,0.020457,0.020308
20051214_42323_0100_PP_845.png,anodr,0,0.876113,0.056330,0.027618,0.019565,0.020374
20051214_42363_0100_PP_42.png,anodr,0,0.882208,0.050525,0.026614,0.020326,0.020326
20051214_51178_0100_PP_1380.png,anodr,0,0.885577,0.046569,0.026456,0.021113,0.020285
20051214_51211_0100_PP_511.png,anodr,0,0.886800,0.046022,0.025867,0.020999,0.020313
20051214_51308_0100_PP_1342.png,anodr,0,0.881999,0.048263,0.028310,0.021235,0.020193
20051214_51342_0100_PP_970.png,anodr,0,0.883201,0.047854,0.027625,0.021139,0.020181
20051214_51442_0100_PP_28.png,anodr,0,0.871917,0.057121,0.030528,0.020168,0.020267
20051214_51469_0100_PP_1060.png,anodr,0,0.778089,0.124380,0.054577,0.018806,0.024148
20051214_56242_0100_PP_337.png,cmoderatedr,2,0.053462,0.126076,0.765551,0.024015,0.030896
20051214_56392_0100_PP_1037.png,anodr,0,0.891673,0.041582,0.024649,0.021742,0.020355
20051214_56438_0100_PP_22.png,anodr,0,0.889709,0.043259,0.025190,0.021462,0.020379
20051214_56636_0100_PP_128.png,anodr,0,0.877125,0.053481,0.028737,0.020448,0.020209
20051214_56688_0100_PP_120.png,anodr,0,0.859834,0.040372,0.009702,0.028740,0.061350
20051214_57761_0100_PP_356.png,anodr,0,0.862893,0.062802,0.033295,0.020194,0.020815
20051214_57817_0100_PP_876.png,anodr,0,0.869492,0.059911,0.030132,0.019916,0.020549
20051216_43913_0200_PP_1367.png,anodr,0,0.887925,0.045217,0.025411,0.021149,0.020299
20051216_44066_0200_PP_426.png,anodr,0,0.812825,0.099720,0.046738,0.018455,0.022262
20051216_44092_0200_PP_1090.png,cmoderatedr,2,0.071034,0.404999,0.461621,0.021214,0.041132
20051216_44221_0200_PP_548.png,anodr,0,0.890566,0.043022,0.024714,0.021378,0.020320
20051216_44252_0200_PP_952.png,anodr,0,0.889343,0.044127,0.025045,0.021224,0.020262
20051216_44398_0200_PP_1235.png,anodr,0,0.888553,0.044651,0.025330,0.021164,0.020303
20051216_44420_0200_PP_379.png,anodr,0,0.886275,0.046739,0.025851,0.020864,0.020271
20051216_44635_0200_PP_415.png,anodr,0,0.890268,0.043701,0.024466,0.021163,0.020402
20051216_44660_0200_PP_888.png,anodr,0,0.882290,0.050740,0.026423,0.020269,0.020279
20051216_44811_0200_PP_567.png,anodr,0,0.890449,0.042801,0.024820,0.021543,0.020386
20051216_44832_0200_PP_1082.png,anodr,0,0.891227,0.042216,0.024540,0.021583,0.020434
20051216_45076_0200_PP_818.png,anodr,0,0.873860,0.057133,0.028855,0.019899,0.020252
20051216_45499_0200_PP_1071.png,anodr,0,0.892880,0.040377,0.024299,0.022071,0.020372
20051216_45781_0200_PP_320.png,anodr,0,0.879557,0.051892,0.027930,0.020444,0.020176
20051216_45873_0200_PP_832.png,anodr,0,0.890924,0.042522,0.024640,0.021597,0.020318
20051216_45992_0200_PP_341.png,anodr,0,0.882217,0.049680,0.027179,0.020647,0.020277
20051216_46018_0200_PP_1216.png,anodr,0,0.879927,0.052386,0.027188,0.020175,0.020323
20051216_46183_0200_PP_1204.png,anodr,0,0.887495,0.045756,0.025436,0.021015,0.020299
20051216_47514_0200_PP_110.png,anodr,0,0.884908,0.047686,0.026423,0.020811,0.020171
20051216_47536_0200_PP_1339.png,anodr,0,0.887597,0.045106,0.025839,0.021244,0.020212
20060407_38711_0200_PP_283.png,anodr,0,0.854173,0.069552,0.035689,0.019738,0.020848
20060407_38970_0200_PP_1111.png,anodr,0,0.867052,0.061122,0.031536,0.019919,0.020371
20060407_39155_0200_PP_855.png,anodr,0,0.894103,0.039583,0.023653,0.022101,0.020560
20060407_39184_0200_PP_373.png,anodr,0,0.893092,0.040332,0.024045,0.022033,0.020497
20060407_39306_0200_PP_1074.png,anodr,0,0.891687,0.041537,0.024577,0.021785,0.020415
20060407_39328_0200_PP_893.png,anodr,0,0.887720,0.044794,0.025906,0.021206,0.020374
20060407_39435_0200_PP_1214.png,anodr,0,0.850056,0.070161,0.038030,0.020326,0.021427
20060407_39546_0200_PP_545.png,anodr,0,0.889432,0.043399,0.025281,0.021624,0.020264
20060407_39567_0200_PP_1168.png,anodr,0,0.886757,0.045684,0.025979,0.021307,0.020272
20060407_39687_0200_PP_101.png,anodr,0,0.868375,0.063105,0.029040,0.018998,0.020482
20060407_39761_0200_PP_518.png,anodr,0,0.890040,0.043360,0.024906,0.021386,0.020308
20060407_39780_0200_PP_1006.png,anodr,0,0.888357,0.044652,0.025349,0.021304,0.020339
20060407_40740_0200_PP_314.png,anodr,0,0.887167,0.045649,0.025802,0.021110,0.020272
20060407_40761_0200_PP_282.png,anodr,0,0.885722,0.046736,0.026370,0.020953,0.020219
20060407_41149_0200_PP_26.png,anodr,0,0.882238,0.048226,0.028290,0.020809,0.020437
20060407_41177_0200_PP_1104.png,anodr,0,0.494222,0.290396,0.165746,0.018501,0.031135
20060407_41312_0200_PP_895.png,anodr,0,0.891830,0.041747,0.024413,0.021661,0.020348
20060407_41980_0200_PP_1347.png,anodr,0,0.887172,0.045594,0.025789,0.021193,0.020252
20060407_42099_0200_PP_77.png,anodr,0,0.888420,0.044486,0.025624,0.021327,0.020142
20060407_42133_0200_PP_488.png,anodr,0,0.883383,0.048861,0.026806,0.020735,0.020215
20060407_42290_0200_PP_1107.png,anodr,0,0.892753,0.040219,0.024355,0.022154,0.020519
20060407_42308_0200_PP_1278.png,anodr,0,0.893844,0.039799,0.023669,0.022073,0.020615
20060407_43223_0200_PP_47.png,anodr,0,0.643774,0.210436,0.098726,0.018916,0.028148
20060407_43258_0200_PP_118.png,anodr,0,0.886462,0.045943,0.026200,0.021238,0.020157
20060407_43594_0200_PP_140.png,anodr,0,0.890020,0.043838,0.024627,0.021178,0.020337
20060407_43618_0200_PP_867.png,anodr,0,0.887581,0.046007,0.025277,0.020874,0.020261
20060407_43726_0200_PP_1128.png,anodr,0,0.888933,0.044263,0.025205,0.021297,0.020302
20060407_43746_0200_PP_1058.png,anodr,0,0.887914,0.045688,0.025188,0.020861,0.020348
20060407_43834_0200_PP_1162.png,anodr,0,0.885627,0.046492,0.026587,0.021156,0.020138
20060407_43856_0200_PP_862.png,anodr,0,0.881371,0.050593,0.027380,0.020526,0.020129
20060407_44042_0200_PP_1047.png,anodr,0,0.891172,0.042384,0.024491,0.021560,0.020393
20060407_44061_0200_PP_295.png,anodr,0,0.891260,0.042264,0.024505,0.021626,0.020345
20060407_44400_0200_PP_956.png,anodr,0,0.890858,0.042327,0.024868,0.021511,0.020436
20060407_44422_0200_PP_847.png,anodr,0,0.891364,0.041436,0.024870,0.021883,0.020447
20060407_44510_0200_PP_48.png,anodr,0,0.890497,0.042741,0.024918,0.021565,0.020278
20060407_44529_0200_PP_1212.png,anodr,0,0.889800,0.043470,0.024911,0.021506,0.020312
20060407_44743_0200_PP_824.png,anodr,0,0.884862,0.047780,0.026255,0.020953,0.020150
20060407_44766_0200_PP_89.png,anodr,0,0.883120,0.049380,0.026603,0.020668,0.020229
20060407_44866_0200_PP_293.png,anodr,0,0.885943,0.046656,0.026197,0.021019,0.020184
20060407_44889_0200_PP_830.png,anodr,0,0.888043,0.044942,0.025589,0.021214,0.020213
20060407_45107_0200_PP_1345.png,anodr,0,0.889971,0.043077,0.025050,0.021616,0.020286
20060407_45230_0200_PP_1297.png,anodr,0,0.889135,0.044149,0.025088,0.021302,0.020327
20060407_45247_0200_PP_1159.png,anodr,0,0.872116,0.060121,0.027925,0.019268,0.020570
20060407_45718_0200_PP_400.png,anodr,0,0.874455,0.055586,0.029501,0.019932,0.020525
20060407_45737_0200_PP_1089.png,anodr,0,0.886776,0.045691,0.026056,0.021225,0.020253
20060407_45834_0200_PP_1219.png,anodr,0,0.886951,0.046154,0.025607,0.020982,0.020306
20060407_45852_0200_PP_287.png,anodr,0,0.887577,0.046040,0.025179,0.020874,0.020331
20060407_45949_0200_PP_38.png,anodr,0,0.888058,0.045295,0.025254,0.021111,0.020282
20060407_46070_0200_PP_1236.png,anodr,0,0.829901,0.091267,0.038626,0.018497,0.021710
20060407_46235_0200_PP_566.png,anodr,0,0.887352,0.045210,0.025832,0.021280,0.020325
20060407_46257_0200_PP_827.png,anodr,0,0.889197,0.044012,0.025126,0.021387,0.020278
20060410_39047_0200_PP_457.png,anodr,0,0.892635,0.041037,0.024104,0.021808,0.020417
20060410_39075_0200_PP_953.png,anodr,0,0.891669,0.042093,0.024243,0.021551,0.020444
20060410_39229_0200_PP_1372.png,anodr,0,0.889731,0.044108,0.024691,0.021130,0.020340
20060410_39476_0200_PP_403.png,anodr,0,0.887681,0.045409,0.025566,0.021081,0.020264
20060410_39500_0200_PP_73.png,anodr,0,0.887322,0.045713,0.025668,0.021031,0.020265
20060410_39586_0200_PP_574.png,anodr,0,0.877989,0.053381,0.028250,0.020170,0.020209
20060410_39606_0200_PP_1148.png,anodr,0,0.886089,0.046778,0.026036,0.020900,0.020198
20060410_39695_0200_PP_1008.png,anodr,0,0.811221,0.112062,0.037408,0.017286,0.022023
20060410_39859_0200_PP_296.png,anodr,0,0.885260,0.047755,0.026050,0.020677,0.020258
20060410_39879_0200_PP_951.png,anodr,0,0.879794,0.052625,0.027237,0.020113,0.020231
20060410_39994_0200_PP_1378.png,anodr,0,0.874079,0.057532,0.028401,0.019711,0.020277
20060410_40403_0200_PP_1273.png,anodr,0,0.868609,0.059442,0.031470,0.020091,0.020388
20060410_40499_0200_PP_15.png,anodr,0,0.893253,0.040384,0.023956,0.021887,0.020521
20060410_40633_0200_PP_869.png,anodr,0,0.888745,0.044573,0.025113,0.021230,0.020338
20060410_40846_0200_PP_414.png,anodr,0,0.886420,0.046445,0.025969,0.020990,0.020176
20060410_40953_0200_PP_1362.png,anodr,0,0.889022,0.044402,0.025097,0.021175,0.020304
20060410_40979_0200_PP_1017.png,anodr,0,0.586092,0.282862,0.086184,0.016855,0.028007
20060410_41098_0200_PP_912.png,anodr,0,0.882327,0.049869,0.026945,0.020609,0.020250
20060410_41191_0200_PP_1364.png,anodr,0,0.883475,0.048622,0.027006,0.020798,0.020099
20060410_41209_0200_PP_1115.png,anodr,0,0.878515,0.052769,0.028075,0.020380,0.020261
20060410_41603_0200_PP_64.png,anodr,0,0.891139,0.042480,0.024562,0.021497,0.020323
20060410_41880_0200_PP_1266.png,anodr,0,0.889416,0.043489,0.025305,0.021497,0.020293
20060410_41901_0200_PP_1068.png,anodr,0,0.887065,0.045383,0.025988,0.021294,0.020269
20060410_43847_0200_PP_273.png,anodr,0,0.888285,0.044817,0.025533,0.021137,0.020228
20060410_43868_0200_PP_874.png,anodr,0,0.883403,0.048782,0.026965,0.020695,0.020156
20060410_43979_0200_PP_276.png,anodr,0,0.875965,0.054560,0.028953,0.020222,0.020301
20060410_44345_0200_PP_1011.png,anodr,0,0.889169,0.044064,0.025125,0.021324,0.020317
20060410_44364_0200_PP_1274.png,anodr,0,0.888562,0.044662,0.025207,0.021226,0.020343
20060410_44464_0200_PP_1255.png,anodr,0,0.892072,0.041106,0.024408,0.021901,0.020514
20060410_44504_0200_PP_474.png,anodr,0,0.892571,0.040754,0.024255,0.021934,0.020485
20060410_44601_0200_PP_1013.png,anodr,0,0.880756,0.051032,0.027575,0.020492,0.020145
20060410_44770_0200_PP_1320.png,cmoderatedr,2,0.031165,0.060233,0.844385,0.031857,0.032359
20060410_44802_0200_PP_1069.png,cmoderatedr,2,0.038208,0.101602,0.801895,0.026466,0.031830
20060410_44934_0200_PP_418.png,anodr,0,0.888548,0.044683,0.025218,0.021267,0.020283
20060410_45167_0200_PP_549.png,anodr,0,0.891766,0.041414,0.024531,0.021872,0.020417
20060410_45188_0200_PP_544.png,anodr,0,0.891216,0.041825,0.024866,0.021709,0.020384
20060410_47186_0200_PP_1143.png,anodr,0,0.883358,0.049409,0.026468,0.020472,0.020293
20060411_58071_0200_PP_1022.png,anodr,0,0.889853,0.043319,0.024900,0.021465,0.020463
20060411_58392_0200_PP_34.png,anodr,0,0.881486,0.051202,0.026801,0.020231,0.020280
20060411_58413_0200_PP_358.png,anodr,0,0.881709,0.051106,0.026703,0.020236,0.020246
20060411_58469_0200_PP_982.png,anodr,0,0.883101,0.048135,0.027689,0.020708,0.020367
20060411_58494_0200_PP_452.png,anodr,0,0.886209,0.045617,0.026696,0.021149,0.020329
20060411_58571_0200_PP_148.png,anodr,0,0.865886,0.061286,0.032178,0.020107,0.020543
20060411_58644_0200_PP_538.png,anodr,0,0.865003,0.064658,0.030568,0.019148,0.020623
20060411_58808_0200_PP_125.png,anodr,0,0.891818,0.042192,0.024164,0.021408,0.020418
20060411_58829_0200_PP_1091.png,anodr,0,0.889515,0.044178,0.024818,0.021083,0.020405
20060411_58891_0200_PP_929.png,anodr,0,0.891632,0.041677,0.024575,0.021762,0.020354
20060411_58913_0200_PP_1356.png,anodr,0,0.891410,0.041875,0.024653,0.021693,0.020369
20060411_60511_0200_PP_351.png,anodr,0,0.868548,0.061220,0.030395,0.019529,0.020307
20060411_61687_0200_PP_431.png,anodr,0,0.876316,0.055115,0.028266,0.020034,0.020270
20060411_61702_0200_PP_1040.png,bmilddr,1,0.112681,0.795064,0.044159,0.017582,0.030513
20060411_61869_0200_PP_955.png,anodr,0,0.889729,0.043674,0.025031,0.021275,0.020291
20060411_61901_0200_PP_288.png,bmilddr,1,0.418098,0.501376,0.042070,0.015052,0.023404
20060411_62036_0200_PP_59.png,anodr,0,0.887778,0.046039,0.025160,0.020777,0.020246
20060411_62058_0200_PP_948.png,anodr,0,0.883864,0.049130,0.026187,0.020504,0.020315
20060411_62162_0200_PP_97.png,anodr,0,0.831287,0.091777,0.037263,0.018223,0.021451
20060412_51835_0200_PP_1331.png,anodr,0,0.877835,0.053305,0.028467,0.020245,0.020147
20060412_51860_0200_PP_890.png,anodr,0,0.870592,0.056791,0.031588,0.020555,0.020474
20060412_52098_0200_PP_491.png,anodr,0,0.890517,0.043109,0.024701,0.021335,0.020338
20060412_52351_0200_PP_944.png,anodr,0,0.877174,0.052923,0.029163,0.020589,0.020151
20060412_52371_0200_PP_354.png,anodr,0,0.874575,0.054410,0.030235,0.020689,0.020092
20060412_52425_0200_PP_1292.png,anodr,0,0.891136,0.042098,0.024742,0.021602,0.020422
20060412_52446_0200_PP_533.png,anodr,0,0.891673,0.041668,0.024481,0.021763,0.020414
20060412_52606_0200_PP_1046.png,anodr,0,0.859381,0.068072,0.032471,0.019061,0.021016
20060412_52840_0200_PP_343.png,anodr,0,0.881067,0.050378,0.027774,0.020580,0.020201
20060412_57874_0200_PP_108.png,anodr,0,0.880344,0.050996,0.027873,0.020563,0.020224
20060412_57952_0200_PP_388.png,anodr,0,0.890870,0.041226,0.025371,0.022216,0.020317
20060412_57974_0200_PP_94.png,anodr,0,0.886085,0.044953,0.027245,0.021500,0.020217
20060412_58032_0200_PP_994.png,anodr,0,0.858757,0.069602,0.032038,0.019009,0.020594
20060412_58054_0200_PP_825.png,anodr,0,0.835795,0.091066,0.033929,0.017914,0.021295
20060412_58137_0200_PP_1215.png,anodr,0,0.886070,0.046328,0.026163,0.021063,0.020376
20060412_58723_0200_PP_1153.png,anodr,0,0.890281,0.042783,0.025059,0.021623,0.020254
20060412_58802_0200_PP_925.png,anodr,0,0.884338,0.048917,0.025934,0.020475,0.020336
20060412_58819_0200_PP_942.png,anodr,0,0.884348,0.048894,0.025997,0.020435,0.020326
20060412_59175_0200_PP_852.png,anodr,0,0.883136,0.048931,0.027022,0.020810,0.020101
20060412_59196_0200_PP_1021.png,anodr,0,0.860132,0.066610,0.033237,0.019453,0.020567
20060412_59259_0200_PP_364.png,anodr,0,0.887677,0.044907,0.025854,0.021288,0.020273
20060412_59338_0200_PP_423.png,anodr,0,0.888116,0.045221,0.025416,0.021091,0.020155
20060412_59355_0200_PP_977.png,anodr,0,0.886416,0.046915,0.025679,0.020725,0.020264
20060412_60751_0200_PP_822.png,anodr,0,0.887344,0.046585,0.025221,0.020565,0.020286
20060412_60773_0200_PP_319.png,anodr,0,0.887353,0.046477,0.025099,0.020706,0.020365
20060412_61064_0200_PP_1114.png,anodr,0,0.868804,0.060658,0.030478,0.019707,0.020353
20060412_61365_0200_PP_274.png,anodr,0,0.893832,0.040381,0.023451,0.021773,0.020564
20060412_61383_0200_PP_334.png,anodr,0,0.893935,0.039998,0.023511,0.022011,0.020546
20060412_61433_0200_PP_1072.png,anodr,0,0.888150,0.043735,0.026007,0.021783,0.020324
20060412_61450_0200_PP_1002.png,anodr,0,0.886508,0.046277,0.026099,0.020869,0.020247
20060412_61525_0200_PP_889.png,anodr,0,0.882071,0.049533,0.027388,0.020765,0.020244
20060412_61665_0200_PP_1324.png,anodr,0,0.891415,0.042302,0.024343,0.021482,0.020458
20060412_61790_0200_PP_12.png,anodr,0,0.882311,0.049395,0.027302,0.020811,0.020180
20060522_43758_0100_PP_988.png,anodr,0,0.881792,0.050523,0.027021,0.020476,0.020188
20060522_45777_0100_PP_1327.png,anodr,0,0.883201,0.048818,0.026919,0.020832,0.020230
20060522_45796_0100_PP_1360.png,anodr,0,0.882373,0.049314,0.027331,0.020731,0.020251
20060522_45853_0100_PP_813.png,anodr,0,0.890687,0.038792,0.025353,0.024016,0.021153
20060522_45873_0100_PP_1192.png,anodr,0,0.555093,0.152814,0.230270,0.027663,0.034160
20060522_46104_0100_PP_1302.png,anodr,0,0.888478,0.043912,0.025676,0.021643,0.020292
20060522_46149_0100_PP_1012.png,anodr,0,0.889643,0.043383,0.025151,0.021544,0.020279
20060522_46379_0100_PP_1348.png,anodr,0,0.878085,0.052820,0.028503,0.020370,0.020222
20060522_46400_0100_PP_957.png,anodr,0,0.845823,0.080658,0.033870,0.018433,0.021216
20060523_42953_0100_PP_409.png,anodr,0,0.890286,0.043155,0.024682,0.021413,0.020463
20060523_43105_0100_PP_1156.png,anodr,0,0.888808,0.044046,0.025374,0.021482,0.020289
20060523_43123_0100_PP_123.png,anodr,0,0.891406,0.041256,0.024822,0.022077,0.020438
20060523_43248_0100_PP_80.png,anodr,0,0.857007,0.071516,0.031972,0.018750,0.020754
20060523_43333_0100_PP_551.png,anodr,0,0.882055,0.048663,0.027996,0.021112,0.020175
20060523_43354_0100_PP_1093.png,anodr,0,0.885129,0.046716,0.026716,0.021185,0.020255
20060523_45300_0100_PP_21.png,anodr,0,0.872547,0.055847,0.030865,0.020440,0.020301
20060523_45316_0100_PP_1213.png,anodr,0,0.870349,0.056872,0.031641,0.020489,0.020649
20060523_45449_0100_PP_1269.png,anodr,0,0.864248,0.061361,0.033461,0.020365,0.020565
20060523_45467_0100_PP_44.png,bmilddr,1,0.239278,0.650742,0.067064,0.016857,0.026058
20060523_45524_0100_PP_428.png,anodr,0,0.885434,0.046002,0.026895,0.021338,0.020331
20060523_45548_0100_PP_1229.png,anodr,0,0.885973,0.045095,0.027030,0.021687,0.020215
20060523_47987_0100_PP_844.png,anodr,0,0.873688,0.057031,0.029175,0.019799,0.020308
20060523_48005_0100_PP_877.png,anodr,0,0.867737,0.063082,0.029634,0.019040,0.020507
20060523_48136_0100_PP_856.png,anodr,0,0.588931,0.266491,0.097821,0.018170,0.028586
20060523_48161_0100_PP_385.png,anodr,0,0.882542,0.048919,0.027389,0.020776,0.020374
20060523_48406_0100_PP_1056.png,anodr,0,0.887714,0.044794,0.025868,0.021310,0.020314
20060523_48591_0100_PP_1317.png,anodr,0,0.879267,0.051105,0.028681,0.020719,0.020229
20060523_48709_0100_PP_541.png,anodr,0,0.870270,0.059161,0.030307,0.019934,0.020327
20060523_48728_0100_PP_1375.png,anodr,0,0.870747,0.059884,0.029491,0.019559,0.020319
20060523_48890_0100_PP_1338.png,anodr,0,0.879066,0.052056,0.028230,0.020473,0.020175
20060523_48931_0100_PP_16.png,anodr,0,0.878279,0.053210,0.028177,0.020078,0.020256
20060523_49100_0100_PP_307.png,anodr,0,0.877516,0.054383,0.027662,0.020041,0.020397
20060523_49120_0100_PP_85.png,anodr,0,0.884353,0.047101,0.027060,0.021229,0.020257
20060523_49176_0100_PP_366.png,anodr,0,0.843719,0.079007,0.036800,0.019082,0.021392
20060523_49191_0100_PP_476.png,cmoderatedr,2,0.033400,0.150771,0.606662,0.071541,0.137626
20060523_49515_0100_PP_375.png,anodr,0,0.892394,0.041201,0.024121,0.021823,0.020461
20060523_49573_0100_PP_919.png,anodr,0,0.887565,0.044661,0.026130,0.021452,0.020192
20060523_49663_0100_PP_455.png,anodr,0,0.867066,0.060194,0.032253,0.020036,0.020451
20060523_49681_0100_PP_1363.png,bmilddr,1,0.136328,0.773483,0.046451,0.016906,0.026831
20060523_49726_0100_PP_989.png,anodr,0,0.861514,0.065860,0.032440,0.019466,0.020721
20060523_49745_0100_PP_1108.png,anodr,0,0.860985,0.065916,0.032882,0.019549,0.020668
20060523_50153_0100_PP_558.png,anodr,0,0.882664,0.048211,0.027770,0.021126,0.020228
20060523_50325_0100_PP_1051.png,anodr,0,0.888338,0.043734,0.026026,0.021703,0.020200
20060523_50342_0100_PP_1211.png,anodr,0,0.885287,0.046764,0.026655,0.021065,0.020229
20060523_50616_0100_PP_136.png,anodr,0,0.880239,0.050356,0.028420,0.020843,0.020143
20060523_50631_0100_PP_91.png,bmilddr,1,0.241040,0.444207,0.261264,0.018388,0.035100
20060529_56013_0100_PP_1065.png,anodr,0,0.877008,0.053354,0.028987,0.020405,0.020246
20060529_56039_0100_PP_931.png,anodr,0,0.881548,0.050691,0.027119,0.020371,0.020272
20060529_56420_0100_PP_466.png,anodr,0,0.889642,0.043383,0.025114,0.021502,0.020358
20060529_56442_0100_PP_75.png,anodr,0,0.887499,0.045311,0.025723,0.021118,0.020349
20060529_56563_0100_PP_100.png,anodr,0,0.866108,0.061295,0.031998,0.020171,0.020429
20060529_56592_0100_PP_381.png,anodr,0,0.874809,0.054808,0.029456,0.020553,0.020374
20060529_56948_0100_PP_857.png,anodr,0,0.868733,0.059687,0.031153,0.020016,0.020411
20060529_56968_0100_PP_1131.png,bmilddr,1,0.395285,0.444431,0.113362,0.016768,0.030155
20060529_57261_0100_PP_1059.png,bmilddr,1,0.146329,0.743847,0.065699,0.017189,0.026936
20060529_57287_0100_PP_1172.png,anodr,0,0.871863,0.056780,0.030826,0.020265,0.020265
20060529_57351_0100_PP_1206.png,anodr,0,0.889705,0.042755,0.025524,0.021736,0.020280
20060529_57372_0100_PP_532.png,anodr,0,0.868056,0.059119,0.032353,0.020197,0.020276
20060530_51254_0100_PP_516.png,anodr,0,0.888067,0.044398,0.025840,0.021422,0.020272
20060530_51279_0100_PP_67.png,anodr,0,0.887685,0.044864,0.025817,0.021351,0.020284
20060530_53042_0100_PP_469.png,anodr,0,0.870739,0.058190,0.030711,0.020101,0.020259
20060530_53062_0100_PP_1377.png,anodr,0,0.879931,0.051521,0.027860,0.020473,0.020215
20060530_53132_0100_PP_899.png,anodr,0,0.882181,0.049712,0.027165,0.020686,0.020256
20060530_53152_0100_PP_1227.png,anodr,0,0.884870,0.047328,0.026500,0.020994,0.020308
20060530_53597_0100_PP_565.png,anodr,0,0.886752,0.045673,0.026119,0.021204,0.020252
20060530_53742_0100_PP_1137.png,anodr,0,0.858212,0.068371,0.033652,0.019184,0.020581
20060530_53761_0100_PP_1160.png,anodr,0,0.854936,0.070280,0.034723,0.019336,0.020724
20060530_53816_0100_PP_1135.png,anodr,0,0.887209,0.045054,0.026069,0.021465,0.020203
20060530_53836_0100_PP_1343.png,anodr,0,0.883833,0.049161,0.026148,0.020564,0.020294
20060530_53928_0100_PP_353.png,anodr,0,0.869295,0.060150,0.030570,0.019661,0.020324
20060530_53954_0100_PP_103.png,anodr,0,0.864776,0.063452,0.031778,0.019578,0.020417
