filename,pred_label,pred_index,score_anodr,score_bmilddr,score_cmoderatedr,score_dseveredr,score_eproliferativedr
002c21358ce6.png,anodr,0,0.891327,0.042624,0.024269,0.021522,0.020258
005b95c28852.png,anodr,0,0.895123,0.038681,0.022884,0.022607,0.020705
00cc2b75cddd.png,anodr,0,0.878847,0.054661,0.026552,0.019741,0.020200
0182152c50de.png,anodr,0,0.882782,0.050270,0.026554,0.020379,0.020015
02cd34a85b24.png,anodr,0,0.882746,0.049935,0.026709,0.020538,0.020072
03b373718013.png,anodr,0,0.882078,0.051741,0.026096,0.020028,0.020057
04aef84a2cc1.png,anodr,0,0.893019,0.040640,0.024126,0.021988,0.020227
05b1bb2bdb81.png,anodr,0,0.893323,0.038982,0.024371,0.022961,0.020363
07596907347b.png,anodr,0,0.888357,0.046097,0.024617,0.020689,0.020239
07751b94a88a.png,anodr,0,0.890734,0.044104,0.023888,0.021010,0.020264
0790515cf5af.png,cmoderatedr,2,0.088222,0.319488,0.535042,0.020766,0.036481
08037e4490e5.png,anodr,0,0.892684,0.041049,0.024093,0.021916,0.020259
0851d6a69589.png,anodr,0,0.879712,0.053760,0.026578,0.019780,0.020170
08b6e3240858.png,anodr,0,0.889283,0.042865,0.025574,0.022046,0.020231
08bef347f40d.png,bmilddr,1,0.345236,0.354979,0.244689,0.019429,0.035666
08ee569d4721.png,anodr,0,0.886816,0.046962,0.025293,0.020775,0.020155
09237bf783a4.png,anodr,0,0.891183,0.043874,0.023691,0.020918,0.020334
096436d68d06.png,anodr,0,0.890057,0.041254,0.025911,0.022677,0.020101
099021fac3c9.png,anodr,0,0.890124,0.043322,0.024787,0.021388,0.020379
09c8323c612e.png,anodr,0,0.889796,0.044954,0.024133,0.020865,0.020252
0a38b552372d.png,anodr,0,0.889104,0.044842,0.024722,0.021115,0.020217
0a85a1e8f9e9.png,anodr,0,0.892024,0.039616,0.025317,0.022839,0.020204
0babc12807b2.png,bmilddr,1,0.065676,0.748147,0.113499,0.024452,0.048226
0cbcc7b23613.png,anodr,0,0.886040,0.045049,0.027045,0.021816,0.020049
0cd31078cd08.png,anodr,0,0.891848,0.041789,0.024414,0.021788,0.020161
0ce062f26edc.png,anodr,0,0.889913,0.044659,0.024313,0.020929,0.020186
0cecc2864b7f.png,anodr,0,0.884509,0.049852,0.025325,0.020122,0.020191
0d9a9896f801.png,anodr,0,0.881158,0.052004,0.026609,0.020085,0.020144
0da321efbce6.png,anodr,0,0.881750,0.053112,0.025382,0.019499,0.020256
0db1d8dcf219.png,anodr,0,0.893023,0.041090,0.023833,0.021817,0.020237
0e3572b5884a.png,anodr,0,0.889742,0.044645,0.024475,0.020945,0.020192
0ef4c61dc056.png,anodr,0,0.882810,0.052141,0.025141,0.019657,0.020251
0fbbd665431f.png,anodr,0,0.870294,0.062036,0.028402,0.019059,0.020209
0fc6829da85b.png,anodr,0,0.894162,0.038734,0.023805,0.022826,0.020471
1002b5151b8e.png,anodr,0,0.893792,0.040055,0.023796,0.022093,0.020264
103f97a2ab15.png,bmilddr,1,0.154458,0.639897,0.156202,0.018474,0.030969
10a5026eb8e6.png,anodr,0,0.893781,0.038888,0.024111,0.022817,0.020403
10de500cf0c5.png,anodr,0,0.894395,0.039896,0.023328,0.022044,0.020337
10f10fd30718.png,anodr,0,0.889980,0.044526,0.024244,0.021012,0.020237
12058bbb8299.png,anodr,0,0.887876,0.046258,0.024797,0.020860,0.020209
12bc439d373a.png,anodr,0,0.890684,0.043700,0.024110,0.021214,0.020292
12ef75375322.png,anodr,0,0.884435,0.049267,0.025810,0.020358,0.020130
143db89c11c8.png,anodr,0,0.882041,0.051379,0.026389,0.020164,0.020027
15b21c80cc31.png,anodr,0,0.886779,0.047476,0.025009,0.020552,0.020184
15e24b73d4a7.png,anodr,0,0.881841,0.051358,0.026422,0.020278,0.020101
1633f8291a80.png,anodr,0,0.891909,0.042053,0.024214,0.021663,0.020162
165634a6167e.png,anodr,0,0.891421,0.040164,0.025312,0.022823,0.020280
178412895d5e.png,anodr,0,0.893058,0.039517,0.024627,0.022511,0.020287
186c1835eec5.png,anodr,0,0.887649,0.046416,0.025046,0.020774,0.020115
18b7e34eab8f.png,anodr,0,0.885749,0.048549,0.025164,0.020388,0.020151
18b99159a14f.png,anodr,0,0.890650,0.044278,0.023805,0.020946,0.020321
18ce0cdc473d.png,anodr,0,0.886188,0.046120,0.026256,0.021335,0.020102
1a0dbc6c0cda.png,bmilddr,1,0.175245,0.613760,0.161522,0.017292,0.032181
1a1e974a7dbf.png,anodr,0,0.891998,0.042278,0.023864,0.021517,0.020342
1c47815f4a6b.png,cmoderatedr,2,0.141395,0.367311,0.431111,0.021696,0.038488
1ca62b3e4fd3.png,anodr,0,0.890189,0.042967,0.024740,0.021833,0.020271
1d0b93317aa8.png,anodr,0,0.890110,0.043332,0.024774,0.021535,0.020250
1d3e9b939732.png,anodr,0,0.888154,0.046149,0.024696,0.020826,0.020176
1d74c4713e21.png,anodr,0,0.893256,0.040463,0.023898,0.022102,0.020282
1db0393cdbc1.png,anodr,0,0.894236,0.039918,0.023392,0.022040,0.020413
1df1530b9b8d.png,anodr,0,0.537126,0.299248,0.115497,0.017797,0.030332
1e742358e0b9.png,anodr,0,0.878050,0.053822,0.027814,0.020112,0.020201
1e7ccd4a1c87.png,anodr,0,0.895607,0.037658,0.022897,0.023020,0.020817
1ec95179cdfe.png,anodr,0,0.882385,0.051871,0.025662,0.019840,0.020241
1f31701dd61b.png,anodr,0,0.887813,0.045627,0.025495,0.021084,0.019982
1f5496352859.png,anodr,0,0.894463,0.039715,0.023410,0.022024,0.020389
218c822a3dd9.png,anodr,0,0.889596,0.041389,0.026050,0.022776,0.020189
224c14366e11.png,anodr,0,0.889200,0.045100,0.024508,0.020953,0.020239
226c6ceb9185.png,anodr,0,0.877295,0.053708,0.028491,0.020233,0.020272
237aa50edc34.png,anodr,0,0.881449,0.051777,0.026423,0.020131,0.020220
248dec89b3a2.png,anodr,0,0.893974,0.040073,0.023592,0.022033,0.020328
253e96488cfb.png,bmilddr,1,0.097024,0.801343,0.047587,0.019349,0.034697
2682e6da9050.png,anodr,0,0.894499,0.038996,0.023491,0.022525,0.020489
27933cdbe0cc.png,bmilddr,1,0.199633,0.508040,0.240099,0.017316,0.034912
283c3aeba594.png,anodr,0,0.893716,0.039745,0.023863,0.022374,0.020302
28503940d10b.png,anodr,0,0.885369,0.048050,0.025699,0.020700,0.020181
28f73575e1f2.png,anodr,0,0.894460,0.039715,0.023410,0.022067,0.020349
2923971566fe.png,bmilddr,1,0.099839,0.797273,0.049569,0.019516,0.033803
2927665214e1.png,anodr,0,0.887471,0.045978,0.025423,0.021076,0.020052
29a13e666266.png,cmoderatedr,2,0.069629,0.387221,0.478154,0.021931,0.043065
2a4520f1f9a3.png,anodr,0,0.891666,0.042714,0.023902,0.021384,0.020335
2b4c7b5f1f1e.png,anodr,0,0.879173,0.053586,0.027365,0.019807,0.020069
2b5bb6d33959.png,anodr,0,0.893426,0.041033,0.023474,0.021742,0.020325
2bb3c492d6d3.png,anodr,0,0.890932,0.041084,0.025286,0.022479,0.020219
2c8101f14723.png,anodr,0,0.890801,0.043503,0.024231,0.021259,0.020206
2c827005b8f8.png,anodr,0,0.893215,0.041588,0.023354,0.021463,0.020380
2cacdb0dffae.png,anodr,0,0.891259,0.043277,0.023961,0.021228,0.020276
2cdcc910778d.png,anodr,0,0.893224,0.041119,0.023641,0.021695,0.020321
2d04cead4d3a.png,anodr,0,0.894991,0.039237,0.023072,0.022210,0.020490
2d07162a13b1.png,cmoderatedr,2,0.028456,0.068413,0.844710,0.028070,0.030351
2db0cd3e30da.png,anodr,0,0.894822,0.037810,0.023591,0.023271,0.020507
2dc647e00ad3.png,anodr,0,0.894908,0.038259,0.023479,0.022845,0.020509
2dd28ac497d2.png,anodr,0,0.884192,0.049329,0.025854,0.020432,0.020194
2ef10194e80d.png,anodr,0,0.892775,0.041350,0.023861,0.021684,0.020330
2ef4a04aed1b.png,anodr,0,0.891563,0.042975,0.023841,0.021319,0.020303
2ef955d6d9ff.png,anodr,0,0.891484,0.042274,0.024356,0.021674,0.020212
2f143453bb71.png,anodr,0,0.893122,0.039126,0.024425,0.022979,0.020348
2f7fbdcc9a4b.png,anodr,0,0.892953,0.040777,0.023971,0.021965,0.020334
2fefb720869a.png,anodr,0,0.892838,0.040548,0.024144,0.022178,0.020292
3286073a976e.png,anodr,0,0.884876,0.049906,0.024907,0.020013,0.020298
331121c65e88.png,anodr,0,0.893748,0.040215,0.023760,0.021985,0.020293
33b91def2035.png,anodr,0,0.893430,0.040486,0.023728,0.022041,0.020315
33b978734eab.png,anodr,0,0.893093,0.040456,0.023975,0.022119,0.020357
345b1f0abbba.png,anodr,0,0.893288,0.038564,0.024669,0.023186,0.020292
348598d01e18.png,anodr,0,0.883426,0.051296,0.025208,0.019844,0.020226
35362d43e753.png,anodr,0,0.883532,0.049512,0.026318,0.020577,0.020061
35ac70c0d08f.png,anodr,0,0.887027,0.047345,0.024931,0.020558,0.020140
35df2bc6ae95.png,anodr,0,0.888932,0.045668,0.024334,0.020804,0.020262
360832d84ce0.png,anodr,0,0.887633,0.046828,0.024394,0.020794,0.020352
37c523296d42.png,anodr,0,0.886077,0.047773,0.025395,0.020636,0.020119
387138ddf43d.png,anodr,0,0.872709,0.060228,0.027726,0.019131,0.020206
389552047476.png,anodr,0,0.853883,0.072025,0.034093,0.019199,0.020800
393fa5a023a5.png,anodr,0,0.883590,0.050195,0.025962,0.020220,0.020033
3a4cfea0a766.png,anodr,0,0.892552,0.041360,0.024090,0.021763,0.020236
3b2b91590590.png,anodr,0,0.887549,0.046655,0.024884,0.020670,0.020241
3bf2deaa5ef0.png,anodr,0,0.891607,0.043330,0.023668,0.021071,0.020323
3bf3085ac167.png,anodr,0,0.893200,0.041648,0.023252,0.021441,0.020459
3c42512c81e0.png,anodr,0,0.881137,0.051634,0.026961,0.020223,0.020046
3ce2f8a77a32.png,anodr,0,0.891634,0.041855,0.024468,0.021847,0.020195
3f0d3629d69e.png,anodr,0,0.894886,0.039051,0.023341,0.022294,0.020428
3f44d749cd0b.png,bmilddr,1,0.094402,0.803060,0.046380,0.019754,0.036404
3f6c627e2ff2.png,anodr,0,0.888257,0.046360,0.024518,0.020687,0.020178
3fd45879afe6.png,anodr,0,0.888582,0.045112,0.024974,0.021185,0.020146
401fdfd0db07.png,anodr,0,0.893249,0.041030,0.023573,0.021738,0.020411
41345cec5957.png,anodr,0,0.887214,0.045646,0.025790,0.021215,0.020135
415d5c5e785f.png,anodr,0,0.888040,0.045969,0.024983,0.020885,0.020124
41ab357d103f.png,anodr,0,0.894044,0.040346,0.023387,0.021863,0.020359
4276b82e4489.png,anodr,0,0.889432,0.044067,0.024998,0.021288,0.020215
42b9c1977681.png,anodr,0,0.889104,0.045305,0.024506,0.020869,0.020217
42c65af5ab16.png,anodr,0,0.891025,0.042418,0.024631,0.021705,0.020221
436e7a7af761.png,anodr,0,0.890514,0.042192,0.025041,0.022034,0.020219
43823561c3f0.png,anodr,0,0.892563,0.040923,0.024398,0.021870,0.020246
43bc7c066dfb.png,anodr,0,0.885302,0.048217,0.025823,0.020518,0.020140
445a8a6da55c.png,anodr,0,0.545102,0.284179,0.121592,0.018435,0.030693
44a4d04162cc.png,anodr,0,0.887044,0.046960,0.025078,0.020679,0.020239
44a86263117b.png,anodr,0,0.888971,0.045545,0.024466,0.020805,0.020214
4554062fa836.png,anodr,0,0.888737,0.045175,0.024833,0.021086,0.020169
475300735b7f.png,anodr,0,0.891347,0.043477,0.023742,0.021127,0.020308
478fc46eaa49.png,anodr,0,0.880994,0.052718,0.026281,0.019867,0.020140
4826d10030b3.png,anodr,0,0.891685,0.042150,0.024231,0.021678,0.020256
4a05f81b3aba.png,anodr,0,0.875321,0.058343,0.026980,0.019169,0.020187
4a4cb731f91a.png,anodr,0,0.891869,0.042226,0.024095,0.021619,0.020191
4a589edaea60.png,anodr,0,0.861362,0.066983,0.031947,0.019292,0.020416
4ad8d3ec8789.png,anodr,0,0.892683,0.040999,0.024093,0.021937,0.020288
4d1e7def7624.png,anodr,0,0.886916,0.045381,0.026354,0.021270,0.020079
4dd4a4bf2421.png,anodr,0,0.888821,0.045490,0.024666,0.020842,0.020181
4e1e252317b5.png,anodr,0,0.886901,0.047292,0.025086,0.020555,0.020167
4fd5ec0dca09.png,anodr,0,0.886728,0.045884,0.026118,0.021244,0.020026
500aad15b7c8.png,anodr,0,0.893942,0.039629,0.023765,0.022249,0.020417
501c319f7a9f.png,anodr,0,0.887721,0.046681,0.024768,0.020634,0.020195
504a69096fcb.png,anodr,0,0.892549,0.042278,0.023405,0.021363,0.020405
5069feccd866.png,anodr,0,0.891424,0.042853,0.024165,0.021357,0.020201
50915e2329a1.png,anodr,0,0.890955,0.042648,0.024701,0.021555,0.020141
50916d67bb51.png,anodr,0,0.885836,0.048281,0.025289,0.020470,0.020123
50d8249f7bc9.png,anodr,0,0.893335,0.040784,0.023691,0.021867,0.020323
50ddd7d976df.png,anodr,0,0.890584,0.041476,0.025350,0.022448,0.020142
521b5377a727.png,anodr,0,0.879707,0.054464,0.026127,0.019492,0.020209
5257cb536da2.png,anodr,0,0.887210,0.047337,0.024718,0.020522,0.020213
5299a532f0e0.png,anodr,0,0.883830,0.050122,0.025667,0.020245,0.020136
52edbe29d655.png,anodr,0,0.864994,0.066392,0.029282,0.018869,0.020462
5321ab64f9ea.png,anodr,0,0.890513,0.044163,0.024011,0.021004,0.020308
53c874dbc594.png,anodr,0,0.888830,0.044058,0.025449,0.021462,0.020201
54038e56131d.png,anodr,0,0.891212,0.043364,0.023901,0.021248,0.020275
54f57cf26126.png,anodr,0,0.893144,0.040261,0.024035,0.022251,0.020309
5511f114e7ee.png,anodr,0,0.895085,0.039534,0.022883,0.021975,0.020523
555d0bef3c5b.png,anodr,0,0.890412,0.043895,0.024280,0.021167,0.020247
55f7f018c61c.png,anodr,0,0.893050,0.039914,0.024280,0.022488,0.020267
568455854a11.png,anodr,0,0.892585,0.041291,0.024067,0.021870,0.020187
586f5c56081e.png,anodr,0,0.887685,0.046799,0.024828,0.020553,0.020135
58a9e0d7f7af.png,anodr,0,0.887281,0.046767,0.024962,0.020765,0.020225
58eb3809f456.png,anodr,0,0.889888,0.043416,0.025072,0.021487,0.020136
58f07741ee3b.png,anodr,0,0.894341,0.039550,0.023487,0.022237,0.020386
59928f999ae7.png,anodr,0,0.893494,0.040429,0.023822,0.021957,0.020297
5995321563b7.png,anodr,0,0.889510,0.045182,0.024255,0.020817,0.020236
59bd19c1c5bb.png,anodr,0,0.889060,0.045380,0.024397,0.020888,0.020275
5a27b9b2a9c1.png,anodr,0,0.883003,0.051022,0.025907,0.020010,0.020059
5b1c4cefeb24.png,anodr,0,0.890799,0.042036,0.024951,0.021998,0.020216
5b994ff78547.png,anodr,0,0.888743,0.045675,0.024604,0.020779,0.020199
5ba156a35ff2.png,anodr,0,0.890455,0.043391,0.024519,0.021417,0.020218
5baed382f062.png,anodr,0,0.885998,0.046676,0.026250,0.020959,0.020117
5c85d22bd0de.png,anodr,0,0.857435,0.069724,0.032988,0.019129,0.020724
5ca73d28f17f.png,anodr,0,0.892694,0.041034,0.024023,0.021980,0.020269
5cbe88914a72.png,anodr,0,0.883904,0.050313,0.025507,0.020089,0.020187
5d4e5fd34d91.png,anodr,0,0.885056,0.048718,0.025540,0.020492,0.020194
5de4615a5161.png,anodr,0,0.883892,0.050806,0.025221,0.019855,0.020226
5e505e25cd3e.png,anodr,0,0.894839,0.039168,0.023420,0.022206,0.020367
5e97cb2b0888.png,anodr,0,0.876034,0.058106,0.026583,0.019073,0.020204
5f6db235c04d.png,anodr,0,0.887162,0.046201,0.025476,0.021028,0.020133
609be3ca5ddf.png,anodr,0,0.883343,0.050728,0.025728,0.020037,0.020165
60aa4e649abf.png,anodr,0,0.894600,0.039091,0.023118,0.022549,0.020642
6180920bc224.png,anodr,0,0.873585,0.055618,0.030482,0.020226,0.020088
61a62b1dcc36.png,anodr,0,0.891452,0.042247,0.024355,0.021715,0.020231
61da799bf0aa.png,bmilddr,1,0.361565,0.373043,0.212242,0.020458,0.032692
628b581aa905.png,anodr,0,0.894633,0.039183,0.023403,0.022419,0.020363
6294b378d09f.png,anodr,0,0.892498,0.041015,0.024230,0.022061,0.020195
633fe9dbaf39.png,anodr,0,0.886613,0.045156,0.026552,0.021597,0.020082
63b71347e95d.png,anodr,0,0.887473,0.046862,0.024907,0.020608,0.020150
63e041a757eb.png,anodr,0,0.893856,0.039273,0.023996,0.022531,0.020345
6504b703c429.png,anodr,0,0.875433,0.057334,0.027610,0.019493,0.020131
65a3b13ad9a0.png,bmilddr,1,0.067195,0.550391,0.313603,0.023211,0.045600
65a7fe9482fe.png,anodr,0,0.890168,0.044071,0.024237,0.021244,0.020281
65dda202653d.png,anodr,0,0.882702,0.048178,0.027569,0.021460,0.020091
66393d8c60ba.png,anodr,0,0.886430,0.047457,0.025183,0.020685,0.020245
66b88a4bc474.png,anodr,0,0.894530,0.040029,0.023184,0.021897,0.020360
68ddb15a74de.png,anodr,0,0.888261,0.046290,0.024554,0.020707,0.020188
69b3a00927fc.png,anodr,0,0.882469,0.051674,0.025665,0.019939,0.020253
69c4cbb630de.png,anodr,0,0.893002,0.041114,0.023728,0.021881,0.020276
6a2642131e4a.png,anodr,0,0.891494,0.043146,0.023897,0.021172,0.020291
6a57a3db3eff.png,anodr,0,0.892492,0.042070,0.023749,0.021424,0.020264
6a905a7202d2.png,anodr,0,0.876777,0.054785,0.028006,0.020182,0.020251
6b30767595d8.png,anodr,0,0.892932,0.040870,0.024029,0.021815,0.020354
6b66b0e86f7e.png,anodr,0,0.892118,0.042496,0.023739,0.021332,0.020315
6bf2a81a5d91.png,anodr,0,0.893863,0.040392,0.023486,0.021945,0.020315
6c6505a0c637.png,anodr,0,0.887791,0.045659,0.025469,0.021002,0.020079
6d4f6c9a8406.png,anodr,0,0.887508,0.046716,0.024786,0.020730,0.020260
6d5a8362dd1e.png,anodr,0,0.893760,0.038783,0.023899,0.023085,0.020472
6d9effbcde78.png,anodr,0,0.893712,0.039677,0.023840,0.022330,0.020441
6dc0281f11e3.png,anodr,0,0.878126,0.054533,0.027279,0.019938,0.020124
6df8b7b6e837.png,anodr,0,0.882401,0.049340,0.027119,0.020997,0.020143
6e0f78e188ff.png,anodr,0,0.894076,0.039073,0.023699,0.022713,0.020440
6e1db8711879.png,anodr,0,0.890739,0.043617,0.024217,0.021133,0.020294
6fbaaf8eb67a.png,anodr,0,0.852920,0.078832,0.029630,0.017963,0.020655
7131bf4c9e6f.png,bmilddr,1,0.373359,0.548029,0.040462,0.015039,0.023111
726dff37edc0.png,anodr,0,0.879946,0.054736,0.025642,0.019403,0.020274
735836b1ffa6.png,bmilddr,1,0.059669,0.679214,0.181962,0.026882,0.052273
737ef6226677.png,anodr,0,0.886385,0.047927,0.025071,0.020443,0.020175
73d40ce06a67.png,anodr,0,0.888376,0.045611,0.024908,0.020954,0.020151
73ef3c3dcbe4.png,anodr,0,0.888518,0.043871,0.025778,0.021728,0.020105
74211a2b6dcf.png,anodr,0,0.895935,0.037820,0.022771,0.022760,0.020713
74898f372d2b.png,anodr,0,0.890637,0.040661,0.025451,0.022960,0.020291
757e39293591.png,anodr,0,0.877932,0.052827,0.028429,0.020387,0.020426
75a071608ea6.png,anodr,0,0.890832,0.043825,0.023973,0.021094,0.020276
76516f828d88.png,anodr,0,0.885507,0.047789,0.025905,0.020724,0.020076
76bc31e0d3be.png,anodr,0,0.894087,0.039679,0.023561,0.022274,0.020400
76cab26493f1.png,anodr,0,0.881797,0.052668,0.025645,0.019673,0.020218
76cb010f7aa0.png,anodr,0,0.892005,0.041842,0.024193,0.021707,0.020253
780f9c237c56.png,anodr,0,0.882008,0.051027,0.026608,0.020262,0.020095
7831ce1d895e.png,anodr,0,0.889262,0.044469,0.024908,0.021160,0.020201
789f0ec1eab8.png,anodr,0,0.881420,0.052317,0.026217,0.019857,0.020190
79ade634c633.png,anodr,0,0.888326,0.044803,0.025484,0.021324,0.020062
7a06ea127e02.png,anodr,0,0.886676,0.047720,0.024933,0.020469,0.020201
7a12f49e29df.png,anodr,0,0.886828,0.042956,0.027335,0.022706,0.020175
7a9f45fdf29b.png,anodr,0,0.889745,0.044634,0.024392,0.021007,0.020222
7aabd768abff.png,anodr,0,0.887310,0.045412,0.025932,0.021258,0.020088
7ad0c4975890.png,bmilddr,1,0.095970,0.800025,0.049740,0.019507,0.034758
7af4d8704032.png,anodr,0,0.890794,0.043973,0.023937,0.021011,0.020285
7b691d9ced34.png,anodr,0,0.885317,0.047190,0.025924,0.021211,0.020358
7b9d519cbd66.png,anodr,0,0.892625,0.040593,0.024316,0.022129,0.020337
7ba6b23c4b46.png,anodr,0,0.886809,0.047443,0.025071,0.020512,0.020165
7bc00e58d419.png,anodr,0,0.884955,0.048603,0.025712,0.020370,0.020360
7da558d92100.png,anodr,0,0.891761,0.041969,0.024388,0.021744,0.020139
7ec0e61a7e29.png,anodr,0,0.886853,0.047315,0.025023,0.020574,0.020235
7f1f3269f546.png,anodr,0,0.888372,0.045611,0.024883,0.020933,0.020200
7fc3a8bb40de.png,anodr,0,0.886929,0.047592,0.024867,0.020435,0.020177
7fe7309d0b4f.png,anodr,0,0.889527,0.044711,0.024434,0.021043,0.020286
810ed108f5b7.png,anodr,0,0.894614,0.039819,0.023220,0.021985,0.020362
81914ceb4e74.png,anodr,0,0.886744,0.047585,0.024947,0.020551,0.020173
8329e80c10ac.png,anodr,0,0.888809,0.045511,0.024617,0.020862,0.020200
837acf120946.png,anodr,0,0.887087,0.047638,0.024666,0.020339,0.020270
83a63c4a3e4a.png,anodr,0,0.887820,0.046448,0.024868,0.020677,0.020188
83d81ba5959c.png,anodr,0,0.892524,0.040981,0.024230,0.022019,0.020245
83fda7c0500b.png,anodr,0,0.890428,0.042493,0.025014,0.021818,0.020247
840a06a9c690.png,anodr,0,0.889319,0.045582,0.024096,0.020732,0.020271
847b04287c9c.png,anodr,0,0.885907,0.048165,0.025254,0.020452,0.020223
84b88e8d3bca.png,anodr,0,0.884008,0.050509,0.025348,0.019954,0.020180
851e40a21f81.png,bmilddr,1,0.293283,0.473959,0.183532,0.016815,0.032411
8650d32f4a9e.png,anodr,0,0.893293,0.040952,0.023690,0.021802,0.020263
8693ab1fd2be.png,anodr,0,0.865637,0.068026,0.027381,0.018338,0.020618
875d2ffcbf47.png,anodr,0,0.888693,0.045789,0.024602,0.020737,0.020178
876deb29f000.png,anodr,0,0.882497,0.052025,0.025566,0.019688,0.020224
87b671c6d4c5.png,anodr,0,0.887097,0.046834,0.025276,0.020700,0.020093
883c6a184f16.png,anodr,0,0.887293,0.046801,0.024975,0.020745,0.020186
883ddb650967.png,anodr,0,0.884459,0.050394,0.024992,0.019926,0.020230
88e5051f65bd.png,anodr,0,0.895123,0.039396,0.023008,0.022040,0.020433
8af50c9d0a86.png,anodr,0,0.889811,0.043006,0.025205,0.021824,0.020154
8b079e79035f.png,anodr,0,0.886180,0.047557,0.025610,0.020679,0.019974
8bf2d925dc0c.png,anodr,0,0.888851,0.045364,0.024679,0.020945,0.020162
8c4ceddeb1c6.png,anodr,0,0.890281,0.044238,0.024158,0.021040,0.020283
8d13c46e7d75.png,bmilddr,1,0.343884,0.501326,0.109190,0.016162,0.029438
8d4ff745a409.png,anodr,0,0.890268,0.044297,0.024122,0.021040,0.020273
8e6df9eedcd8.png,anodr,0,0.896006,0.036928,0.023064,0.023347,0.020654
8e76054f0831.png,anodr,0,0.890780,0.043502,0.024266,0.021217,0.020235
8f06ca4642bd.png,anodr,0,0.893427,0.040619,0.023728,0.021891,0.020335
8f14bca04b47.png,anodr,0,0.892349,0.041446,0.024190,0.021822,0.020192
8fbb2ca39911.png,anodr,0,0.874486,0.056864,0.028763,0.019778,0.020109
90a9a41eec6d.png,anodr,0,0.877275,0.057174,0.026170,0.019118,0.020262
90bde2ff8953.png,anodr,0,0.886573,0.048336,0.024604,0.020248,0.020238
912fbe06407e.png,anodr,0,0.889785,0.044517,0.024417,0.021069,0.020213
916915f01e17.png,anodr,0,0.886006,0.047915,0.025418,0.020554,0.020107
91b7a4179ecf.png,anodr,0,0.882876,0.051690,0.025477,0.019754,0.020203
9274e75dc4d5.png,anodr,0,0.885788,0.047967,0.025424,0.020649,0.020171
92e3d608fd3c.png,anodr,0,0.888016,0.046026,0.024873,0.020823,0.020261
92fcf50b3562.png,anodr,0,0.892718,0.041000,0.024106,0.021916,0.020260
93802d1e3c41.png,anodr,0,0.885031,0.048794,0.025639,0.020431,0.020105
94076a9fb9b5.png,anodr,0,0.886170,0.047548,0.025423,0.020719,0.020140
946545473380.png,anodr,0,0.888234,0.045493,0.025111,0.021053,0.020109
949710bead24.png,anodr,0,0.888059,0.046330,0.024705,0.020723,0.020183
94b9ccc73bb9.png,anodr,0,0.892828,0.041146,0.023840,0.021855,0.020331
94f9ecf4b8d2.png,anodr,0,0.878280,0.055730,0.026303,0.019442,0.020246
96793edb1003.png,anodr,0,0.877892,0.053793,0.028096,0.019913,0.020306
96ea316ed0ab.png,anodr,0,0.892716,0.041443,0.023848,0.021703,0.020289
973b0facfa9b.png,anodr,0,0.889524,0.044287,0.024613,0.021291,0.020286
97fdee242fea.png,anodr,0,0.874608,0.059264,0.026827,0.019042,0.020260
983c98354e9c.png,anodr,0,0.865545,0.065007,0.029791,0.019141,0.020515
98441214557f.png,anodr,0,0.601725,0.270161,0.082194,0.017389,0.028530
98d41bce73a8.png,anodr,0,0.893079,0.040421,0.024092,0.022141,0.020268
99c626e58464.png,anodr,0,0.894028,0.039919,0.023686,0.022078,0.020289
9a1029536d78.png,anodr,0,0.885828,0.047908,0.025462,0.020590,0.020211
9ab18a4a957f.png,anodr,0,0.892444,0.041178,0.024193,0.021931,0.020253
9be71d6d7e59.png,anodr,0,0.777497,0.126552,0.053638,0.018160,0.024153
9c514d2d5b3f.png,anodr,0,0.889790,0.044888,0.024015,0.020926,0.020381
9ce46d400cd6.png,anodr,0,0.886423,0.047007,0.025604,0.020908,0.020058
9de9421f17e3.png,anodr,0,0.888298,0.045363,0.025015,0.021096,0.020228
9e2058917304.png,anodr,0,0.869571,0.060712,0.029755,0.019552,0.020410
9e5737f771c3.png,anodr,0,0.893500,0.040380,0.023753,0.022000,0.020367
9e99ae6ee7af.png,anodr,0,0.890737,0.043628,0.024194,0.021237,0.020205
9f1b14dfa14c.png,anodr,0,0.887965,0.045679,0.025055,0.021150,0.020152
a06b353e7bed.png,anodr,0,0.892948,0.040876,0.023959,0.021922,0.020294
a0fd94e2ad76.png,anodr,0,0.886116,0.048117,0.025162,0.020436,0.020169
a11c62cb3f86.png,anodr,0,0.892711,0.038994,0.024665,0.023262,0.020368
a12ca80bb8c7.png,anodr,0,0.893057,0.041076,0.023834,0.021775,0.020257
a188c60b93fb.png,anodr,0,0.892964,0.038986,0.024636,0.023110,0.020305
a1b28bcbce00.png,anodr,0,0.863150,0.069473,0.028446,0.018393,0.020539
a247961a5cd9.png,anodr,0,0.887276,0.046408,0.025244,0.020887,0.020185
a2b97d98f130.png,anodr,0,0.893986,0.038783,0.023882,0.022911,0.020437
a34fc5376669.png,anodr,0,0.890449,0.043806,0.024186,0.021292,0.020267
a419fcb2dfb5.png,anodr,0,0.890443,0.043401,0.024507,0.021501,0.020149
a44345b27804.png,anodr,0,0.877046,0.055010,0.027823,0.019972,0.020148
a484bdf85b4c.png,anodr,0,0.887588,0.046606,0.024922,0.020691,0.020192
a528be013a04.png,anodr,0,0.868003,0.062396,0.029905,0.019422,0.020274
a6356a3c5d11.png,anodr,0,0.884075,0.049172,0.026002,0.020610,0.020142
a673193cd5a9.png,anodr,0,0.885606,0.048360,0.025382,0.020485,0.020167
a6b6d27c1b32.png,anodr,0,0.893899,0.040735,0.023156,0.021753,0.020455
a70d0f12a641.png,anodr,0,0.890039,0.043925,0.024567,0.021241,0.020228
a73d012c4c38.png,anodr,0,0.887464,0.046793,0.024846,0.020648,0.020249
a8263d248523.png,anodr,0,0.891532,0.038564,0.025979,0.023574,0.020352
a8b637abd96b.png,bmilddr,1,0.112643,0.790340,0.048803,0.018015,0.030199
a94da3d3b5c0.png,anodr,0,0.893484,0.040931,0.023476,0.021743,0.020366
a963ac561580.png,anodr,0,0.873853,0.059177,0.027399,0.019249,0.020322
a9b3177f01c0.png,anodr,0,0.892032,0.041879,0.024336,0.021539,0.020214
a9bc2f892cb3.png,anodr,0,0.886698,0.048078,0.024752,0.020271,0.020202
aa4407aab872.png,anodr,0,0.886696,0.047275,0.025117,0.020691,0.020221
aa60813e1a8d.png,anodr,0,0.895914,0.037214,0.022882,0.023277,0.020713
aa6242f9e08c.png,anodr,0,0.893633,0.040475,0.023595,0.021918,0.020380
aa8a1e814811.png,anodr,0,0.876357,0.056764,0.027065,0.019475,0.020340
aaaadb174012.png,anodr,0,0.882455,0.050138,0.026778,0.020592,0.020036
aafb0c944f14.png,anodr,0,0.892741,0.042246,0.023217,0.021347,0.020449
abbb8791785e.png,anodr,0,0.893267,0.040951,0.023596,0.021844,0.020341
abe940882578.png,anodr,0,0.877033,0.055855,0.027338,0.019547,0.020227
ad029ba7fa8b.png,anodr,0,0.891572,0.041486,0.024706,0.022082,0.020155
ad12cde115ab.png,anodr,0,0.895703,0.038284,0.023011,0.022445,0.020557
ad1aa75d5630.png,anodr,0,0.890804,0.043487,0.024243,0.021280,0.020187
ad6b07d5c338.png,anodr,0,0.891979,0.041454,0.024406,0.021898,0.020263
ad93d88c87ea.png,anodr,0,0.890434,0.044343,0.023986,0.020941,0.020297
ae2c3f6312ef.png,anodr,0,0.889098,0.044880,0.024710,0.021115,0.020197
ae49cc60f251.png,anodr,0,0.886806,0.047862,0.024815,0.020353,0.020165
ae61e19fb766.png,anodr,0,0.892249,0.041215,0.024389,0.021948,0.020200
ae94ce412de9.png,anodr,0,0.890078,0.042804,0.025151,0.021766,0.020200
aeb6f4fd2eed.png,anodr,0,0.891601,0.041427,0.024707,0.022061,0.020205
aec51513cf45.png,anodr,0,0.895236,0.039565,0.022687,0.021935,0.020576
af6166d57f13.png,anodr,0,0.892937,0.041352,0.023645,0.021751,0.020314
afc744fad65e.png,anodr,0,0.893379,0.041166,0.023347,0.021614,0.020494
b0c9a492e068.png,anodr,0,0.888481,0.043453,0.025966,0.022005,0.020095
b0f0fa677d5f.png,anodr,0,0.888681,0.045811,0.024434,0.020778,0.020296
b1c6f0997e27.png,anodr,0,0.868006,0.062009,0.030169,0.019422,0.020394
b21abe5d9722.png,anodr,0,0.891644,0.041805,0.024528,0.021847,0.020176
b294927b14b0.png,anodr,0,0.892471,0.042120,0.023610,0.021466,0.020333
b35cad8fe2d7.png,bmilddr,1,0.058609,0.545582,0.319637,0.025894,0.050278
b43440c6ebe4.png,anodr,0,0.884419,0.045464,0.028044,0.022119,0.019954
b4b04d81acbb.png,cmoderatedr,2,0.041295,0.114871,0.787595,0.024731,0.031508
b549af91bd30.png,anodr,0,0.892314,0.042092,0.023803,0.021462,0.020330
b553e7909535.png,anodr,0,0.890555,0.043592,0.024390,0.021232,0.020230
b5a3ca5c0a80.png,anodr,0,0.887745,0.046218,0.024963,0.020898,0.020176
b5bf7b84fc66.png,anodr,0,0.887694,0.047124,0.024336,0.020553,0.020294
b69c224edd6e.png,anodr,0,0.888688,0.043949,0.025607,0.021627,0.020129
b72a86d61959.png,anodr,0,0.888998,0.045034,0.024683,0.021051,0.020234
b73d0bcd3d33.png,anodr,0,0.888155,0.045278,0.025368,0.021092,0.020107
b7bd4a6627b6.png,anodr,0,0.889799,0.044506,0.024322,0.021090,0.020282
b86fb2d5be1a.png,anodr,0,0.894760,0.038234,0.023682,0.022909,0.020415
b9519abce0c1.png,anodr,0,0.890007,0.043021,0.025211,0.021701,0.020060
b9bc81fcb075.png,anodr,0,0.888828,0.045942,0.024331,0.020619,0.020280
ba0107fb1bfd.png,anodr,0,0.888651,0.045436,0.024746,0.020960,0.020207
ba4e62c11cc0.png,anodr,0,0.890163,0.044092,0.024273,0.021202,0.020271
bacfa2b8e706.png,anodr,0,0.883520,0.049108,0.026563,0.020778,0.020031
badb5ff8d3c7.png,bmilddr,1,0.099839,0.797273,0.049569,0.019516,0.033803
bb2f89488ecd.png,cmoderatedr,2,0.053884,0.162843,0.726259,0.023277,0.033736
bc8c6a778cde.png,anodr,0,0.894960,0.039303,0.023150,0.022187,0.020400
bd500a73beae.png,anodr,0,0.885886,0.047748,0.025452,0.020692,0.020223
bdc6c60e9133.png,anodr,0,0.895037,0.039124,0.023175,0.022232,0.020432
be3a7d9e981e.png,anodr,0,0.891859,0.041784,0.024331,0.021746,0.020280
be521870a0ea.png,anodr,0,0.847333,0.085052,0.029207,0.017483,0.020925
be8697eb2078.png,anodr,0,0.881297,0.052102,0.026522,0.019971,0.020108
bebfbd907cac.png,anodr,0,0.886247,0.047832,0.025190,0.020539,0.020191
bf811911acf9.png,anodr,0,0.886337,0.048018,0.025070,0.020402,0.020174
bffca6eeb2bf.png,anodr,0,0.887722,0.047096,0.024503,0.020453,0.020225
c096131ad065.png,cmoderatedr,2,0.063859,0.180766,0.698383,0.023027,0.033965
c1437a7a52c9.png,anodr,0,0.873635,0.055142,0.030291,0.020366,0.020566
c26f98f58350.png,anodr,0,0.891978,0.041882,0.024098,0.021770,0.020272
c2f3281cf528.png,anodr,0,0.888308,0.046165,0.024580,0.020749,0.020199
c365c598ad4e.png,anodr,0,0.890274,0.044297,0.024217,0.020999,0.020214
c3789c1dab96.png,anodr,0,0.894108,0.039689,0.023561,0.022231,0.020410
c3b15bf9b4bc.png,anodr,0,0.887834,0.045927,0.025137,0.021003,0.020100
c56293f53191.png,anodr,0,0.885381,0.048891,0.025326,0.020261,0.020142
c58971bcebb2.png,anodr,0,0.882934,0.047647,0.027874,0.021508,0.020038
c5bec7f1e5f3.png,anodr,0,0.887312,0.046274,0.025356,0.020970,0.020088
c6229222bf22.png,anodr,0,0.886229,0.047866,0.025165,0.020559,0.020181
c62cef02efa2.png,anodr,0,0.891785,0.042845,0.023719,0.021324,0.020328
c639d837f5e4.png,anodr,0,0.894823,0.039629,0.022989,0.022033,0.020527
c6f5b5b5be41.png,anodr,0,0.888471,0.044997,0.025216,0.021182,0.020134
c755a0c4edcc.png,anodr,0,0.893517,0.039716,0.024092,0.022347,0.020327
c7c3d363bc86.png,anodr,0,0.889971,0.043040,0.024831,0.021892,0.020266
c81c6911f5e0.png,anodr,0,0.889750,0.044629,0.024392,0.021007,0.020222
c85b79d70079.png,anodr,0,0.879051,0.050297,0.029126,0.021371,0.020155
c90c6b94cf40.png,anodr,0,0.886445,0.046116,0.026366,0.020847,0.020226
c98f623d08d1.png,anodr,0,0.887556,0.047010,0.024643,0.020570,0.020221
c9e697117f3f.png,anodr,0,0.887218,0.046981,0.024985,0.020642,0.020174
ca05f7e7801b.png,anodr,0,0.886864,0.046876,0.025368,0.020735,0.020156
cad5b1a82e60.png,anodr,0,0.890490,0.043797,0.024365,0.021169,0.020179
cb0cc98d7e35.png,cmoderatedr,2,0.044522,0.327214,0.550662,0.026781,0.050821
cb68fce07789.png,anodr,0,0.890342,0.044155,0.024266,0.021062,0.020176
cc671a73e1cb.png,anodr,0,0.890357,0.044118,0.024219,0.021042,0.020265
cd01672507c9.png,anodr,0,0.894808,0.037378,0.024009,0.023339,0.020466
cd1c98ec48b1.png,anodr,0,0.777395,0.123122,0.056784,0.018408,0.024292
cd314653a4d8.png,anodr,0,0.893970,0.040585,0.023351,0.021776,0.020318
ce754234d760.png,anodr,0,0.876713,0.054815,0.028348,0.020082,0.020043
ce8d2efd9d4f.png,anodr,0,0.891664,0.042724,0.023902,0.021425,0.020285
cec299c2a2d5.png,anodr,0,0.890891,0.041222,0.025384,0.022412,0.020090
cf6551521a35.png,anodr,0,0.892952,0.039667,0.024528,0.022618,0.020235
cf8f1bc7a215.png,anodr,0,0.893964,0.040121,0.023569,0.021969,0.020377
cfed7c1172ec.png,anodr,0,0.878465,0.054233,0.027303,0.019887,0.020112
cff262ed8f4c.png,anodr,0,0.893088,0.039833,0.024234,0.022467,0.020377
d02b79fc3200.png,anodr,0,0.891473,0.043166,0.023908,0.021213,0.020241
d18f6431ebce.png,anodr,0,0.884600,0.050119,0.024972,0.020046,0.020262
d1afdb8cf70d.png,anodr,0,0.884698,0.049128,0.025692,0.020384,0.020097
d1ca85af57c9.png,anodr,0,0.890731,0.044056,0.023970,0.020989,0.020254
d26bb2ed6e71.png,anodr,0,0.892694,0.041069,0.024093,0.021895,0.020249
d26bc6e1230d.png,anodr,0,0.885918,0.048504,0.024973,0.020352,0.020253
d27ac9e54901.png,anodr,0,0.890651,0.043826,0.024180,0.021131,0.020213
d2c5fb82fe5f.png,anodr,0,0.893223,0.040556,0.023885,0.022036,0.020301
d2fb715b0c41.png,anodr,0,0.888174,0.045712,0.024939,0.020970,0.020206
d30d079e6f9a.png,anodr,0,0.883093,0.049645,0.026628,0.020446,0.020188
d332d7b8a26e.png,anodr,0,0.890004,0.044457,0.024197,0.021074,0.020267
d38cf0f4a9af.png,anodr,0,0.885482,0.048253,0.025677,0.020502,0.020086
d39752cb6e57.png,anodr,0,0.890094,0.044283,0.024306,0.021097,0.020220
d3dfd0a2dee6.png,anodr,0,0.894676,0.039156,0.023496,0.022289,0.020383
d4583e9525dc.png,anodr,0,0.889209,0.044045,0.025151,0.021366,0.020229
d4bc001f7224.png,anodr,0,0.886220,0.046605,0.026065,0.021046,0.020063
d516f77d4516.png,anodr,0,0.891756,0.042499,0.023916,0.021511,0.020317
d51e5d7484ea.png,anodr,0,0.890591,0.043589,0.024284,0.021295,0.020241
d6130f2ec903.png,anodr,0,0.875578,0.057874,0.027067,0.019287,0.020193
d667af5742f6.png,anodr,0,0.890499,0.043755,0.024317,0.021210,0.020219
d69698f838db.png,anodr,0,0.887049,0.046909,0.025102,0.020780,0.020160
d6f6bdfd8011.png,anodr,0,0.887472,0.046381,0.025176,0.020810,0.020160
d7078e8b0349.png,anodr,0,0.895681,0.038283,0.023000,0.022511,0.020526
d74ccc796517.png,anodr,0,0.751747,0.149480,0.056570,0.017801,0.024402
d7ac4a0c9760.png,anodr,0,0.888760,0.045620,0.024520,0.020861,0.020239
d7bc62d60e8c.png,anodr,0,0.893124,0.038370,0.024701,0.023478,0.020328
d807c53c1399.png,anodr,0,0.886630,0.047433,0.025078,0.020649,0.020210
d866c26d76f0.png,anodr,0,0.891170,0.041503,0.025035,0.022136,0.020155
d91635f380b4.png,anodr,0,0.884162,0.049048,0.026196,0.020451,0.020144
d93b61dc8f64.png,anodr,0,0.889394,0.036943,0.027751,0.025279,0.020633
d97911a32918.png,anodr,0,0.885385,0.047616,0.026091,0.020883,0.020025
da0a83f074f3.png,anodr,0,0.890293,0.044276,0.024348,0.020938,0.020145
da9574d35b82.png,anodr,0,0.891258,0.041194,0.024964,0.022378,0.020207
daad7b617f21.png,anodr,0,0.874087,0.059446,0.027114,0.019086,0.020268
db3cd58aa315.png,anodr,0,0.893964,0.040033,0.023534,0.022141,0.020327
dc0f6e5b489b.png,anodr,0,0.888005,0.045193,0.025463,0.021275,0.020064
dcc6c0ad5cad.png,anodr,0,0.890169,0.041008,0.025914,0.022747,0.020162
dccdf750c962.png,anodr,0,0.887910,0.046637,0.024617,0.020558,0.020279
dcf109df1a2b.png,anodr,0,0.894650,0.039126,0.023323,0.022397,0.020503
ddb222ff7c1d.png,anodr,0,0.895207,0.039194,0.022943,0.022172,0.020485
de4cdabbce6d.png,anodr,0,0.891237,0.041842,0.024769,0.021966,0.020186
de55ed25e0e8.png,anodr,0,0.887324,0.046680,0.025024,0.020726,0.020246
de57c9e9fa93.png,bmilddr,1,0.095768,0.790774,0.060859,0.019719,0.032879
dee31065f8fe.png,anodr,0,0.887414,0.046509,0.024929,0.020870,0.020277
df0886f1e76b.png,anodr,0,0.894331,0.039506,0.023509,0.022258,0.020395
e01b7bac822b.png,anodr,0,0.884265,0.048800,0.026353,0.020574,0.020009
e06cccc08c59.png,anodr,0,0.884130,0.050266,0.025327,0.020074,0.020202
e135d7ba9a0e.png,anodr,0,0.888704,0.045706,0.024603,0.020819,0.020168
e1c02f6c3362.png,anodr,0,0.893860,0.039834,0.023751,0.022290,0.020266
e3cd96cb094c.png,anodr,0,0.893474,0.040503,0.023939,0.021828,0.020257
e47452069ea1.png,anodr,0,0.891530,0.042137,0.024381,0.021738,0.020213
e4a44f9158dc.png,anodr,0,0.890311,0.044169,0.024182,0.021123,0.020215
e4ae1ee6aada.png,anodr,0,0.887979,0.046487,0.024643,0.020680,0.020211
e529c5757d64.png,anodr,0,0.884174,0.049394,0.025916,0.020332,0.020184
e582e56e7942.png,anodr,0,0.891533,0.042530,0.024015,0.021590,0.020332
e594c19e2e1d.png,anodr,0,0.886145,0.047223,0.025671,0.020860,0.020101
e68746d426b2.png,anodr,0,0.879980,0.053916,0.026276,0.019632,0.020196
e6a5e4718873.png,anodr,0,0.892576,0.041853,0.023694,0.021531,0.020346
e77a93c3d9a9.png,anodr,0,0.892480,0.040443,0.024419,0.022365,0.020294
e893e86dde94.png,anodr,0,0.881108,0.052078,0.026439,0.020182,0.020192
e8e44b3160e3.png,anodr,0,0.888081,0.046275,0.024778,0.020683,0.020184
e907d23cce3d.png,anodr,0,0.891611,0.041956,0.024515,0.021634,0.020284
e966850247f4.png,anodr,0,0.886064,0.048185,0.025197,0.020455,0.020099
e97ecf4355cb.png,anodr,0,0.893804,0.040532,0.023370,0.021900,0.020393
ea5c42a78979.png,anodr,0,0.888622,0.045092,0.024975,0.021124,0.020186
ea6a53e54d0f.png,anodr,0,0.885908,0.048173,0.025304,0.020432,0.020184
ea7e21bab610.png,anodr,0,0.890814,0.043909,0.023949,0.021052,0.020276
eabf421f94d0.png,anodr,0,0.884748,0.048571,0.025958,0.020585,0.020138
eae70f527755.png,anodr,0,0.888557,0.045277,0.024961,0.021020,0.020185
eb050765b323.png,anodr,0,0.892668,0.042016,0.023397,0.021491,0.020427
eb175669d789.png,anodr,0,0.882407,0.052197,0.025488,0.019705,0.020202
ebd96d853918.png,anodr,0,0.884332,0.049454,0.025631,0.020395,0.020187
ec01f0862669.png,anodr,0,0.883904,0.050376,0.025444,0.020109,0.020168
ec0c9f817b03.png,anodr,0,0.887638,0.047296,0.024382,0.020392,0.020292
ecad6845f630.png,anodr,0,0.892928,0.039719,0.024551,0.022507,0.020294
ee77763a6afb.png,anodr,0,0.892392,0.041809,0.023945,0.021632,0.020223
ef247f28004f.png,anodr,0,0.895159,0.038740,0.023257,0.022410,0.020434
ef4121e9bb67.png,anodr,0,0.886962,0.046718,0.025371,0.020859,0.020090
ef5155990874.png,anodr,0,0.880667,0.052608,0.026438,0.020054,0.020232
f0267c42907c.png,anodr,0,0.891410,0.041886,0.024629,0.021884,0.020190
f02956bd7c50.png,anodr,0,0.893992,0.040069,0.023558,0.022034,0.020348
f233638e0e90.png,anodr,0,0.877261,0.055761,0.027225,0.019629,0.020124
f36cb007a1ef.png,anodr,0,0.880555,0.052883,0.026487,0.019915,0.020160
f3a4751af42e.png,anodr,0,0.842123,0.082209,0.036020,0.018442,0.021206
f3bb996b45ce.png,anodr,0,0.888666,0.045343,0.024782,0.021002,0.020207
f451eee2b66b.png,anodr,0,0.890382,0.044454,0.023937,0.020960,0.020266
f48241b0c995.png,anodr,0,0.895906,0.038621,0.022638,0.022254,0.020582
f4c7ae514c54.png,anodr,0,0.893017,0.041124,0.023694,0.021838,0.020326
f56ff0440ed1.png,anodr,0,0.896845,0.036568,0.022595,0.023278,0.020714
f7116e7b2f4e.png,anodr,0,0.889889,0.044332,0.024551,0.021072,0.020156
f7735b6d47f7.png,anodr,0,0.889255,0.044894,0.024546,0.021016,0.020290
f7e9fa75c7c1.png,anodr,0,0.891554,0.042511,0.024063,0.021591,0.020283
f819c65b803c.png,anodr,0,0.892174,0.040881,0.024578,0.022140,0.020227
f85fd4fac887.png,anodr,0,0.891421,0.040821,0.025066,0.022491,0.020200
f8d62557ad0c.png,anodr,0,0.867900,0.063309,0.029481,0.019156,0.020154
f9d8ff3e6592.png,anodr,0,0.893136,0.040890,0.023825,0.021841,0.020309
fa0c87bd75ce.png,anodr,0,0.893540,0.038425,0.024640,0.023147,0.020249
fa573163dd8b.png,anodr,0,0.886194,0.047538,0.025498,0.020659,0.020111
fb88783de055.png,anodr,0,0.889414,0.045012,0.024383,0.020937,0.020254
fbdc796290d4.png,anodr,0,0.888584,0.045201,0.024999,0.021041,0.020176
fc898dfeb24f.png,anodr,0,0.893019,0.041200,0.023810,0.021626,0.020346
fcc32dffd24d.png,anodr,0,0.895128,0.038606,0.023053,0.022629,0.020584
fd079d2e93a2.png,anodr,0,0.892124,0.042058,0.023949,0.021583,0.020286
fd87b6b2e664.png,anodr,0,0.885761,0.048484,0.025176,0.020388,0.020190
fdbc252813b1.png,anodr,0,0.893938,0.039609,0.023707,0.022379,0.020367
fe3f62695b2d.png,anodr,0,0.885183,0.048458,0.025706,0.020535,0.020118
febfb20dc311.png,anodr,0,0.889370,0.045097,0.024334,0.020916,0.020282
ff1e940105f9.png,anodr,0,0.883803,0.049795,0.025893,0.020383,0.020126
ff4832d55461.png,anodr,0,0.890495,0.042835,0.024821,0.021649,0.020199
ff59d44a70a7.png,anodr,0,0.886176,0.047933,0.025213,0.020518,0.020160
ff631653374e.png,anodr,0,0.889154,0.045153,0.024603,0.020931,0.020159
0369f3efe69b.png,cmoderatedr,2,0.019154,0.033453,0.832140,0.062727,0.052526
03e25101e8e8.png,bmilddr,1,0.075120,0.787757,0.069628,0.023419,0.044075
04ac765f91a1.png,bmilddr,1,0.090787,0.803026,0.048084,0.020360,0.037742
07929d32b5b3.png,bmilddr,1,0.080505,0.793947,0.063289,0.021872,0.040387
07a1c7073982.png,cmoderatedr,2,0.024034,0.112909,0.777456,0.034969,0.050632
086d41d17da8.png,bmilddr,1,0.081181,0.796615,0.059335,0.021989,0.040880
0ad7f631dedb.png,bmilddr,1,0.056786,0.683735,0.173552,0.028387,0.057540
0d310aba6373.png,cmoderatedr,2,0.018387,0.027522,0.833906,0.070349,0.049836
1116271db4ea.png,cmoderatedr,2,0.043830,0.188721,0.704616,0.024229,0.038604
12ce6a1a1f31.png,bmilddr,1,0.102736,0.799445,0.045411,0.018875,0.033533
1a03a7970337.png,bmilddr,1,0.097023,0.802898,0.044182,0.019731,0.036166
1bb0ddfe753a.png,cmoderatedr,2,0.018970,0.040180,0.862867,0.040713,0.037269
27e4c800a449.png,bmilddr,1,0.079459,0.794125,0.063863,0.021622,0.040932
28f98cfe3858.png,cmoderatedr,2,0.025392,0.079663,0.826214,0.030539,0.038192
2a08ed6bbcbc.png,bmilddr,1,0.068293,0.762355,0.100244,0.023659,0.045449
2d9d97a6e713.png,bmilddr,1,0.205894,0.700967,0.052801,0.015807,0.024531
2f2e1949ad56.png,bmilddr,1,0.089510,0.802629,0.048698,0.020752,0.038411
