file_name,score_anodr,score_bmilddr,score_cmoderatedr,score_dseveredr,score_eproliferativedr,pred_class
20051020_43808_0100_PP_967.png,0.934170,0.015082,0.017603,0.016106,0.017039,anodr
20051020_44261_0100_PP_1191.png,0.924004,0.024219,0.016353,0.019149,0.016275,anodr
20051020_44284_0100_PP_502.png,0.910903,0.021484,0.033621,0.019763,0.014228,anodr
20051020_44338_0100_PP_547.png,0.917309,0.022472,0.024770,0.014038,0.021411,anodr
20051020_44400_0100_PP_920.png,0.913908,0.030693,0.020113,0.014977,0.020309,anodr
20051020_44431_0100_PP_514.png,0.920645,0.021195,0.026870,0.014207,0.017083,anodr
20051020_44692_0100_PP_419.png,0.928466,0.015404,0.023073,0.015247,0.017810,anodr
20051020_44714_0100_PP_1199.png,0.928092,0.016239,0.021815,0.016945,0.016909,anodr
20051020_44982_0100_PP_486.png,0.921898,0.028654,0.016041,0.017008,0.016399,anodr
20051020_56791_0100_PP_1185.png,0.912589,0.030593,0.014745,0.018342,0.023731,anodr
20051020_57157_0100_PP_971.png,0.279193,0.622456,0.054233,0.019308,0.024809,bmilddr
20051020_57967_0100_PP_829.png,0.930006,0.014873,0.018588,0.018306,0.018227,anodr
20051020_58065_0100_PP_561.png,0.931898,0.014806,0.016859,0.017589,0.018848,anodr
20051020_61757_0100_PP_484.png,0.927614,0.011882,0.015834,0.020278,0.024392,anodr
20051020_62461_0100_PP_76.png,0.744697,0.046252,0.165347,0.017029,0.026676,anodr
20051020_62510_0100_PP_106.png,0.681905,0.028860,0.229580,0.033303,0.026352,anodr
20051020_62577_0100_PP_479.png,0.932700,0.016048,0.015097,0.020099,0.016057,anodr
20051020_62615_0100_PP_294.png,0.932742,0.017606,0.014033,0.017838,0.017781,anodr
20051020_63269_0100_PP_1183.png,0.928071,0.018422,0.019731,0.014462,0.019315,anodr
20051020_63337_0100_PP_471.png,0.920899,0.027579,0.018807,0.014238,0.018477,anodr
20051020_64249_0100_PP_1004.png,0.921910,0.025630,0.015504,0.021801,0.015156,anodr
20051020_64388_0100_PP_1194.png,0.928192,0.020966,0.016444,0.018145,0.016253,anodr
20051020_64653_0100_PP_124.png,0.925899,0.020271,0.017934,0.015335,0.020561,anodr
20051020_64775_0100_PP_480.png,0.914915,0.030195,0.017424,0.017001,0.020465,anodr
20051020_64836_0100_PP_1270.png,0.922120,0.025956,0.016816,0.016913,0.018194,anodr
20051021_36380_0100_PP_135.png,0.930109,0.017198,0.015491,0.020195,0.017007,anodr
20051021_36476_0100_PP_1243.png,0.929613,0.015796,0.017863,0.021230,0.015499,anodr
20051021_39845_0100_PP_315.png,0.931967,0.015015,0.017766,0.018107,0.017145,anodr
20051021_39914_0100_PP_1352.png,0.932418,0.015749,0.016897,0.017467,0.017469,anodr
20051021_51418_0100_PP_18.png,0.929419,0.019518,0.016195,0.016646,0.018222,anodr
20051021_51476_0100_PP_150.png,0.873669,0.054657,0.036526,0.015266,0.019882,anodr
20051021_51936_0100_PP_1379.png,0.925287,0.024989,0.018850,0.014283,0.016591,anodr
20051021_51994_0100_PP_1283.png,0.929930,0.021788,0.016414,0.015997,0.015872,anodr
20051021_57798_0100_PP_1322.png,0.928842,0.015964,0.021837,0.016623,0.016735,anodr
20051021_57862_0100_PP_372.png,0.915591,0.031043,0.022609,0.013860,0.016896,anodr
20051021_57975_0100_PP_517.png,0.857400,0.007179,0.039224,0.025555,0.070641,anodr
20051021_58035_0100_PP_1138.png,0.885437,0.026198,0.051721,0.011615,0.025029,anodr
20051021_58388_0100_PP_1300.png,0.928932,0.019916,0.016915,0.017662,0.016574,anodr
20051021_58522_0100_PP_50.png,0.930162,0.018460,0.015859,0.017943,0.017576,anodr
20051109_57843_0400_PP_1109.png,0.929450,0.017522,0.019460,0.016615,0.016953,anodr
20051109_59969_0400_PP_1079.png,0.933056,0.017945,0.016427,0.014821,0.017750,anodr
20051109_60031_0400_PP_528.png,0.928134,0.018800,0.020777,0.017210,0.015079,anodr
20051109_60136_0400_PP_905.png,0.877983,0.018865,0.017500,0.013250,0.072402,anodr
20051110_33960_0400_PP_35.png,0.920701,0.020057,0.013038,0.014941,0.031262,anodr
20051110_34013_0400_PP_151.png,0.932199,0.013704,0.020876,0.016696,0.016525,anodr
20051110_35239_0400_PP_836.png,0.929746,0.019549,0.018291,0.015209,0.017205,anodr
20051110_35279_0400_PP_1033.png,0.919873,0.026961,0.017752,0.016757,0.018658,anodr
20051110_35332_0400_PP_497.png,0.913585,0.029344,0.020065,0.022408,0.014597,anodr
20051110_37992_0400_PP_1043.png,0.743675,0.191417,0.024194,0.018241,0.022472,anodr
20051110_38111_0400_PP_429.png,0.913179,0.032568,0.016956,0.020880,0.016417,anodr
20051110_38156_0400_PP_477.png,0.906746,0.041242,0.017018,0.018163,0.016831,anodr
20051110_38280_0400_PP_83.png,0.925765,0.019290,0.016459,0.021958,0.016528,anodr
20051110_38313_0400_PP_1041.png,0.929002,0.017410,0.021655,0.017777,0.014155,anodr
20051110_38352_0400_PP_934.png,0.930525,0.017504,0.018005,0.020431,0.013535,anodr
20051110_38472_0400_PP_1127.png,0.912734,0.026634,0.024955,0.020617,0.015060,anodr
20051110_38507_0400_PP_1190.png,0.922814,0.019165,0.020831,0.021085,0.016105,anodr
20051116_43388_0400_PP_344.png,0.888350,0.044228,0.031693,0.021180,0.014549,anodr
20051116_43585_0400_PP_950.png,0.913999,0.029725,0.019419,0.021587,0.015269,anodr
20051116_43710_0400_PP_95.png,0.893601,0.019787,0.053767,0.017995,0.014850,anodr
20051116_43721_0400_PP_363.png,0.856907,0.041668,0.068674,0.015966,0.016785,anodr
20051116_43785_0400_PP_445.png,0.929514,0.016908,0.019498,0.018799,0.015281,anodr
20051116_43801_0400_PP_325.png,0.927143,0.018959,0.018751,0.019851,0.015296,anodr
20051116_44648_0400_PP_1036.png,0.926460,0.021072,0.016274,0.021476,0.014718,anodr
20051117_37042_0400_PP_1119.png,0.919661,0.025719,0.019052,0.014689,0.020879,anodr
20051117_37051_0400_PP_1136.png,0.930253,0.015988,0.018720,0.017196,0.017842,anodr
20051117_37078_0400_PP_559.png,0.922609,0.022600,0.022693,0.019452,0.012646,anodr
20051117_37100_0400_PP_1083.png,0.905527,0.034427,0.026484,0.019146,0.014416,anodr
20051117_37130_0400_PP_938.png,0.905076,0.035022,0.027891,0.016409,0.015602,anodr
20051117_37155_0400_PP_84.png,0.872812,0.031777,0.063473,0.015967,0.015971,anodr
20051117_37185_0400_PP_404.png,0.925535,0.019514,0.019152,0.021716,0.014083,anodr
20051117_37321_0400_PP_947.png,0.925079,0.023645,0.019218,0.016159,0.015900,anodr
20051130_53586_0400_PP_1121.png,0.931679,0.018158,0.017885,0.016337,0.015941,anodr
20051130_53623_0400_PP_894.png,0.917748,0.025710,0.023921,0.016209,0.016412,anodr
20051130_53663_0400_PP_510.png,0.914395,0.025688,0.025292,0.017419,0.017207,anodr
20051130_53991_0400_PP_277.png,0.923982,0.024034,0.019966,0.016519,0.015499,anodr
20051130_54030_0400_PP_946.png,0.926757,0.022984,0.013671,0.019077,0.017511,anodr
20051130_54077_0400_PP_1117.png,0.904165,0.040890,0.021480,0.017843,0.015623,anodr
20051130_54121_0400_PP_1281.png,0.922966,0.022625,0.018140,0.016699,0.019569,anodr
20051130_54257_0400_PP_506.png,0.089215,0.811838,0.049672,0.014871,0.034404,bmilddr
20051130_54301_0400_PP_93.png,0.099843,0.359689,0.413766,0.021433,0.105269,cmoderatedr
20051130_54323_0400_PP_978.png,0.925808,0.025838,0.018633,0.013521,0.016199,anodr
20051130_54476_0400_PP_394.png,0.927927,0.016184,0.019715,0.019246,0.016927,anodr
20051130_54498_0400_PP_1217.png,0.927284,0.014822,0.021722,0.019368,0.016804,anodr
20051130_54595_0400_PP_940.png,0.077732,0.859295,0.028313,0.004956,0.029704,bmilddr
20051130_54802_0400_PP_550.png,0.919612,0.023238,0.023663,0.019050,0.014438,anodr
20051130_54846_0400_PP_289.png,0.927199,0.022027,0.016245,0.018166,0.016363,anodr
20051130_54943_0400_PP_1044.png,0.927142,0.016185,0.022953,0.015990,0.017730,anodr
20051130_54956_0400_PP_875.png,0.928861,0.017971,0.018565,0.016289,0.018315,anodr
20051130_55004_0400_PP_1259.png,0.931551,0.013555,0.019710,0.016388,0.018795,anodr
20051130_55012_0400_PP_865.png,0.927551,0.016165,0.019050,0.013507,0.023727,anodr
20051130_55037_0400_PP_443.png,0.924393,0.025335,0.018932,0.015628,0.015712,anodr
20051130_55048_0400_PP_921.png,0.925007,0.025923,0.016064,0.016608,0.016398,anodr
20051130_55074_0400_PP_986.png,0.909894,0.023596,0.033640,0.015962,0.016908,anodr
20051130_55086_0400_PP_1152.png,0.910119,0.030105,0.018684,0.025147,0.015945,anodr
20051130_55107_0400_PP_316.png,0.898754,0.020769,0.042884,0.015486,0.022107,anodr
20051130_55160_0400_PP_1182.png,0.915626,0.027259,0.021796,0.020210,0.015110,anodr
20051130_55269_0400_PP_820.png,0.902427,0.035658,0.026915,0.019994,0.015007,anodr
20051130_55311_0400_PP_896.png,0.925568,0.023484,0.020608,0.014736,0.015604,anodr
20051130_55323_0400_PP_883.png,0.921277,0.014828,0.014873,0.012879,0.036143,anodr
20051130_55381_0400_PP_504.png,0.925551,0.020818,0.016669,0.018464,0.018498,anodr
20051130_55393_0400_PP_1251.png,0.885085,0.054471,0.025195,0.018283,0.016966,anodr
20051130_58716_0400_PP_355.png,0.920976,0.020126,0.024452,0.021787,0.012659,anodr
20051130_58824_0400_PP_1181.png,0.924015,0.021275,0.020474,0.020665,0.013571,anodr
20051130_58874_0400_PP_1359.png,0.921972,0.014137,0.016033,0.015226,0.032631,anodr
20051130_58888_0400_PP_284.png,0.829456,0.072293,0.057905,0.015891,0.024455,anodr
20051130_58962_0400_PP_973.png,0.932707,0.017186,0.019260,0.015554,0.015293,anodr
20051130_58998_0400_PP_543.png,0.930475,0.017813,0.018041,0.016877,0.016795,anodr
20051130_59029_0400_PP_270.png,0.929341,0.018415,0.018782,0.016953,0.016509,anodr
20051130_59186_0400_PP_350.png,0.923002,0.021121,0.020366,0.019877,0.015634,anodr
20051130_59284_0400_PP_853.png,0.921168,0.023315,0.020320,0.019038,0.016159,anodr
20051130_59374_0400_PP_410.png,0.933509,0.014966,0.018865,0.014876,0.017785,anodr
20051130_59404_0400_PP_392.png,0.900124,0.012593,0.026748,0.018868,0.041667,anodr
20051130_59457_0400_PP_1053.png,0.867366,0.071828,0.020119,0.020330,0.020357,anodr
20051130_59464_0400_PP_1141.png,0.899389,0.046924,0.013830,0.025757,0.014099,anodr
20051130_59749_0400_PP_965.png,0.928547,0.017218,0.020436,0.017406,0.016393,anodr
20051130_59775_0400_PP_1224.png,0.932499,0.012940,0.019408,0.019908,0.015245,anodr
20051130_59793_0400_PP_926.png,0.927696,0.018435,0.021981,0.015379,0.016509,anodr
20051130_59802_0400_PP_430.png,0.923781,0.016833,0.025840,0.016845,0.016701,anodr
20051130_59850_0400_PP_36.png,0.924821,0.014204,0.012701,0.019108,0.029166,anodr
20051130_59869_0400_PP_520.png,0.928125,0.020712,0.017617,0.018820,0.014725,anodr
20051130_59964_0400_PP_312.png,0.914169,0.029390,0.021943,0.018966,0.015531,anodr
20051130_59993_0400_PP_439.png,0.511147,0.158469,0.291577,0.020776,0.018032,anodr
20051130_60040_0400_PP_1355.png,0.927459,0.020347,0.019963,0.017612,0.014620,anodr
20051130_60066_0400_PP_1170.png,0.931212,0.018722,0.016469,0.018765,0.014833,anodr
20051130_60186_0400_PP_1365.png,0.923450,0.023203,0.019844,0.019455,0.014048,anodr
20051130_60234_0400_PP_453.png,0.925364,0.021584,0.020786,0.018188,0.014078,anodr
20051130_60448_0400_PP_860.png,0.925227,0.019981,0.022238,0.017399,0.015155,anodr
20051130_60490_0400_PP_828.png,0.929404,0.016428,0.021607,0.017069,0.015492,anodr
20051130_60532_0400_PP_1052.png,0.926085,0.016490,0.024403,0.015733,0.017290,anodr
20051130_60562_0400_PP_121.png,0.867680,0.038487,0.060628,0.009800,0.023406,anodr
20051130_60601_0400_PP_146.png,0.926132,0.019968,0.020349,0.017595,0.015956,anodr
20051130_60630_0400_PP_60.png,0.933768,0.012954,0.019081,0.018317,0.015880,anodr
20051130_60691_0400_PP_939.png,0.920142,0.019072,0.032106,0.013043,0.015637,anodr
20051130_60715_0400_PP_555.png,0.927159,0.015166,0.021101,0.015410,0.021163,anodr
20051130_60740_0400_PP_1166.png,0.898896,0.044679,0.023389,0.016718,0.016318,anodr
20051130_60794_0400_PP_280.png,0.906876,0.035462,0.018577,0.014499,0.024586,anodr
20051130_60822_0400_PP_980.png,0.929176,0.021548,0.016155,0.016272,0.016849,anodr
20051201_37312_0400_PP_1333.png,0.705614,0.175100,0.084601,0.018625,0.016060,anodr
20051201_37337_0400_PP_839.png,0.924239,0.022267,0.021102,0.017231,0.015161,anodr
20051201_37382_0400_PP_1350.png,0.899252,0.047324,0.016969,0.020491,0.015964,anodr
20051201_37390_0400_PP_833.png,0.856258,0.079825,0.022825,0.026437,0.014655,anodr
20051201_37409_0400_PP_1340.png,0.905393,0.034308,0.023644,0.012689,0.023966,anodr
20051201_37462_0400_PP_357.png,0.875401,0.070073,0.019723,0.016499,0.018304,anodr
20051201_37534_0400_PP_906.png,0.927700,0.018784,0.022168,0.015569,0.015779,anodr
20051201_37557_0400_PP_1336.png,0.926737,0.018960,0.022494,0.016762,0.015047,anodr
20051201_38041_0400_PP_1312.png,0.917990,0.026010,0.021930,0.019872,0.014198,anodr
20051201_38081_0400_PP_963.png,0.932104,0.013487,0.016474,0.017266,0.020668,anodr
20051201_38103_0400_PP_81.png,0.893609,0.052592,0.020965,0.015245,0.017588,anodr
20051201_38137_0400_PP_391.png,0.924277,0.023083,0.021179,0.015129,0.016333,anodr
20051201_38155_0400_PP_112.png,0.362622,0.139245,0.446351,0.019117,0.032664,cmoderatedr
20051201_38164_0400_PP_881.png,0.057908,0.615804,0.170743,0.010249,0.145296,bmilddr
20051201_38199_0400_PP_1329.png,0.908100,0.034445,0.023645,0.017719,0.016091,anodr
20051201_38211_0400_PP_1174.png,0.923177,0.021848,0.019528,0.020329,0.015118,anodr
20051201_38246_0400_PP_1063.png,0.925287,0.018621,0.018836,0.020896,0.016361,anodr
20051201_38262_0400_PP_335.png,0.905022,0.010422,0.042887,0.021525,0.020143,anodr
20051201_38280_0400_PP_1103.png,0.928064,0.016878,0.018964,0.019592,0.016501,anodr
20051201_38291_0400_PP_468.png,0.931313,0.015557,0.016987,0.018162,0.017980,anodr
20051201_38321_0400_PP_903.png,0.909034,0.027666,0.028349,0.013347,0.021604,anodr
20051201_38349_0400_PP_892.png,0.932343,0.016981,0.016772,0.017787,0.016117,anodr
20051201_38466_0400_PP_572.png,0.924793,0.023669,0.019054,0.017421,0.015063,anodr
20051201_38475_0400_PP_560.png,0.903314,0.030931,0.018273,0.016099,0.031383,anodr
20051202_37162_0400_PP_29.png,0.043903,0.898807,0.026404,0.009011,0.021874,bmilddr
20051202_51599_0400_PP_966.png,0.925766,0.018599,0.021717,0.018548,0.015371,anodr
20051202_51616_0400_PP_1018.png,0.922986,0.022644,0.020575,0.019361,0.014434,anodr
20051205_57651_0400_PP_52.png,0.930975,0.015765,0.018515,0.017781,0.016965,anodr
20051205_57704_0400_PP_1167.png,0.931974,0.015799,0.018405,0.017920,0.015901,anodr
20051205_57757_0400_PP_1100.png,0.898844,0.037189,0.032243,0.017459,0.014265,anodr
20051205_57780_0400_PP_1102.png,0.924389,0.017458,0.024962,0.017538,0.015653,anodr
20051205_57799_0400_PP_868.png,0.181785,0.713246,0.057326,0.013292,0.034351,bmilddr
20051205_57809_0400_PP_1228.png,0.514086,0.406923,0.033903,0.018555,0.026533,anodr
20051205_57838_0400_PP_859.png,0.927477,0.024102,0.014414,0.017867,0.016139,anodr
20051205_57879_0400_PP_1254.png,0.919839,0.027784,0.016232,0.019897,0.016248,anodr
20051205_57942_0400_PP_990.png,0.917557,0.031186,0.017918,0.018103,0.015235,anodr
20051205_57988_0400_PP_1112.png,0.851890,0.078487,0.030476,0.021453,0.017693,anodr
20051205_58037_0400_PP_835.png,0.930760,0.015512,0.016737,0.016998,0.019993,anodr
20051205_58060_0400_PP_376.png,0.314795,0.604638,0.017969,0.030221,0.032376,bmilddr
20051205_58080_0400_PP_1034.png,0.928317,0.019083,0.019014,0.017545,0.016041,anodr
20051205_58091_0400_PP_292.png,0.929142,0.020349,0.015868,0.019132,0.015509,anodr
20051205_58109_0400_PP_1311.png,0.896077,0.051192,0.017437,0.017832,0.017462,anodr
20051205_58125_0400_PP_46.png,0.908751,0.039663,0.013530,0.017705,0.020351,anodr
20051205_58150_0400_PP_393.png,0.929574,0.016848,0.019664,0.017842,0.016072,anodr
20051205_58177_0400_PP_503.png,0.928843,0.013691,0.015266,0.018072,0.024127,anodr
20051205_58354_0400_PP_1282.png,0.917836,0.031768,0.017366,0.018053,0.014977,anodr
20051205_58373_0400_PP_55.png,0.920657,0.023527,0.024338,0.014606,0.016874,anodr
20051205_58409_0400_PP_985.png,0.818122,0.098093,0.042191,0.015462,0.026131,anodr
20051205_58431_0400_PP_493.png,0.914714,0.024817,0.025836,0.018058,0.016575,anodr
20051205_58458_0400_PP_309.png,0.921611,0.020469,0.023498,0.018852,0.015570,anodr
20051205_58502_0400_PP_482.png,0.927554,0.017382,0.019147,0.019225,0.016692,anodr
20051205_58613_0400_PP_843.png,0.910164,0.034532,0.022009,0.019187,0.014109,anodr
20051205_59240_0400_PP_301.png,0.922002,0.023861,0.020625,0.017952,0.015559,anodr
20051205_59337_0400_PP_945.png,0.930659,0.017037,0.018922,0.017463,0.015919,anodr
20051205_59351_0400_PP_332.png,0.926821,0.020242,0.018366,0.017353,0.017218,anodr
20051205_59367_0400_PP_816.png,0.912348,0.022749,0.018856,0.013429,0.032618,anodr
20051205_59379_0400_PP_842.png,0.902733,0.013462,0.012209,0.017628,0.053969,anodr
20051205_59510_0400_PP_329.png,0.672630,0.253385,0.029336,0.023143,0.021506,anodr
20051205_59538_0400_PP_534.png,0.908685,0.041023,0.014175,0.018395,0.017721,anodr
20051205_59617_0400_PP_1000.png,0.883861,0.058687,0.021268,0.019189,0.016996,anodr
20051205_59651_0400_PP_1164.png,0.916111,0.024086,0.024969,0.019169,0.015665,anodr
20051205_59738_0400_PP_119.png,0.925112,0.014439,0.016279,0.013641,0.030529,anodr
20051205_59754_0400_PP_880.png,0.932801,0.016431,0.016049,0.016262,0.018456,anodr
20051205_59833_0400_PP_531.png,0.910483,0.035784,0.022465,0.015372,0.015896,anodr
20051205_59858_0400_PP_523.png,0.869923,0.049304,0.047807,0.017779,0.015187,anodr
20051205_59901_0400_PP_417.png,0.921586,0.026230,0.016087,0.020472,0.015625,anodr
20051205_59923_0400_PP_1307.png,0.928904,0.019133,0.015811,0.019623,0.016530,anodr
20051205_60093_0400_PP_1286.png,0.933203,0.015459,0.016473,0.016914,0.017951,anodr
20051205_60119_0400_PP_451.png,0.930323,0.016081,0.017438,0.018130,0.018028,anodr
20051213_61406_0100_PP_1027.png,0.674256,0.129918,0.080091,0.025510,0.090226,anodr
20051213_61802_0100_PP_408.png,0.823285,0.118484,0.016816,0.022272,0.019142,anodr
20051213_61892_0100_PP_837.png,0.932074,0.017127,0.016287,0.017239,0.017273,anodr
20051213_61951_0100_PP_983.png,0.925640,0.020057,0.019521,0.018201,0.016581,anodr
20051213_62251_0100_PP_27.png,0.927111,0.021671,0.017451,0.016903,0.016865,anodr
20051213_62314_0100_PP_1325.png,0.918623,0.027430,0.022144,0.016962,0.014842,anodr
20051213_62518_0100_PP_821.png,0.928864,0.016144,0.019352,0.017325,0.018315,anodr
20051213_62572_0100_PP_1176.png,0.928434,0.015171,0.021420,0.017400,0.017575,anodr
20051214_40529_0100_PP_1120.png,0.914339,0.030138,0.022692,0.015253,0.017579,anodr
20051214_40767_0100_PP_1039.png,0.911913,0.032172,0.021579,0.017442,0.016894,anodr
20051214_40994_0100_PP_435.png,0.933613,0.016409,0.015309,0.016739,0.017931,anodr
20051214_41055_0100_PP_41.png,0.929184,0.016954,0.019514,0.018964,0.015385,anodr
20051214_42133_0100_PP_462.png,0.867300,0.065263,0.029613,0.011707,0.026117,anodr
20051214_42197_0100_PP_1288.png,0.925916,0.020082,0.022062,0.015713,0.016226,anodr
20051214_42323_0100_PP_845.png,0.928712,0.018539,0.018179,0.016562,0.018008,anodr
20051214_42363_0100_PP_42.png,0.930871,0.013937,0.017040,0.017951,0.020201,anodr
20051214_51178_0100_PP_1380.png,0.931386,0.017056,0.016093,0.017104,0.018361,anodr
20051214_51211_0100_PP_511.png,0.929222,0.018447,0.015919,0.018822,0.017590,anodr
20051214_51308_0100_PP_1342.png,0.931174,0.016676,0.017912,0.017845,0.016394,anodr
20051214_51342_0100_PP_970.png,0.927248,0.019624,0.018721,0.018140,0.016267,anodr
20051214_51442_0100_PP_28.png,0.872231,0.063048,0.033449,0.014066,0.017206,anodr
20051214_51469_0100_PP_1060.png,0.421616,0.396120,0.147696,0.017571,0.016997,anodr
20051214_56242_0100_PP_337.png,0.921968,0.020207,0.023428,0.016685,0.017711,anodr
20051214_56392_0100_PP_1037.png,0.931984,0.014772,0.016192,0.019394,0.017657,anodr
20051214_56438_0100_PP_22.png,0.930251,0.016678,0.017817,0.018608,0.016646,anodr
20051214_56636_0100_PP_128.png,0.930937,0.014121,0.019391,0.018492,0.017059,anodr
20051214_56688_0100_PP_120.png,0.931783,0.014729,0.016958,0.020445,0.016085,anodr
20051214_57761_0100_PP_356.png,0.904497,0.010816,0.026672,0.018712,0.039303,anodr
20051214_57817_0100_PP_876.png,0.923379,0.020760,0.018935,0.013446,0.023480,anodr
20051216_43913_0200_PP_1367.png,0.932305,0.015806,0.017333,0.018567,0.015989,anodr
20051216_44066_0200_PP_426.png,0.057939,0.774795,0.143486,0.011018,0.012762,bmilddr
20051216_44092_0200_PP_1090.png,0.698448,0.054276,0.200187,0.026217,0.020872,anodr
20051216_44221_0200_PP_548.png,0.907738,0.038309,0.015058,0.021141,0.017754,anodr
20051216_44252_0200_PP_952.png,0.909691,0.030702,0.021084,0.021667,0.016856,anodr
20051216_44398_0200_PP_1235.png,0.914715,0.032837,0.015790,0.019143,0.017515,anodr
20051216_44420_0200_PP_379.png,0.908158,0.037578,0.015954,0.022962,0.015348,anodr
20051216_44635_0200_PP_415.png,0.929671,0.019709,0.016069,0.018485,0.016066,anodr
20051216_44660_0200_PP_888.png,0.932535,0.016687,0.015307,0.019237,0.016235,anodr
20051216_44811_0200_PP_567.png,0.926153,0.023398,0.017833,0.017324,0.015293,anodr
20051216_44832_0200_PP_1082.png,0.928570,0.019973,0.015572,0.019398,0.016486,anodr
20051216_45076_0200_PP_818.png,0.917448,0.014205,0.034127,0.013935,0.020285,anodr
20051216_45499_0200_PP_1071.png,0.922575,0.025230,0.016240,0.019491,0.016464,anodr
20051216_45781_0200_PP_320.png,0.922794,0.020664,0.019731,0.020873,0.015938,anodr
20051216_45873_0200_PP_832.png,0.922591,0.022277,0.019745,0.018964,0.016424,anodr
20051216_45992_0200_PP_341.png,0.046589,0.899542,0.027985,0.011044,0.014840,bmilddr
20051216_46018_0200_PP_1216.png,0.919590,0.030545,0.015169,0.017723,0.016973,anodr
20051216_46183_0200_PP_1204.png,0.923351,0.025325,0.015466,0.019360,0.016497,anodr
20051216_47514_0200_PP_110.png,0.931142,0.016421,0.017309,0.019010,0.016118,anodr
20051216_47536_0200_PP_1339.png,0.929975,0.015407,0.018960,0.019071,0.016587,anodr
20060407_38711_0200_PP_283.png,0.872011,0.053175,0.035960,0.020747,0.018107,anodr
20060407_38970_0200_PP_1111.png,0.751467,0.176336,0.027930,0.029173,0.015094,anodr
20060407_39155_0200_PP_855.png,0.923096,0.024458,0.017049,0.018836,0.016561,anodr
20060407_39184_0200_PP_373.png,0.924361,0.020690,0.019615,0.019318,0.016015,anodr
20060407_39306_0200_PP_1074.png,0.921449,0.025046,0.018498,0.018285,0.016720,anodr
20060407_39328_0200_PP_893.png,0.907006,0.031035,0.028624,0.016869,0.016466,anodr
20060407_39435_0200_PP_1214.png,0.888775,0.027812,0.051098,0.018952,0.013363,anodr
20060407_39546_0200_PP_545.png,0.928125,0.022399,0.016648,0.018100,0.014727,anodr
20060407_39567_0200_PP_1168.png,0.916670,0.032933,0.014707,0.019328,0.016363,anodr
20060407_39687_0200_PP_101.png,0.922756,0.022010,0.020547,0.018106,0.016581,anodr
20060407_39761_0200_PP_518.png,0.923328,0.025943,0.015463,0.019199,0.016066,anodr
20060407_39780_0200_PP_1006.png,0.924798,0.023687,0.016378,0.019442,0.015695,anodr
20060407_40740_0200_PP_314.png,0.847517,0.072332,0.042957,0.022657,0.014538,anodr
20060407_40761_0200_PP_282.png,0.928437,0.017584,0.019816,0.017973,0.016190,anodr
20060407_41149_0200_PP_26.png,0.793701,0.125642,0.046288,0.018454,0.015916,anodr
20060407_41177_0200_PP_1104.png,0.918151,0.027234,0.021630,0.018438,0.014548,anodr
20060407_41312_0200_PP_895.png,0.912718,0.032997,0.015425,0.022837,0.016023,anodr
20060407_41980_0200_PP_1347.png,0.925659,0.018330,0.018268,0.021363,0.016381,anodr
20060407_42099_0200_PP_77.png,0.923583,0.021985,0.020448,0.016437,0.017547,anodr
20060407_42133_0200_PP_488.png,0.926393,0.018780,0.019658,0.019069,0.016100,anodr
20060407_42290_0200_PP_1107.png,0.930944,0.015902,0.018955,0.017144,0.017054,anodr
20060407_42308_0200_PP_1278.png,0.929279,0.018257,0.015986,0.019396,0.017083,anodr
20060407_43223_0200_PP_47.png,0.032480,0.531949,0.413306,0.005663,0.016602,bmilddr
20060407_43258_0200_PP_118.png,0.923696,0.022438,0.019498,0.019798,0.014570,anodr
20060407_43594_0200_PP_140.png,0.917893,0.027763,0.018434,0.020205,0.015704,anodr
20060407_43618_0200_PP_867.png,0.921739,0.026316,0.016221,0.019762,0.015963,anodr
20060407_43726_0200_PP_1128.png,0.905768,0.032009,0.025176,0.022547,0.014500,anodr
20060407_43746_0200_PP_1058.png,0.910803,0.034870,0.015833,0.022834,0.015660,anodr
20060407_43834_0200_PP_1162.png,0.918828,0.017412,0.031621,0.016283,0.015856,anodr
20060407_43856_0200_PP_862.png,0.922738,0.022402,0.024093,0.015654,0.015113,anodr
20060407_44042_0200_PP_1047.png,0.930306,0.018871,0.015721,0.018864,0.016237,anodr
20060407_44061_0200_PP_295.png,0.932727,0.015340,0.015967,0.018070,0.017896,anodr
20060407_44400_0200_PP_956.png,0.893224,0.025007,0.050651,0.017284,0.013834,anodr
20060407_44422_0200_PP_847.png,0.925331,0.021091,0.019954,0.017971,0.015653,anodr
20060407_44510_0200_PP_48.png,0.929071,0.016145,0.017525,0.019614,0.017645,anodr
20060407_44529_0200_PP_1212.png,0.930162,0.015423,0.015864,0.020671,0.017881,anodr
20060407_44743_0200_PP_824.png,0.929319,0.017483,0.016224,0.020087,0.016888,anodr
20060407_44766_0200_PP_89.png,0.930150,0.017406,0.017314,0.019419,0.015711,anodr
20060407_44866_0200_PP_293.png,0.898606,0.043645,0.023124,0.018136,0.016489,anodr
20060407_44889_0200_PP_830.png,0.895566,0.042192,0.024900,0.021989,0.015353,anodr
20060407_45107_0200_PP_1345.png,0.922636,0.024742,0.016026,0.020824,0.015772,anodr
20060407_45230_0200_PP_1297.png,0.928491,0.018906,0.015273,0.019127,0.018203,anodr
20060407_45247_0200_PP_1159.png,0.924459,0.014797,0.024890,0.013567,0.022286,anodr
20060407_45718_0200_PP_400.png,0.448258,0.309267,0.190726,0.018192,0.033557,anodr
20060407_45737_0200_PP_1089.png,0.922706,0.025418,0.019092,0.016602,0.016182,anodr
20060407_45834_0200_PP_1219.png,0.928646,0.017217,0.021141,0.017468,0.015529,anodr
20060407_45852_0200_PP_287.png,0.923680,0.020771,0.017210,0.023349,0.014990,anodr
20060407_45949_0200_PP_38.png,0.929018,0.016173,0.016894,0.021481,0.016432,anodr
20060407_46070_0200_PP_1236.png,0.886388,0.048613,0.026177,0.022773,0.016049,anodr
20060407_46235_0200_PP_566.png,0.929619,0.018913,0.017692,0.018658,0.015118,anodr
20060407_46257_0200_PP_827.png,0.918383,0.025060,0.021099,0.019670,0.015788,anodr
20060410_39047_0200_PP_457.png,0.931444,0.014377,0.015797,0.021045,0.017337,anodr
20060410_39075_0200_PP_953.png,0.926143,0.019308,0.015887,0.022176,0.016486,anodr
20060410_39229_0200_PP_1372.png,0.931603,0.014470,0.015946,0.021399,0.016582,anodr
20060410_39476_0200_PP_403.png,0.920755,0.022712,0.021476,0.019484,0.015573,anodr
20060410_39500_0200_PP_73.png,0.899983,0.043033,0.020107,0.020756,0.016121,anodr
20060410_39586_0200_PP_574.png,0.783906,0.147416,0.025228,0.027981,0.015470,anodr
20060410_39606_0200_PP_1148.png,0.830616,0.107853,0.020026,0.025072,0.016434,anodr
20060410_39695_0200_PP_1008.png,0.035685,0.830778,0.114566,0.010602,0.008369,bmilddr
20060410_39859_0200_PP_296.png,0.518236,0.218312,0.213219,0.013072,0.037161,anodr
20060410_39879_0200_PP_951.png,0.930801,0.016447,0.017827,0.019204,0.015721,anodr
20060410_39994_0200_PP_1378.png,0.875242,0.044772,0.049775,0.016874,0.013338,anodr
20060410_40403_0200_PP_1273.png,0.894147,0.035761,0.027902,0.013554,0.028636,anodr
20060410_40499_0200_PP_15.png,0.930778,0.015403,0.016555,0.019442,0.017823,anodr
20060410_40633_0200_PP_869.png,0.884396,0.049410,0.032021,0.018438,0.015736,anodr
20060410_40846_0200_PP_414.png,0.852879,0.085262,0.019988,0.024714,0.017158,anodr
20060410_40953_0200_PP_1362.png,0.835593,0.104129,0.018407,0.026902,0.014969,anodr
20060410_40979_0200_PP_1017.png,0.732139,0.163066,0.067155,0.021302,0.016339,anodr
20060410_41098_0200_PP_912.png,0.929037,0.016102,0.018051,0.019497,0.017312,anodr
20060410_41191_0200_PP_1364.png,0.923722,0.024536,0.019088,0.016090,0.016564,anodr
20060410_41209_0200_PP_1115.png,0.928989,0.018153,0.021137,0.017119,0.014602,anodr
20060410_41603_0200_PP_64.png,0.926580,0.020562,0.017343,0.019329,0.016186,anodr
20060410_41880_0200_PP_1266.png,0.931539,0.014496,0.018512,0.019887,0.015566,anodr
20060410_41901_0200_PP_1068.png,0.913550,0.010112,0.013806,0.020389,0.042143,anodr
20060410_43847_0200_PP_273.png,0.929093,0.015375,0.019836,0.020199,0.015498,anodr
20060410_43868_0200_PP_874.png,0.920080,0.014649,0.031911,0.017403,0.015958,anodr
20060410_43979_0200_PP_276.png,0.918483,0.018784,0.029470,0.017979,0.015284,anodr
20060410_44345_0200_PP_1011.png,0.022907,0.257644,0.589759,0.009667,0.120023,cmoderatedr
20060410_44364_0200_PP_1274.png,0.288625,0.579821,0.092855,0.018084,0.020615,bmilddr
20060410_44464_0200_PP_1255.png,0.924263,0.022550,0.015778,0.020546,0.016863,anodr
20060410_44504_0200_PP_474.png,0.925051,0.023391,0.014242,0.020588,0.016729,anodr
20060410_44601_0200_PP_1013.png,0.921460,0.023121,0.020893,0.019165,0.015362,anodr
20060410_44770_0200_PP_1320.png,0.630611,0.078177,0.259313,0.015318,0.016581,anodr
20060410_44802_0200_PP_1069.png,0.538591,0.054716,0.341467,0.023196,0.042031,anodr
20060410_44934_0200_PP_418.png,0.919612,0.031049,0.015200,0.016087,0.018052,anodr
20060410_45167_0200_PP_549.png,0.925418,0.018751,0.020025,0.019360,0.016447,anodr
20060410_45188_0200_PP_544.png,0.901775,0.044465,0.015581,0.018568,0.019612,anodr
20060410_47186_0200_PP_1143.png,0.925444,0.021611,0.018244,0.019555,0.015146,anodr
20060411_58071_0200_PP_1022.png,0.920422,0.027513,0.016798,0.018890,0.016377,anodr
20060411_58392_0200_PP_34.png,0.762384,0.121101,0.073624,0.013072,0.029820,anodr
20060411_58413_0200_PP_358.png,0.922761,0.020090,0.022549,0.017014,0.017587,anodr
20060411_58469_0200_PP_982.png,0.931565,0.016082,0.015644,0.017836,0.018872,anodr
20060411_58494_0200_PP_452.png,0.930311,0.017097,0.017290,0.018412,0.016890,anodr
20060411_58571_0200_PP_148.png,0.927753,0.015776,0.026331,0.014741,0.015399,anodr
20060411_58644_0200_PP_538.png,0.914996,0.021294,0.030117,0.017974,0.015619,anodr
20060411_58808_0200_PP_125.png,0.917246,0.031394,0.014679,0.020800,0.015882,anodr
20060411_58829_0200_PP_1091.png,0.922570,0.024847,0.016313,0.021457,0.014812,anodr
20060411_58891_0200_PP_929.png,0.929361,0.016837,0.016254,0.021239,0.016309,anodr
20060411_58913_0200_PP_1356.png,0.926431,0.015656,0.020374,0.022102,0.015436,anodr
20060411_60511_0200_PP_351.png,0.922427,0.025640,0.018250,0.017637,0.016047,anodr
20060411_61687_0200_PP_431.png,0.928139,0.015687,0.022941,0.017123,0.016110,anodr
20060411_61702_0200_PP_1040.png,0.859726,0.069015,0.027541,0.015993,0.027724,anodr
20060411_61869_0200_PP_955.png,0.915834,0.028857,0.016921,0.023073,0.015315,anodr
20060411_61901_0200_PP_288.png,0.927604,0.018154,0.017379,0.021330,0.015532,anodr
20060411_62036_0200_PP_59.png,0.894210,0.035122,0.027836,0.025534,0.017298,anodr
20060411_62058_0200_PP_948.png,0.924096,0.022427,0.018582,0.020031,0.014865,anodr
20060411_62162_0200_PP_97.png,0.891743,0.038336,0.034720,0.020529,0.014673,anodr
20060412_51835_0200_PP_1331.png,0.448154,0.039217,0.477297,0.022470,0.012862,cmoderatedr
20060412_51860_0200_PP_890.png,0.616174,0.036067,0.305040,0.028275,0.014444,anodr
20060412_52098_0200_PP_491.png,0.927969,0.020554,0.018066,0.018462,0.014948,anodr
20060412_52351_0200_PP_944.png,0.896492,0.045113,0.024771,0.018849,0.014775,anodr
20060412_52371_0200_PP_354.png,0.921630,0.023728,0.024120,0.016177,0.014346,anodr
20060412_52425_0200_PP_1292.png,0.928679,0.017251,0.015701,0.018169,0.020200,anodr
20060412_52446_0200_PP_533.png,0.925854,0.022071,0.017377,0.018103,0.016595,anodr
20060412_52606_0200_PP_1046.png,0.880845,0.059282,0.024200,0.020916,0.014757,anodr
20060412_52840_0200_PP_343.png,0.884176,0.055944,0.024170,0.017899,0.017810,anodr
20060412_57874_0200_PP_108.png,0.902136,0.020472,0.045965,0.017486,0.013941,anodr
20060412_57952_0200_PP_388.png,0.924799,0.024378,0.013618,0.020311,0.016895,anodr
20060412_57974_0200_PP_94.png,0.918993,0.023946,0.019639,0.022974,0.014448,anodr
20060412_58032_0200_PP_994.png,0.916888,0.025408,0.024546,0.017742,0.015416,anodr
20060412_58054_0200_PP_825.png,0.914655,0.022592,0.028358,0.019813,0.014582,anodr
20060412_58137_0200_PP_1215.png,0.931554,0.015479,0.018654,0.016002,0.018311,anodr
20060412_58723_0200_PP_1153.png,0.932634,0.015655,0.018579,0.015594,0.017537,anodr
20060412_58802_0200_PP_925.png,0.919769,0.025245,0.017961,0.021084,0.015941,anodr
20060412_58819_0200_PP_942.png,0.918448,0.025382,0.020103,0.019869,0.016199,anodr
20060412_59175_0200_PP_852.png,0.607660,0.272714,0.076167,0.026644,0.016815,anodr
20060412_59196_0200_PP_1021.png,0.427465,0.455950,0.071983,0.026526,0.018076,bmilddr
20060412_59259_0200_PP_364.png,0.902859,0.027418,0.033128,0.019555,0.017040,anodr
20060412_59338_0200_PP_423.png,0.916719,0.022932,0.022351,0.022579,0.015420,anodr
20060412_59355_0200_PP_977.png,0.915968,0.024896,0.024180,0.018850,0.016107,anodr
20060412_60751_0200_PP_822.png,0.910292,0.036526,0.015874,0.021025,0.016283,anodr
20060412_60773_0200_PP_319.png,0.887183,0.056505,0.013782,0.025381,0.017148,anodr
20060412_61064_0200_PP_1114.png,0.910008,0.028076,0.029383,0.015813,0.016719,anodr
20060412_61365_0200_PP_274.png,0.927265,0.021422,0.015511,0.018505,0.017296,anodr
20060412_61383_0200_PP_334.png,0.924226,0.024551,0.014841,0.019546,0.016836,anodr
20060412_61433_0200_PP_1072.png,0.895147,0.019382,0.014084,0.053055,0.018332,anodr
20060412_61450_0200_PP_1002.png,0.929471,0.018426,0.015036,0.019811,0.017257,anodr
20060412_61525_0200_PP_889.png,0.520709,0.285890,0.141244,0.012908,0.039249,anodr
20060412_61665_0200_PP_1324.png,0.894914,0.046183,0.024921,0.016486,0.017496,anodr
20060412_61790_0200_PP_12.png,0.909234,0.034724,0.022883,0.017907,0.015252,anodr
20060522_43758_0100_PP_988.png,0.931581,0.016592,0.016809,0.016886,0.018132,anodr
20060522_45777_0100_PP_1327.png,0.923610,0.021372,0.021500,0.016443,0.017075,anodr
20060522_45796_0100_PP_1360.png,0.926368,0.019611,0.018026,0.019450,0.016545,anodr
20060522_45853_0100_PP_813.png,0.922729,0.007371,0.024872,0.022237,0.022791,anodr
20060522_45873_0100_PP_1192.png,0.890302,0.005851,0.056406,0.021592,0.025849,anodr
20060522_46104_0100_PP_1302.png,0.905474,0.034679,0.025488,0.018261,0.016098,anodr
20060522_46149_0100_PP_1012.png,0.928939,0.020404,0.014860,0.019549,0.016248,anodr
20060522_46379_0100_PP_1348.png,0.910903,0.033024,0.022666,0.014680,0.018727,anodr
20060522_46400_0100_PP_957.png,0.927773,0.019946,0.018966,0.017170,0.016146,anodr
20060523_42953_0100_PP_409.png,0.925860,0.022216,0.016456,0.019295,0.016172,anodr
20060523_43105_0100_PP_1156.png,0.933695,0.015255,0.015086,0.020557,0.015406,anodr
20060523_43123_0100_PP_123.png,0.932959,0.015085,0.015544,0.018748,0.017664,anodr
20060523_43248_0100_PP_80.png,0.928652,0.016211,0.020198,0.017881,0.017058,anodr
20060523_43333_0100_PP_551.png,0.912706,0.034497,0.019459,0.017254,0.016084,anodr
20060523_43354_0100_PP_1093.png,0.923726,0.020232,0.020355,0.017963,0.017724,anodr
20060523_45300_0100_PP_21.png,0.925854,0.019302,0.018145,0.019914,0.016786,anodr
20060523_45316_0100_PP_1213.png,0.842526,0.092822,0.020183,0.027427,0.017042,anodr
20060523_45449_0100_PP_1269.png,0.173297,0.032633,0.700125,0.044298,0.049646,cmoderatedr
20060523_45467_0100_PP_44.png,0.798620,0.057360,0.107310,0.017170,0.019540,anodr
20060523_45524_0100_PP_428.png,0.925769,0.017890,0.023465,0.014109,0.018767,anodr
20060523_45548_0100_PP_1229.png,0.931606,0.014204,0.017723,0.018150,0.018317,anodr
20060523_47987_0100_PP_844.png,0.901137,0.029242,0.036772,0.016200,0.016649,anodr
20060523_48005_0100_PP_877.png,0.908942,0.028505,0.024472,0.016208,0.021874,anodr
20060523_48136_0100_PP_856.png,0.135374,0.027418,0.807358,0.016561,0.013289,cmoderatedr
20060523_48161_0100_PP_385.png,0.019854,0.702711,0.243420,0.005503,0.028512,bmilddr
20060523_48406_0100_PP_1056.png,0.932087,0.014900,0.017485,0.018534,0.016994,anodr
20060523_48591_0100_PP_1317.png,0.917469,0.030185,0.016308,0.018852,0.017185,anodr
20060523_48709_0100_PP_541.png,0.888528,0.054820,0.023813,0.015261,0.017578,anodr
20060523_48728_0100_PP_1375.png,0.916593,0.030030,0.018311,0.018270,0.016796,anodr
20060523_48890_0100_PP_1338.png,0.928656,0.016600,0.019046,0.019412,0.016287,anodr
20060523_48931_0100_PP_16.png,0.881423,0.051730,0.032577,0.017679,0.016591,anodr
20060523_49100_0100_PP_307.png,0.913128,0.019655,0.029169,0.012535,0.025513,anodr
20060523_49120_0100_PP_85.png,0.930771,0.013164,0.016957,0.015639,0.023469,anodr
20060523_49176_0100_PP_366.png,0.907316,0.019321,0.042590,0.012574,0.018199,anodr
20060523_49191_0100_PP_476.png,0.026902,0.884624,0.047414,0.028271,0.012789,bmilddr
20060523_49515_0100_PP_375.png,0.910217,0.023240,0.030236,0.017820,0.018487,anodr
20060523_49573_0100_PP_919.png,0.932999,0.015212,0.013805,0.019480,0.018504,anodr
20060523_49663_0100_PP_455.png,0.923486,0.022464,0.019306,0.016753,0.017991,anodr
20060523_49681_0100_PP_1363.png,0.931022,0.016642,0.016871,0.016778,0.018686,anodr
20060523_49726_0100_PP_989.png,0.925567,0.021574,0.018447,0.017382,0.017029,anodr
20060523_49745_0100_PP_1108.png,0.923328,0.025640,0.016735,0.016419,0.017877,anodr
20060523_50153_0100_PP_558.png,0.831118,0.044687,0.081354,0.015489,0.027352,anodr
20060523_50325_0100_PP_1051.png,0.931440,0.015061,0.016721,0.018702,0.018077,anodr
20060523_50342_0100_PP_1211.png,0.928739,0.016145,0.016697,0.020624,0.017795,anodr
20060523_50616_0100_PP_136.png,0.913651,0.022519,0.030653,0.012370,0.020807,anodr
20060523_50631_0100_PP_91.png,0.932711,0.012978,0.019011,0.016989,0.018311,anodr
20060529_56013_0100_PP_1065.png,0.928303,0.016784,0.021347,0.015957,0.017609,anodr
20060529_56039_0100_PP_931.png,0.921789,0.018395,0.025688,0.017187,0.016941,anodr
20060529_56420_0100_PP_466.png,0.195073,0.731908,0.031501,0.023077,0.018441,bmilddr
20060529_56442_0100_PP_75.png,0.160530,0.770214,0.036951,0.020059,0.012247,bmilddr
20060529_56563_0100_PP_100.png,0.920573,0.022089,0.020093,0.014765,0.022480,anodr
20060529_56592_0100_PP_381.png,0.924871,0.011264,0.027145,0.013230,0.023490,anodr
20060529_56948_0100_PP_857.png,0.928863,0.018880,0.019599,0.014902,0.017756,anodr
20060529_56968_0100_PP_1131.png,0.927342,0.017220,0.021874,0.016631,0.016933,anodr
20060529_57261_0100_PP_1059.png,0.893644,0.048833,0.023387,0.016609,0.017527,anodr
20060529_57287_0100_PP_1172.png,0.919722,0.024882,0.017613,0.019190,0.018593,anodr
20060529_57351_0100_PP_1206.png,0.923228,0.024573,0.018125,0.019215,0.014859,anodr
20060529_57372_0100_PP_532.png,0.927618,0.016916,0.019862,0.019059,0.016545,anodr
20060530_51254_0100_PP_516.png,0.932649,0.015022,0.014785,0.019465,0.018080,anodr
20060530_51279_0100_PP_67.png,0.934082,0.013606,0.016094,0.018036,0.018182,anodr
20060530_53042_0100_PP_469.png,0.880834,0.053582,0.030670,0.015490,0.019424,anodr
20060530_53062_0100_PP_1377.png,0.926811,0.018170,0.020360,0.018138,0.016521,anodr
20060530_53132_0100_PP_899.png,0.928276,0.019648,0.018559,0.016547,0.016970,anodr
20060530_53152_0100_PP_1227.png,0.901886,0.041950,0.021160,0.014570,0.020433,anodr
20060530_53597_0100_PP_565.png,0.919550,0.024367,0.017069,0.021178,0.017837,anodr
20060530_53742_0100_PP_1137.png,0.907995,0.031920,0.030083,0.015657,0.014346,anodr
20060530_53761_0100_PP_1160.png,0.907364,0.036734,0.024081,0.016061,0.015760,anodr
20060530_53816_0100_PP_1135.png,0.932316,0.016192,0.015155,0.019262,0.017076,anodr
20060530_53836_0100_PP_1343.png,0.931716,0.016965,0.014831,0.016598,0.019891,anodr
20060530_53928_0100_PP_353.png,0.846193,0.052633,0.073038,0.011879,0.016256,anodr
20060530_53954_0100_PP_103.png,0.903257,0.032868,0.034825,0.013728,0.015322,anodr
20060530_55180_0100_PP_1124.png,0.925309,0.022331,0.016610,0.017757,0.017993,anodr
20060530_55607_0100_PP_1222.png,0.925723,0.013375,0.023971,0.018628,0.018303,anodr
IM000056_1358.png,0.803629,0.017603,0.150148,0.009820,0.018801,anodr
IM000057_872.png,0.702129,0.010716,0.243509,0.007773,0.035872,anodr
IM000072_1306.png,0.920595,0.021495,0.027345,0.014871,0.015694,anodr
IM000073_70.png,0.918824,0.018865,0.027416,0.020451,0.014444,anodr
IM000080_434.png,0.045756,0.006870,0.916195,0.004614,0.026565,cmoderatedr
IM000086_333.png,0.927822,0.013731,0.022143,0.015306,0.020997,anodr
IM000087_331.png,0.927114,0.017968,0.023218,0.014951,0.016749,anodr
IM000100_1007.png,0.366536,0.019338,0.584496,0.007529,0.022101,cmoderatedr
IM000101_1070.png,0.831626,0.023439,0.115957,0.009622,0.019356,anodr
IM000107_863.png,0.075819,0.011723,0.882251,0.006034,0.024173,cmoderatedr
IM000108_991.png,0.920744,0.020297,0.028805,0.013694,0.016460,anodr
