filename,score_anodr,score_bmilddr,score_cmoderatedr,score_dseveredr,score_eproliferativedr,predicted_label
anodr/002c21358ce6.png,0.950957,0.011820,0.010489,0.012641,0.014093,anodr
anodr/005b95c28852.png,0.940588,0.011550,0.021124,0.012452,0.014286,anodr
anodr/00cc2b75cddd.png,0.946042,0.015832,0.012912,0.012100,0.013114,anodr
anodr/0182152c50de.png,0.951764,0.013366,0.011593,0.010783,0.012494,anodr
anodr/02cd34a85b24.png,0.882619,0.082876,0.007994,0.010166,0.016345,anodr
anodr/03b373718013.png,0.947313,0.018306,0.009092,0.012434,0.012854,anodr
anodr/04aef84a2cc1.png,0.949845,0.012234,0.013721,0.011471,0.012729,anodr
anodr/05b1bb2bdb81.png,0.947294,0.008078,0.018496,0.012380,0.013752,anodr
anodr/07596907347b.png,0.951289,0.012300,0.013225,0.010500,0.012687,anodr
anodr/07751b94a88a.png,0.943895,0.014419,0.016376,0.013044,0.012266,anodr
anodr/0790515cf5af.png,0.950645,0.014132,0.013206,0.011635,0.010382,anodr
anodr/08037e4490e5.png,0.947355,0.012913,0.013403,0.012494,0.013834,anodr
anodr/0851d6a69589.png,0.851703,0.028473,0.089435,0.012494,0.017895,anodr
anodr/08b6e3240858.png,0.945545,0.013286,0.018238,0.010578,0.012352,anodr
anodr/08bef347f40d.png,0.912946,0.011000,0.048811,0.010726,0.016517,anodr
anodr/08ee569d4721.png,0.954406,0.009873,0.012561,0.012262,0.010899,anodr
anodr/09237bf783a4.png,0.951899,0.013195,0.009457,0.011645,0.013804,anodr
anodr/096436d68d06.png,0.951887,0.011170,0.011457,0.011973,0.013514,anodr
anodr/099021fac3c9.png,0.947575,0.010867,0.016147,0.012687,0.012723,anodr
anodr/09c8323c612e.png,0.945788,0.011154,0.015693,0.011526,0.015839,anodr
anodr/0a38b552372d.png,0.949508,0.010368,0.015767,0.013346,0.011011,anodr
anodr/0a85a1e8f9e9.png,0.947730,0.010028,0.016728,0.012362,0.013153,anodr
anodr/0babc12807b2.png,0.017385,0.267785,0.665570,0.012894,0.036366,cmoderatedr
anodr/0cbcc7b23613.png,0.935075,0.015594,0.028946,0.012091,0.008294,anodr
anodr/0cd31078cd08.png,0.950934,0.012957,0.014054,0.011456,0.010598,anodr
anodr/0ce062f26edc.png,0.949709,0.008196,0.014348,0.014929,0.012817,anodr
anodr/0cecc2864b7f.png,0.950227,0.011057,0.011282,0.014317,0.013117,anodr
anodr/0d9a9896f801.png,0.942163,0.017949,0.014330,0.013349,0.012209,anodr
anodr/0da321efbce6.png,0.954954,0.012672,0.009762,0.011532,0.011079,anodr
anodr/0db1d8dcf219.png,0.947371,0.008355,0.019170,0.012962,0.012141,anodr
anodr/0e3572b5884a.png,0.943955,0.015167,0.010902,0.014758,0.015217,anodr
anodr/0ef4c61dc056.png,0.954456,0.010762,0.013284,0.010580,0.010918,anodr
anodr/0fbbd665431f.png,0.949542,0.012357,0.009815,0.015463,0.012823,anodr
anodr/0fc6829da85b.png,0.948277,0.009552,0.013949,0.014510,0.013712,anodr
anodr/1002b5151b8e.png,0.949123,0.011934,0.012122,0.013052,0.013770,anodr
anodr/103f97a2ab15.png,0.032010,0.910618,0.016625,0.019043,0.021705,bmilddr
anodr/10a5026eb8e6.png,0.949188,0.011781,0.011959,0.014096,0.012976,anodr
anodr/10de500cf0c5.png,0.951776,0.011848,0.013718,0.011874,0.010783,anodr
anodr/10f10fd30718.png,0.949072,0.012291,0.012653,0.011915,0.014069,anodr
anodr/12058bbb8299.png,0.953260,0.009649,0.015232,0.011773,0.010085,anodr
anodr/12bc439d373a.png,0.947437,0.012921,0.012957,0.012684,0.014001,anodr
anodr/12ef75375322.png,0.949908,0.011352,0.011246,0.011904,0.015589,anodr
anodr/143db89c11c8.png,0.948669,0.015249,0.012277,0.012316,0.011490,anodr
anodr/15b21c80cc31.png,0.948174,0.014111,0.009266,0.013170,0.015280,anodr
anodr/15e24b73d4a7.png,0.934841,0.020860,0.020062,0.013301,0.010936,anodr
anodr/1633f8291a80.png,0.948092,0.014344,0.012686,0.013833,0.011045,anodr
anodr/165634a6167e.png,0.950322,0.010378,0.014060,0.011905,0.013336,anodr
anodr/178412895d5e.png,0.914634,0.007783,0.046707,0.013715,0.017161,anodr
anodr/186c1835eec5.png,0.947734,0.014425,0.012114,0.012157,0.013569,anodr
anodr/18b7e34eab8f.png,0.947309,0.016123,0.012653,0.012600,0.011315,anodr
anodr/18b99159a14f.png,0.948640,0.014321,0.011235,0.011589,0.014215,anodr
anodr/18ce0cdc473d.png,0.945331,0.019050,0.008370,0.014785,0.012463,anodr
anodr/1a0dbc6c0cda.png,0.727868,0.031065,0.212343,0.013119,0.015606,anodr
anodr/1a1e974a7dbf.png,0.947171,0.014172,0.013720,0.011985,0.012953,anodr
anodr/1c47815f4a6b.png,0.928692,0.007941,0.043017,0.009959,0.010391,anodr
anodr/1ca62b3e4fd3.png,0.950058,0.010927,0.012413,0.011542,0.015061,anodr
anodr/1d0b93317aa8.png,0.950804,0.009959,0.013491,0.012288,0.013458,anodr
anodr/1d3e9b939732.png,0.948558,0.013022,0.013124,0.012555,0.012741,anodr
anodr/1d74c4713e21.png,0.948563,0.011090,0.014340,0.012366,0.013641,anodr
anodr/1db0393cdbc1.png,0.948217,0.009382,0.015203,0.012557,0.014641,anodr
anodr/1df1530b9b8d.png,0.947185,0.012532,0.016010,0.012472,0.011801,anodr
anodr/1e742358e0b9.png,0.947682,0.014877,0.010456,0.012099,0.014886,anodr
anodr/1e7ccd4a1c87.png,0.946895,0.010432,0.017706,0.013437,0.011531,anodr
anodr/1ec95179cdfe.png,0.949061,0.011275,0.011915,0.014315,0.013434,anodr
anodr/1f31701dd61b.png,0.948001,0.010812,0.017514,0.011801,0.011873,anodr
anodr/1f5496352859.png,0.946154,0.010487,0.016385,0.014464,0.012510,anodr
anodr/218c822a3dd9.png,0.939063,0.015055,0.021174,0.010721,0.013987,anodr
anodr/224c14366e11.png,0.950081,0.012693,0.010226,0.013181,0.013818,anodr
anodr/226c6ceb9185.png,0.942589,0.012033,0.019711,0.012943,0.012725,anodr
anodr/237aa50edc34.png,0.950907,0.009350,0.013803,0.012596,0.013344,anodr
anodr/248dec89b3a2.png,0.950708,0.011700,0.011764,0.012427,0.013401,anodr
anodr/253e96488cfb.png,0.016918,0.957841,0.003280,0.012390,0.009571,bmilddr
anodr/2682e6da9050.png,0.951096,0.010707,0.012684,0.012301,0.013212,anodr
anodr/27933cdbe0cc.png,0.945725,0.014156,0.014205,0.013117,0.012796,anodr
anodr/283c3aeba594.png,0.950627,0.011666,0.011571,0.012153,0.013983,anodr
anodr/28503940d10b.png,0.947470,0.014568,0.012677,0.012600,0.012685,anodr
anodr/28f73575e1f2.png,0.949451,0.012220,0.011697,0.012236,0.014396,anodr
anodr/2923971566fe.png,0.052209,0.901977,0.004579,0.015864,0.025372,bmilddr
anodr/2927665214e1.png,0.943102,0.018528,0.016814,0.010209,0.011347,anodr
anodr/29a13e666266.png,0.948681,0.016956,0.011541,0.010259,0.012562,anodr
anodr/2a4520f1f9a3.png,0.943785,0.015093,0.013319,0.011667,0.016136,anodr
anodr/2b4c7b5f1f1e.png,0.936648,0.022632,0.020016,0.012498,0.008207,anodr
anodr/2b5bb6d33959.png,0.949795,0.012676,0.012052,0.012217,0.013260,anodr
anodr/2bb3c492d6d3.png,0.947216,0.010888,0.016175,0.012627,0.013094,anodr
anodr/2c8101f14723.png,0.948688,0.010577,0.014263,0.011164,0.015308,anodr
anodr/2c827005b8f8.png,0.952910,0.010868,0.010177,0.012398,0.013646,anodr
anodr/2cacdb0dffae.png,0.949337,0.011550,0.012852,0.012603,0.013659,anodr
anodr/2cdcc910778d.png,0.950322,0.012433,0.011243,0.012308,0.013694,anodr
anodr/2d04cead4d3a.png,0.953259,0.011523,0.010924,0.010758,0.013536,anodr
anodr/2d07162a13b1.png,0.020671,0.017086,0.937238,0.015908,0.009097,cmoderatedr
anodr/2db0cd3e30da.png,0.948611,0.010988,0.014353,0.012101,0.013947,anodr
anodr/2dc647e00ad3.png,0.947449,0.011360,0.016109,0.012522,0.012559,anodr
anodr/2dd28ac497d2.png,0.943492,0.018108,0.011915,0.013564,0.012921,anodr
anodr/2ef10194e80d.png,0.951505,0.010446,0.012116,0.011800,0.014134,anodr
anodr/2ef4a04aed1b.png,0.950055,0.013619,0.010240,0.013029,0.013056,anodr
anodr/2ef955d6d9ff.png,0.947781,0.014627,0.010911,0.013096,0.013585,anodr
anodr/2f143453bb71.png,0.951168,0.012625,0.011840,0.010325,0.014043,anodr
anodr/2f7fbdcc9a4b.png,0.953279,0.009205,0.013988,0.010786,0.012742,anodr
anodr/2fefb720869a.png,0.949138,0.012118,0.013424,0.012413,0.012907,anodr
anodr/3286073a976e.png,0.955043,0.009400,0.011460,0.013150,0.010948,anodr
anodr/331121c65e88.png,0.950486,0.010922,0.013162,0.012297,0.013134,anodr
anodr/33b91def2035.png,0.946099,0.013197,0.013568,0.012487,0.014649,anodr
anodr/33b978734eab.png,0.948388,0.013447,0.014398,0.010992,0.012775,anodr
anodr/345b1f0abbba.png,0.956000,0.009534,0.010766,0.011210,0.012489,anodr
anodr/348598d01e18.png,0.947390,0.016560,0.012424,0.012083,0.011544,anodr
anodr/35362d43e753.png,0.944047,0.016488,0.011756,0.013308,0.014402,anodr
anodr/35ac70c0d08f.png,0.947493,0.013944,0.013189,0.013026,0.012348,anodr
anodr/35df2bc6ae95.png,0.947060,0.013782,0.011786,0.012767,0.014604,anodr
anodr/360832d84ce0.png,0.944126,0.013519,0.014133,0.015720,0.012501,anodr
anodr/37c523296d42.png,0.948381,0.014816,0.012688,0.011592,0.012523,anodr
anodr/387138ddf43d.png,0.946616,0.014321,0.009070,0.015191,0.014801,anodr
anodr/389552047476.png,0.948056,0.013939,0.012996,0.009282,0.015727,anodr
anodr/393fa5a023a5.png,0.951320,0.012700,0.012947,0.011264,0.011769,anodr
anodr/3a4cfea0a766.png,0.951952,0.009302,0.013851,0.011627,0.013267,anodr
anodr/3b2b91590590.png,0.949531,0.011997,0.011713,0.012509,0.014250,anodr
anodr/3bf2deaa5ef0.png,0.949998,0.012668,0.011028,0.011701,0.014605,anodr
anodr/3bf3085ac167.png,0.948424,0.012842,0.013293,0.013227,0.012215,anodr
anodr/3c42512c81e0.png,0.950217,0.013850,0.010235,0.013860,0.011838,anodr
anodr/3ce2f8a77a32.png,0.950057,0.012382,0.014668,0.010659,0.012234,anodr
anodr/3f0d3629d69e.png,0.948859,0.012034,0.015196,0.011188,0.012723,anodr
anodr/3f44d749cd0b.png,0.930200,0.030236,0.007083,0.015674,0.016807,anodr
anodr/3f6c627e2ff2.png,0.946708,0.013214,0.017184,0.011617,0.011277,anodr
anodr/3fd45879afe6.png,0.951350,0.011271,0.012077,0.012391,0.012911,anodr
anodr/401fdfd0db07.png,0.947706,0.013731,0.012425,0.013449,0.012688,anodr
anodr/41345cec5957.png,0.947545,0.010464,0.014137,0.013240,0.014615,anodr
anodr/415d5c5e785f.png,0.944832,0.018533,0.009934,0.011866,0.014835,anodr
anodr/41ab357d103f.png,0.949692,0.012527,0.012057,0.012431,0.013292,anodr
anodr/4276b82e4489.png,0.945702,0.014659,0.013236,0.013153,0.013250,anodr
anodr/42b9c1977681.png,0.943912,0.015545,0.013487,0.013926,0.013131,anodr
anodr/42c65af5ab16.png,0.951186,0.011472,0.014809,0.011187,0.011346,anodr
anodr/436e7a7af761.png,0.946795,0.014040,0.011795,0.012498,0.014872,anodr
anodr/43823561c3f0.png,0.949356,0.012273,0.012422,0.012095,0.013854,anodr
anodr/43bc7c066dfb.png,0.951466,0.011413,0.014021,0.012438,0.010662,anodr
anodr/445a8a6da55c.png,0.577268,0.201103,0.185793,0.014804,0.021032,anodr
anodr/44a4d04162cc.png,0.946134,0.015562,0.012268,0.011946,0.014090,anodr
anodr/44a86263117b.png,0.952061,0.008638,0.015032,0.011915,0.012354,anodr
anodr/4554062fa836.png,0.950791,0.011185,0.012314,0.011209,0.014500,anodr
anodr/475300735b7f.png,0.945649,0.015311,0.013559,0.012097,0.013384,anodr
anodr/478fc46eaa49.png,0.945840,0.016831,0.011746,0.011989,0.013594,anodr
anodr/4826d10030b3.png,0.945857,0.012306,0.014321,0.011034,0.016482,anodr
anodr/4a05f81b3aba.png,0.955706,0.011569,0.009203,0.013132,0.010390,anodr
anodr/4a4cb731f91a.png,0.942496,0.015408,0.016327,0.013732,0.012037,anodr
anodr/4a589edaea60.png,0.273389,0.057815,0.644215,0.011995,0.012587,cmoderatedr
anodr/4ad8d3ec8789.png,0.946313,0.011512,0.016542,0.011647,0.013987,anodr
anodr/4d1e7def7624.png,0.951220,0.012871,0.014490,0.011304,0.010115,anodr
anodr/4dd4a4bf2421.png,0.946692,0.014467,0.010872,0.013113,0.014856,anodr
anodr/4e1e252317b5.png,0.940695,0.021325,0.012227,0.011726,0.014027,anodr
anodr/4fd5ec0dca09.png,0.946653,0.012768,0.013624,0.013601,0.013354,anodr
anodr/500aad15b7c8.png,0.944862,0.011897,0.015527,0.012219,0.015495,anodr
anodr/501c319f7a9f.png,0.954077,0.012330,0.010882,0.011853,0.010858,anodr
anodr/504a69096fcb.png,0.948021,0.015646,0.010928,0.011872,0.013532,anodr
anodr/5069feccd866.png,0.952109,0.011361,0.012708,0.012139,0.011683,anodr
anodr/50915e2329a1.png,0.945917,0.014515,0.011450,0.014855,0.013262,anodr
anodr/50916d67bb51.png,0.937411,0.015044,0.021272,0.011978,0.014294,anodr
anodr/50d8249f7bc9.png,0.952272,0.010708,0.013215,0.012289,0.011516,anodr
anodr/50ddd7d976df.png,0.950836,0.010194,0.014256,0.012241,0.012473,anodr
anodr/521b5377a727.png,0.949651,0.013456,0.011920,0.012019,0.012953,anodr
anodr/5257cb536da2.png,0.912028,0.037329,0.024173,0.017068,0.009402,anodr
anodr/5299a532f0e0.png,0.951673,0.012978,0.014556,0.009814,0.010979,anodr
anodr/52edbe29d655.png,0.945820,0.017130,0.016089,0.010319,0.010643,anodr
anodr/5321ab64f9ea.png,0.948774,0.013071,0.013739,0.012376,0.012041,anodr
anodr/53c874dbc594.png,0.934111,0.016491,0.019297,0.010445,0.019656,anodr
anodr/54038e56131d.png,0.950301,0.011801,0.012651,0.012920,0.012327,anodr
anodr/54f57cf26126.png,0.947819,0.012118,0.014450,0.012134,0.013478,anodr
anodr/5511f114e7ee.png,0.948918,0.012617,0.013683,0.012823,0.011958,anodr
anodr/555d0bef3c5b.png,0.948592,0.010912,0.012746,0.013727,0.014023,anodr
anodr/55f7f018c61c.png,0.951252,0.009473,0.015374,0.012192,0.011708,anodr
anodr/568455854a11.png,0.951888,0.011205,0.011228,0.012701,0.012978,anodr
anodr/586f5c56081e.png,0.946232,0.013756,0.013957,0.010101,0.015955,anodr
anodr/58a9e0d7f7af.png,0.947189,0.013674,0.012882,0.013076,0.013178,anodr
anodr/58eb3809f456.png,0.951443,0.010394,0.014167,0.012247,0.011748,anodr
anodr/58f07741ee3b.png,0.948142,0.014028,0.012262,0.012326,0.013243,anodr
anodr/59928f999ae7.png,0.949446,0.013026,0.012974,0.012142,0.012412,anodr
anodr/5995321563b7.png,0.949345,0.010830,0.012267,0.012674,0.014885,anodr
anodr/59bd19c1c5bb.png,0.948124,0.011843,0.014705,0.011756,0.013571,anodr
anodr/5a27b9b2a9c1.png,0.949015,0.014230,0.011348,0.013651,0.011756,anodr
anodr/5b1c4cefeb24.png,0.942631,0.021010,0.012063,0.010855,0.013441,anodr
anodr/5b994ff78547.png,0.951413,0.013695,0.012481,0.011169,0.011242,anodr
anodr/5ba156a35ff2.png,0.943887,0.014017,0.014745,0.013418,0.013933,anodr
anodr/5baed382f062.png,0.907338,0.015064,0.043611,0.015721,0.018266,anodr
anodr/5c85d22bd0de.png,0.868499,0.092561,0.013845,0.012256,0.012839,anodr
anodr/5ca73d28f17f.png,0.949973,0.012372,0.013670,0.012188,0.011796,anodr
anodr/5cbe88914a72.png,0.948885,0.013679,0.015445,0.009163,0.012828,anodr
anodr/5d4e5fd34d91.png,0.950518,0.014217,0.011773,0.011806,0.011686,anodr
anodr/5de4615a5161.png,0.945610,0.011891,0.013012,0.014780,0.014706,anodr
anodr/5e505e25cd3e.png,0.950491,0.011233,0.012020,0.012594,0.013662,anodr
anodr/5e97cb2b0888.png,0.944415,0.021364,0.007866,0.011915,0.014440,anodr
anodr/5f6db235c04d.png,0.938397,0.010928,0.028791,0.010142,0.011742,anodr
anodr/609be3ca5ddf.png,0.949667,0.014230,0.009402,0.012068,0.014633,anodr
anodr/60aa4e649abf.png,0.951245,0.011304,0.013106,0.010664,0.013682,anodr
anodr/6180920bc224.png,0.888646,0.040816,0.047324,0.009244,0.013969,anodr
anodr/61a62b1dcc36.png,0.949699,0.011408,0.013192,0.012210,0.013491,anodr
anodr/61da799bf0aa.png,0.931984,0.032195,0.007912,0.012795,0.015114,anodr
anodr/628b581aa905.png,0.945553,0.015066,0.016580,0.011959,0.010843,anodr
anodr/6294b378d09f.png,0.948379,0.015501,0.012436,0.012152,0.011532,anodr
anodr/633fe9dbaf39.png,0.948416,0.011004,0.015435,0.012408,0.012737,anodr
anodr/63b71347e95d.png,0.949354,0.013873,0.012021,0.011424,0.013328,anodr
anodr/63e041a757eb.png,0.948081,0.010484,0.016310,0.011838,0.013286,anodr
anodr/6504b703c429.png,0.955975,0.011870,0.012755,0.009661,0.009739,anodr
anodr/65a3b13ad9a0.png,0.013919,0.906976,0.051685,0.013541,0.013879,bmilddr
anodr/65a7fe9482fe.png,0.947460,0.013728,0.014441,0.011550,0.012821,anodr
anodr/65dda202653d.png,0.943979,0.016288,0.013741,0.010960,0.015031,anodr
anodr/66393d8c60ba.png,0.946880,0.012881,0.013281,0.013744,0.013214,anodr
anodr/66b88a4bc474.png,0.950427,0.011353,0.013294,0.012315,0.012611,anodr
anodr/68ddb15a74de.png,0.950607,0.013123,0.011106,0.012479,0.012685,anodr
anodr/69b3a00927fc.png,0.938027,0.020173,0.011594,0.015426,0.014779,anodr
anodr/69c4cbb630de.png,0.948956,0.012688,0.012945,0.012156,0.013255,anodr
anodr/6a2642131e4a.png,0.952149,0.011771,0.013252,0.010690,0.012138,anodr
anodr/6a57a3db3eff.png,0.948427,0.012325,0.011430,0.013772,0.014047,anodr
anodr/6a905a7202d2.png,0.949986,0.014235,0.013731,0.010619,0.011429,anodr
anodr/6b30767595d8.png,0.948925,0.010295,0.014886,0.011891,0.014003,anodr
anodr/6b66b0e86f7e.png,0.952461,0.010126,0.011063,0.012813,0.013536,anodr
anodr/6bf2a81a5d91.png,0.945973,0.011736,0.013713,0.013826,0.014751,anodr
anodr/6c6505a0c637.png,0.947403,0.011139,0.016511,0.012406,0.012541,anodr
anodr/6d4f6c9a8406.png,0.943747,0.016152,0.016980,0.012081,0.011040,anodr
anodr/6d5a8362dd1e.png,0.949134,0.010878,0.014986,0.011557,0.013445,anodr
anodr/6d9effbcde78.png,0.949545,0.012664,0.010490,0.011874,0.015426,anodr
anodr/6dc0281f11e3.png,0.949593,0.014385,0.014570,0.010475,0.010977,anodr
anodr/6df8b7b6e837.png,0.929389,0.021280,0.025377,0.014621,0.009332,anodr
anodr/6e0f78e188ff.png,0.950700,0.010528,0.013462,0.011785,0.013525,anodr
anodr/6e1db8711879.png,0.952257,0.012424,0.011258,0.011376,0.012685,anodr
anodr/6fbaaf8eb67a.png,0.956709,0.012188,0.009879,0.011113,0.010110,anodr
anodr/7131bf4c9e6f.png,0.823587,0.131034,0.011100,0.016828,0.017451,anodr
anodr/726dff37edc0.png,0.952840,0.009621,0.014467,0.012409,0.010662,anodr
anodr/735836b1ffa6.png,0.015615,0.237199,0.706066,0.034517,0.006603,cmoderatedr
anodr/737ef6226677.png,0.946329,0.018845,0.010251,0.013088,0.011487,anodr
anodr/73d40ce06a67.png,0.954507,0.010491,0.012937,0.011401,0.010663,anodr
anodr/73ef3c3dcbe4.png,0.951230,0.010731,0.014812,0.012008,0.011219,anodr
anodr/74211a2b6dcf.png,0.949270,0.011096,0.014886,0.011112,0.013635,anodr
anodr/74898f372d2b.png,0.950495,0.010732,0.013407,0.011732,0.013634,anodr
anodr/757e39293591.png,0.950742,0.010609,0.015664,0.011409,0.011577,anodr
anodr/75a071608ea6.png,0.948532,0.013578,0.012920,0.012780,0.012190,anodr
anodr/76516f828d88.png,0.946933,0.010017,0.017963,0.010450,0.014637,anodr
anodr/76bc31e0d3be.png,0.951502,0.011354,0.011611,0.012672,0.012861,anodr
anodr/76cab26493f1.png,0.948995,0.012761,0.012911,0.010472,0.014861,anodr
anodr/76cb010f7aa0.png,0.950561,0.011233,0.012857,0.012049,0.013300,anodr
anodr/780f9c237c56.png,0.938484,0.024849,0.009100,0.012373,0.015195,anodr
anodr/7831ce1d895e.png,0.946558,0.013473,0.013978,0.012812,0.013179,anodr
anodr/789f0ec1eab8.png,0.945337,0.018264,0.008072,0.013276,0.015051,anodr
anodr/79ade634c633.png,0.945537,0.010032,0.018638,0.011070,0.014722,anodr
anodr/7a06ea127e02.png,0.944990,0.012923,0.019551,0.012069,0.010467,anodr
anodr/7a12f49e29df.png,0.947157,0.014492,0.010621,0.013470,0.014259,anodr
anodr/7a9f45fdf29b.png,0.953140,0.010643,0.011466,0.012025,0.012727,anodr
anodr/7aabd768abff.png,0.946128,0.014954,0.007292,0.015297,0.016329,anodr
anodr/7ad0c4975890.png,0.874643,0.074664,0.008258,0.017597,0.024838,anodr
anodr/7af4d8704032.png,0.947371,0.012378,0.012846,0.014254,0.013151,anodr
anodr/7b691d9ced34.png,0.948188,0.016088,0.008601,0.013912,0.013211,anodr
anodr/7b9d519cbd66.png,0.950521,0.012249,0.012000,0.012073,0.013157,anodr
anodr/7ba6b23c4b46.png,0.953850,0.010502,0.013032,0.011846,0.010771,anodr
anodr/7bc00e58d419.png,0.948428,0.010046,0.014217,0.012920,0.014388,anodr
anodr/7da558d92100.png,0.950601,0.011575,0.014232,0.011728,0.011864,anodr
anodr/7ec0e61a7e29.png,0.933546,0.026641,0.011887,0.011529,0.016398,anodr
anodr/7f1f3269f546.png,0.949699,0.010919,0.012686,0.011149,0.015546,anodr
anodr/7fc3a8bb40de.png,0.945835,0.014304,0.011262,0.013658,0.014942,anodr
anodr/7fe7309d0b4f.png,0.948698,0.013796,0.013794,0.011663,0.012049,anodr
anodr/810ed108f5b7.png,0.951810,0.011789,0.013997,0.011454,0.010950,anodr
anodr/81914ceb4e74.png,0.949671,0.012256,0.016608,0.010665,0.010800,anodr
anodr/8329e80c10ac.png,0.950877,0.011869,0.013203,0.011891,0.012161,anodr
anodr/837acf120946.png,0.859173,0.044610,0.051968,0.018189,0.026061,anodr
anodr/83a63c4a3e4a.png,0.951994,0.011847,0.014634,0.010857,0.010669,anodr
anodr/83d81ba5959c.png,0.951219,0.007661,0.016716,0.012964,0.011439,anodr
anodr/83fda7c0500b.png,0.951777,0.010166,0.012072,0.012814,0.013171,anodr
anodr/840a06a9c690.png,0.948871,0.011632,0.014836,0.012687,0.011973,anodr
anodr/847b04287c9c.png,0.941626,0.017556,0.013927,0.009878,0.017014,anodr
anodr/84b88e8d3bca.png,0.951279,0.011097,0.012300,0.014061,0.011264,anodr
anodr/851e40a21f81.png,0.951436,0.009127,0.017780,0.009506,0.012151,anodr
anodr/8650d32f4a9e.png,0.947178,0.012522,0.013106,0.012144,0.015050,anodr
anodr/8693ab1fd2be.png,0.955305,0.010515,0.009820,0.012737,0.011622,anodr
anodr/875d2ffcbf47.png,0.952769,0.013159,0.011024,0.011063,0.011985,anodr
anodr/876deb29f000.png,0.948542,0.012746,0.014765,0.010526,0.013420,anodr
anodr/87b671c6d4c5.png,0.947592,0.014410,0.011127,0.014206,0.012665,anodr
anodr/883c6a184f16.png,0.947297,0.014094,0.015254,0.013060,0.010295,anodr
anodr/883ddb650967.png,0.950047,0.012169,0.014062,0.011673,0.012048,anodr
anodr/88e5051f65bd.png,0.949390,0.012372,0.014200,0.011461,0.012578,anodr
anodr/8af50c9d0a86.png,0.947877,0.012365,0.012898,0.012002,0.014858,anodr
anodr/8b079e79035f.png,0.949778,0.011179,0.016531,0.010571,0.011941,anodr
anodr/8bf2d925dc0c.png,0.948083,0.012417,0.012925,0.012933,0.013642,anodr
anodr/8c4ceddeb1c6.png,0.948524,0.013862,0.010544,0.014056,0.013013,anodr
anodr/8d13c46e7d75.png,0.923607,0.034235,0.019388,0.011440,0.011330,anodr
anodr/8d4ff745a409.png,0.951171,0.012084,0.015534,0.011992,0.009218,anodr
anodr/8e6df9eedcd8.png,0.954521,0.010150,0.010490,0.011712,0.013128,anodr
anodr/8e76054f0831.png,0.946328,0.016414,0.009542,0.012751,0.014966,anodr
anodr/8f06ca4642bd.png,0.951509,0.010542,0.010932,0.013080,0.013937,anodr
anodr/8f14bca04b47.png,0.949785,0.012051,0.012560,0.013267,0.012337,anodr
anodr/8fbb2ca39911.png,0.949526,0.012653,0.013121,0.013161,0.011538,anodr
anodr/90a9a41eec6d.png,0.950197,0.012132,0.011477,0.013586,0.012608,anodr
anodr/90bde2ff8953.png,0.949550,0.011046,0.014192,0.011101,0.014110,anodr
anodr/912fbe06407e.png,0.947735,0.014288,0.011188,0.013339,0.013451,anodr
anodr/916915f01e17.png,0.950001,0.012851,0.012842,0.011610,0.012696,anodr
anodr/91b7a4179ecf.png,0.947578,0.012719,0.010603,0.014792,0.014309,anodr
anodr/9274e75dc4d5.png,0.910296,0.044800,0.016232,0.016184,0.012487,anodr
anodr/92e3d608fd3c.png,0.953376,0.011075,0.014003,0.011661,0.009885,anodr
anodr/92fcf50b3562.png,0.952584,0.011353,0.010884,0.011065,0.014113,anodr
anodr/93802d1e3c41.png,0.949274,0.015559,0.010607,0.010077,0.014484,anodr
anodr/94076a9fb9b5.png,0.950923,0.013045,0.013496,0.011266,0.011269,anodr
anodr/946545473380.png,0.947283,0.014812,0.012504,0.011573,0.013828,anodr
anodr/949710bead24.png,0.917819,0.010302,0.047616,0.009809,0.014454,anodr
anodr/94b9ccc73bb9.png,0.948808,0.014143,0.012041,0.011174,0.013835,anodr
anodr/94f9ecf4b8d2.png,0.952585,0.009304,0.013192,0.011057,0.013862,anodr
anodr/96793edb1003.png,0.866338,0.017407,0.041834,0.034922,0.039499,anodr
anodr/96ea316ed0ab.png,0.947620,0.013823,0.012681,0.013208,0.012668,anodr
anodr/973b0facfa9b.png,0.952026,0.013531,0.010604,0.011053,0.012786,anodr
anodr/97fdee242fea.png,0.952378,0.012705,0.013128,0.010564,0.011225,anodr
anodr/983c98354e9c.png,0.937301,0.027920,0.011406,0.011674,0.011699,anodr
anodr/98441214557f.png,0.948807,0.014003,0.011667,0.012482,0.013041,anodr
anodr/98d41bce73a8.png,0.947014,0.013114,0.013625,0.011814,0.014433,anodr
anodr/99c626e58464.png,0.948401,0.011286,0.017104,0.010966,0.012243,anodr
anodr/9a1029536d78.png,0.930875,0.029646,0.010454,0.013218,0.015807,anodr
anodr/9ab18a4a957f.png,0.948629,0.011634,0.014939,0.012179,0.012619,anodr
anodr/9be71d6d7e59.png,0.913913,0.030732,0.023351,0.012798,0.019206,anodr
anodr/9c514d2d5b3f.png,0.945229,0.018005,0.010715,0.011497,0.014555,anodr
anodr/9ce46d400cd6.png,0.947667,0.012458,0.014171,0.011591,0.014113,anodr
anodr/9de9421f17e3.png,0.949861,0.013062,0.011721,0.012007,0.013349,anodr
anodr/9e2058917304.png,0.922615,0.013040,0.039859,0.009874,0.014611,anodr
anodr/9e5737f771c3.png,0.948961,0.012152,0.014500,0.011394,0.012992,anodr
anodr/9e99ae6ee7af.png,0.947702,0.012967,0.014728,0.011868,0.012736,anodr
anodr/9f1b14dfa14c.png,0.940689,0.017414,0.012858,0.011241,0.017799,anodr
anodr/a06b353e7bed.png,0.953298,0.012857,0.012058,0.010426,0.011361,anodr
anodr/a0fd94e2ad76.png,0.950527,0.012616,0.010482,0.012293,0.014082,anodr
anodr/a11c62cb3f86.png,0.952448,0.010327,0.012310,0.011466,0.013449,anodr
anodr/a12ca80bb8c7.png,0.952381,0.012584,0.012021,0.011141,0.011873,anodr
anodr/a188c60b93fb.png,0.950766,0.011640,0.011699,0.013265,0.012630,anodr
anodr/a1b28bcbce00.png,0.929211,0.034045,0.008679,0.011568,0.016497,anodr
anodr/a247961a5cd9.png,0.937034,0.011008,0.027587,0.011715,0.012656,anodr
anodr/a2b97d98f130.png,0.946742,0.010527,0.020258,0.013362,0.009111,anodr
anodr/a34fc5376669.png,0.947496,0.012595,0.014994,0.011550,0.013365,anodr
anodr/a419fcb2dfb5.png,0.945173,0.012203,0.013909,0.015638,0.013077,anodr
anodr/a44345b27804.png,0.951536,0.012123,0.014949,0.011226,0.010165,anodr
anodr/a484bdf85b4c.png,0.951736,0.014764,0.008721,0.012122,0.012657,anodr
anodr/a528be013a04.png,0.947695,0.016694,0.010643,0.011733,0.013234,anodr
anodr/a6356a3c5d11.png,0.949311,0.010937,0.015109,0.011659,0.012985,anodr
anodr/a673193cd5a9.png,0.949679,0.013333,0.012900,0.012231,0.011857,anodr
anodr/a6b6d27c1b32.png,0.948097,0.009930,0.015167,0.011963,0.014843,anodr
anodr/a70d0f12a641.png,0.950285,0.012560,0.013548,0.011796,0.011812,anodr
anodr/a73d012c4c38.png,0.948610,0.010692,0.014178,0.013214,0.013307,anodr
anodr/a8263d248523.png,0.905080,0.005840,0.059775,0.016226,0.013079,anodr
anodr/a8b637abd96b.png,0.935792,0.028118,0.007214,0.014119,0.014758,anodr
anodr/a94da3d3b5c0.png,0.947974,0.011110,0.013921,0.013204,0.013791,anodr
anodr/a963ac561580.png,0.944626,0.018135,0.011422,0.009846,0.015970,anodr
anodr/a9b3177f01c0.png,0.944673,0.011183,0.014367,0.015721,0.014056,anodr
anodr/a9bc2f892cb3.png,0.947899,0.012954,0.012359,0.011679,0.015110,anodr
anodr/aa4407aab872.png,0.948029,0.016269,0.013503,0.011386,0.010812,anodr
anodr/aa60813e1a8d.png,0.950458,0.010904,0.016697,0.012161,0.009779,anodr
anodr/aa6242f9e08c.png,0.951045,0.011400,0.012360,0.011930,0.013265,anodr
anodr/aa8a1e814811.png,0.937733,0.013191,0.017308,0.016346,0.015422,anodr
anodr/aaaadb174012.png,0.948057,0.011777,0.016017,0.011844,0.012306,anodr
anodr/aafb0c944f14.png,0.949150,0.012128,0.013227,0.012813,0.012682,anodr
anodr/abbb8791785e.png,0.946920,0.011461,0.016003,0.013203,0.012412,anodr
anodr/abe940882578.png,0.853013,0.102997,0.017769,0.011029,0.015193,anodr
anodr/ad029ba7fa8b.png,0.948284,0.013176,0.011954,0.012340,0.014246,anodr
anodr/ad12cde115ab.png,0.949519,0.010917,0.014722,0.010908,0.013934,anodr
anodr/ad1aa75d5630.png,0.952527,0.011930,0.013034,0.011695,0.010814,anodr
anodr/ad6b07d5c338.png,0.948858,0.012090,0.012627,0.013564,0.012861,anodr
anodr/ad93d88c87ea.png,0.952396,0.010870,0.012895,0.011464,0.012375,anodr
anodr/ae2c3f6312ef.png,0.950009,0.010864,0.015748,0.011482,0.011897,anodr
anodr/ae49cc60f251.png,0.948462,0.010704,0.017782,0.011904,0.011148,anodr
anodr/ae61e19fb766.png,0.948805,0.013443,0.011619,0.013719,0.012414,anodr
anodr/ae94ce412de9.png,0.927267,0.020509,0.024247,0.013836,0.014142,anodr
anodr/aeb6f4fd2eed.png,0.947594,0.016436,0.011581,0.011231,0.013158,anodr
anodr/aec51513cf45.png,0.950672,0.011113,0.011697,0.012055,0.014463,anodr
anodr/af6166d57f13.png,0.953356,0.010354,0.012197,0.010922,0.013171,anodr
anodr/afc744fad65e.png,0.949680,0.011545,0.012470,0.012563,0.013741,anodr
anodr/b0c9a492e068.png,0.944622,0.012939,0.018252,0.011625,0.012562,anodr
anodr/b0f0fa677d5f.png,0.950482,0.011395,0.014223,0.011423,0.012477,anodr
anodr/b1c6f0997e27.png,0.895042,0.025477,0.058585,0.008337,0.012559,anodr
anodr/b21abe5d9722.png,0.949292,0.013963,0.011108,0.012224,0.013413,anodr
anodr/b294927b14b0.png,0.951803,0.012251,0.010482,0.011753,0.013710,anodr
anodr/b35cad8fe2d7.png,0.027985,0.014616,0.937955,0.010373,0.009072,cmoderatedr
anodr/b43440c6ebe4.png,0.949824,0.014082,0.011579,0.011062,0.013454,anodr
anodr/b4b04d81acbb.png,0.948114,0.012238,0.016745,0.009373,0.013531,anodr
anodr/b549af91bd30.png,0.950799,0.010897,0.012168,0.011743,0.014392,anodr
anodr/b553e7909535.png,0.948460,0.013768,0.011912,0.012750,0.013110,anodr
anodr/b5a3ca5c0a80.png,0.945878,0.018534,0.011839,0.012802,0.010946,anodr
anodr/b5bf7b84fc66.png,0.946580,0.014919,0.014487,0.011350,0.012665,anodr
anodr/b69c224edd6e.png,0.948472,0.012957,0.011982,0.011994,0.014594,anodr
anodr/b72a86d61959.png,0.953794,0.012141,0.011103,0.012175,0.010787,anodr
anodr/b73d0bcd3d33.png,0.944785,0.015891,0.013742,0.013318,0.012264,anodr
anodr/b7bd4a6627b6.png,0.949597,0.013478,0.012553,0.012559,0.011814,anodr
anodr/b86fb2d5be1a.png,0.950745,0.010219,0.013309,0.012389,0.013338,anodr
anodr/b9519abce0c1.png,0.948005,0.013384,0.012304,0.013873,0.012434,anodr
anodr/b9bc81fcb075.png,0.946687,0.013821,0.010271,0.013802,0.015419,anodr
anodr/ba0107fb1bfd.png,0.946291,0.014026,0.014427,0.013235,0.012021,anodr
anodr/ba4e62c11cc0.png,0.950897,0.011801,0.012915,0.013025,0.011363,anodr
anodr/bacfa2b8e706.png,0.945598,0.015585,0.017808,0.010405,0.010605,anodr
anodr/badb5ff8d3c7.png,0.052209,0.901977,0.004579,0.015864,0.025372,bmilddr
anodr/bb2f89488ecd.png,0.946837,0.015688,0.014787,0.010269,0.012418,anodr
anodr/bc8c6a778cde.png,0.949761,0.011967,0.011777,0.011300,0.015194,anodr
anodr/bd500a73beae.png,0.948852,0.012715,0.012978,0.012270,0.013185,anodr
anodr/bdc6c60e9133.png,0.953041,0.011007,0.011568,0.012068,0.012317,anodr
anodr/be3a7d9e981e.png,0.950138,0.011767,0.013428,0.011174,0.013494,anodr
anodr/be521870a0ea.png,0.946126,0.016157,0.012218,0.009795,0.015704,anodr
anodr/be8697eb2078.png,0.943127,0.017235,0.011847,0.013406,0.014385,anodr
anodr/bebfbd907cac.png,0.947943,0.015083,0.010827,0.012478,0.013669,anodr
anodr/bf811911acf9.png,0.950757,0.010440,0.013463,0.013470,0.011870,anodr
anodr/bffca6eeb2bf.png,0.952156,0.013076,0.010559,0.010725,0.013484,anodr
anodr/c096131ad065.png,0.939868,0.010536,0.027619,0.010285,0.011692,anodr
anodr/c1437a7a52c9.png,0.934150,0.016755,0.016949,0.013988,0.018158,anodr
anodr/c26f98f58350.png,0.944733,0.017728,0.015519,0.010726,0.011293,anodr
anodr/c2f3281cf528.png,0.949547,0.013720,0.013092,0.011307,0.012335,anodr
anodr/c365c598ad4e.png,0.948263,0.011684,0.012574,0.012041,0.015438,anodr
anodr/c3789c1dab96.png,0.948814,0.012500,0.011757,0.012363,0.014567,anodr
anodr/c3b15bf9b4bc.png,0.948025,0.015030,0.011744,0.012453,0.012748,anodr
anodr/c56293f53191.png,0.947347,0.016814,0.009938,0.012937,0.012964,anodr
anodr/c58971bcebb2.png,0.949435,0.009800,0.020003,0.010152,0.010610,anodr
anodr/c5bec7f1e5f3.png,0.950036,0.011903,0.014399,0.011414,0.012247,anodr
anodr/c6229222bf22.png,0.946668,0.014555,0.013689,0.012638,0.012449,anodr
anodr/c62cef02efa2.png,0.942066,0.014356,0.016842,0.014417,0.012320,anodr
anodr/c639d837f5e4.png,0.950655,0.010316,0.014187,0.013474,0.011368,anodr
anodr/c6f5b5b5be41.png,0.950762,0.012172,0.012940,0.011876,0.012251,anodr
anodr/c755a0c4edcc.png,0.949139,0.010650,0.013289,0.012688,0.014234,anodr
anodr/c7c3d363bc86.png,0.915978,0.047755,0.007859,0.012606,0.015802,anodr
anodr/c81c6911f5e0.png,0.949942,0.013560,0.009845,0.012401,0.014251,anodr
anodr/c85b79d70079.png,0.948295,0.011946,0.012280,0.012342,0.015137,anodr
anodr/c90c6b94cf40.png,0.872013,0.023903,0.055008,0.029499,0.019576,anodr
anodr/c98f623d08d1.png,0.947564,0.013586,0.013405,0.011843,0.013601,anodr
anodr/c9e697117f3f.png,0.950014,0.012752,0.012027,0.011730,0.013477,anodr
anodr/ca05f7e7801b.png,0.948496,0.015094,0.011120,0.012134,0.013156,anodr
anodr/cad5b1a82e60.png,0.948194,0.012392,0.014440,0.012577,0.012397,anodr
anodr/cb0cc98d7e35.png,0.009655,0.922803,0.014349,0.012007,0.041185,bmilddr
anodr/cb68fce07789.png,0.949625,0.013849,0.009817,0.012632,0.014076,anodr
anodr/cc671a73e1cb.png,0.951138,0.011758,0.012075,0.013181,0.011848,anodr
anodr/cd01672507c9.png,0.952486,0.009828,0.014179,0.010825,0.012682,anodr
anodr/cd1c98ec48b1.png,0.946533,0.010500,0.018004,0.011626,0.013337,anodr
anodr/cd314653a4d8.png,0.949872,0.011131,0.013246,0.012194,0.013557,anodr
anodr/ce754234d760.png,0.952385,0.010608,0.017402,0.010085,0.009519,anodr
anodr/ce8d2efd9d4f.png,0.942972,0.010156,0.026021,0.008769,0.012082,anodr
anodr/cec299c2a2d5.png,0.952277,0.009584,0.016260,0.011538,0.010341,anodr
anodr/cf6551521a35.png,0.948620,0.012330,0.014579,0.011902,0.012569,anodr
anodr/cf8f1bc7a215.png,0.950163,0.013378,0.012225,0.011772,0.012462,anodr
anodr/cfed7c1172ec.png,0.951187,0.012143,0.012568,0.012800,0.011302,anodr
anodr/cff262ed8f4c.png,0.947630,0.011356,0.016537,0.010598,0.013880,anodr
anodr/d02b79fc3200.png,0.946645,0.012424,0.015697,0.012244,0.012990,anodr
anodr/d18f6431ebce.png,0.950512,0.012893,0.011830,0.011283,0.013483,anodr
anodr/d1afdb8cf70d.png,0.948518,0.015927,0.010543,0.012959,0.012053,anodr
anodr/d1ca85af57c9.png,0.945845,0.014413,0.010972,0.013440,0.015330,anodr
anodr/d26bb2ed6e71.png,0.951208,0.012166,0.012515,0.012193,0.011918,anodr
anodr/d26bc6e1230d.png,0.944172,0.016663,0.014950,0.012455,0.011761,anodr
anodr/d27ac9e54901.png,0.948705,0.012652,0.011550,0.012118,0.014975,anodr
anodr/d2c5fb82fe5f.png,0.951003,0.012683,0.012400,0.011644,0.012269,anodr
anodr/d2fb715b0c41.png,0.947632,0.010284,0.017537,0.012580,0.011967,anodr
anodr/d30d079e6f9a.png,0.948721,0.014851,0.011336,0.014046,0.011046,anodr
anodr/d332d7b8a26e.png,0.944207,0.016277,0.013086,0.012624,0.013807,anodr
anodr/d38cf0f4a9af.png,0.948855,0.011703,0.014408,0.010218,0.014816,anodr
anodr/d39752cb6e57.png,0.945749,0.015834,0.012168,0.013361,0.012888,anodr
anodr/d3dfd0a2dee6.png,0.951613,0.010717,0.011991,0.012640,0.013040,anodr
anodr/d4583e9525dc.png,0.948837,0.011430,0.014019,0.013217,0.012497,anodr
anodr/d4bc001f7224.png,0.950859,0.010312,0.014776,0.011786,0.012267,anodr
anodr/d516f77d4516.png,0.950836,0.012838,0.012164,0.012397,0.011765,anodr
anodr/d51e5d7484ea.png,0.948281,0.013144,0.011913,0.014199,0.012463,anodr
anodr/d6130f2ec903.png,0.955019,0.011421,0.010926,0.012506,0.010128,anodr
anodr/d667af5742f6.png,0.948994,0.013305,0.011960,0.013906,0.011835,anodr
anodr/d69698f838db.png,0.949010,0.011353,0.014485,0.011896,0.013256,anodr
anodr/d6f6bdfd8011.png,0.944883,0.015575,0.009769,0.013881,0.015892,anodr
anodr/d7078e8b0349.png,0.952994,0.010100,0.011760,0.011602,0.013544,anodr
anodr/d74ccc796517.png,0.948712,0.011352,0.019149,0.010087,0.010700,anodr
anodr/d7ac4a0c9760.png,0.949112,0.014528,0.012491,0.011726,0.012142,anodr
anodr/d7bc62d60e8c.png,0.946179,0.013016,0.016032,0.011625,0.013148,anodr
anodr/d807c53c1399.png,0.949558,0.011318,0.013925,0.011516,0.013683,anodr
anodr/d866c26d76f0.png,0.948041,0.012142,0.013339,0.011534,0.014944,anodr
anodr/d91635f380b4.png,0.951216,0.009303,0.013738,0.012294,0.013449,anodr
anodr/d93b61dc8f64.png,0.947543,0.008693,0.017382,0.011742,0.014639,anodr
anodr/d97911a32918.png,0.953228,0.010115,0.013703,0.009470,0.013484,anodr
anodr/da0a83f074f3.png,0.946919,0.014812,0.010584,0.013205,0.014480,anodr
anodr/da9574d35b82.png,0.950788,0.012744,0.010500,0.012581,0.013387,anodr
anodr/daad7b617f21.png,0.940633,0.009408,0.030372,0.009184,0.010403,anodr
anodr/db3cd58aa315.png,0.955850,0.009456,0.013169,0.010344,0.011181,anodr
anodr/dc0f6e5b489b.png,0.952101,0.012909,0.013012,0.010029,0.011949,anodr
anodr/dcc6c0ad5cad.png,0.953496,0.010321,0.013413,0.011170,0.011600,anodr
anodr/dccdf750c962.png,0.950787,0.012849,0.011694,0.011400,0.013270,anodr
anodr/dcf109df1a2b.png,0.950939,0.012913,0.011460,0.011806,0.012882,anodr
anodr/ddb222ff7c1d.png,0.950418,0.009823,0.015364,0.012582,0.011813,anodr
anodr/de4cdabbce6d.png,0.950127,0.010533,0.018841,0.011020,0.009479,anodr
anodr/de55ed25e0e8.png,0.950234,0.014988,0.012112,0.011280,0.011386,anodr
anodr/de57c9e9fa93.png,0.172490,0.765026,0.015863,0.024634,0.021986,bmilddr
anodr/dee31065f8fe.png,0.952275,0.012436,0.011617,0.011636,0.012036,anodr
anodr/df0886f1e76b.png,0.951884,0.011803,0.011975,0.011222,0.013116,anodr
anodr/e01b7bac822b.png,0.935515,0.009528,0.029852,0.014125,0.010980,anodr
anodr/e06cccc08c59.png,0.948472,0.014797,0.012726,0.011151,0.012853,anodr
anodr/e135d7ba9a0e.png,0.926804,0.034104,0.009257,0.014363,0.015472,anodr
anodr/e1c02f6c3362.png,0.950108,0.011244,0.016279,0.010916,0.011454,anodr
anodr/e3cd96cb094c.png,0.945989,0.010684,0.017553,0.013522,0.012251,anodr
anodr/e47452069ea1.png,0.945798,0.015538,0.012393,0.011900,0.014372,anodr
anodr/e4a44f9158dc.png,0.949429,0.013380,0.013154,0.011881,0.012156,anodr
anodr/e4ae1ee6aada.png,0.949226,0.015135,0.010950,0.011674,0.013015,anodr
anodr/e529c5757d64.png,0.948072,0.014930,0.009943,0.012281,0.014774,anodr
anodr/e582e56e7942.png,0.946376,0.015113,0.012779,0.013595,0.012136,anodr
anodr/e594c19e2e1d.png,0.948981,0.013153,0.012310,0.012047,0.013508,anodr
anodr/e68746d426b2.png,0.940787,0.016144,0.014774,0.017328,0.010968,anodr
anodr/e6a5e4718873.png,0.945767,0.013141,0.013628,0.012043,0.015421,anodr
anodr/e77a93c3d9a9.png,0.953885,0.010963,0.011073,0.011876,0.012203,anodr
anodr/e893e86dde94.png,0.945642,0.015820,0.010412,0.013272,0.014855,anodr
anodr/e8e44b3160e3.png,0.945938,0.015851,0.013482,0.010721,0.014009,anodr
anodr/e907d23cce3d.png,0.945948,0.010781,0.018367,0.012420,0.012484,anodr
anodr/e966850247f4.png,0.948612,0.010621,0.016696,0.010563,0.013508,anodr
anodr/e97ecf4355cb.png,0.950629,0.012326,0.011751,0.012544,0.012750,anodr
anodr/ea5c42a78979.png,0.949642,0.013240,0.012945,0.013176,0.010996,anodr
anodr/ea6a53e54d0f.png,0.944050,0.016444,0.009982,0.017199,0.012325,anodr
anodr/ea7e21bab610.png,0.949026,0.013001,0.011254,0.012566,0.014152,anodr
anodr/eabf421f94d0.png,0.943837,0.013707,0.013836,0.011874,0.016747,anodr
anodr/eae70f527755.png,0.944252,0.019889,0.011770,0.011671,0.012418,anodr
anodr/eb050765b323.png,0.948650,0.013407,0.012456,0.011711,0.013777,anodr
anodr/eb175669d789.png,0.950300,0.014170,0.009567,0.013110,0.012852,anodr
anodr/ebd96d853918.png,0.945217,0.014352,0.015873,0.011323,0.013235,anodr
anodr/ec01f0862669.png,0.940214,0.023861,0.010352,0.011508,0.014065,anodr
anodr/ec0c9f817b03.png,0.952786,0.011650,0.010275,0.012168,0.013121,anodr
anodr/ecad6845f630.png,0.953344,0.009867,0.010524,0.011157,0.015109,anodr
anodr/ee77763a6afb.png,0.949971,0.010657,0.013484,0.010662,0.015226,anodr
anodr/ef247f28004f.png,0.949981,0.010318,0.014109,0.011220,0.014371,anodr
anodr/ef4121e9bb67.png,0.946338,0.017831,0.011511,0.011992,0.012328,anodr
anodr/ef5155990874.png,0.941665,0.017871,0.011848,0.012051,0.016565,anodr
anodr/f0267c42907c.png,0.948044,0.013896,0.014652,0.011550,0.011858,anodr
anodr/f02956bd7c50.png,0.948412,0.011671,0.014420,0.012957,0.012541,anodr
anodr/f233638e0e90.png,0.945420,0.013448,0.012695,0.015160,0.013278,anodr
anodr/f36cb007a1ef.png,0.949852,0.009628,0.019901,0.009465,0.011153,anodr
anodr/f3a4751af42e.png,0.794276,0.024320,0.152045,0.017359,0.011999,anodr
anodr/f3bb996b45ce.png,0.945279,0.017679,0.010807,0.011744,0.014492,anodr
anodr/f451eee2b66b.png,0.951652,0.012249,0.013169,0.011748,0.011182,anodr
anodr/f48241b0c995.png,0.950689,0.010578,0.013445,0.011272,0.014015,anodr
anodr/f4c7ae514c54.png,0.953461,0.009487,0.014075,0.012096,0.010880,anodr
anodr/f56ff0440ed1.png,0.950123,0.010024,0.013994,0.012435,0.013424,anodr
anodr/f7116e7b2f4e.png,0.953369,0.010749,0.012789,0.011655,0.011438,anodr
anodr/f7735b6d47f7.png,0.952596,0.013577,0.010283,0.011146,0.012398,anodr
anodr/f7e9fa75c7c1.png,0.949620,0.011016,0.016940,0.009766,0.012658,anodr
anodr/f819c65b803c.png,0.940551,0.007956,0.020103,0.013018,0.018371,anodr
anodr/f85fd4fac887.png,0.951433,0.010751,0.014560,0.011117,0.012140,anodr
anodr/f8d62557ad0c.png,0.941662,0.017268,0.013907,0.015500,0.011664,anodr
anodr/f9d8ff3e6592.png,0.951630,0.011629,0.013262,0.011600,0.011879,anodr
anodr/fa0c87bd75ce.png,0.950465,0.011324,0.012567,0.011799,0.013844,anodr
anodr/fa573163dd8b.png,0.948364,0.013371,0.013599,0.012694,0.011972,anodr
anodr/fb88783de055.png,0.946207,0.013589,0.015801,0.012467,0.011936,anodr
anodr/fbdc796290d4.png,0.946195,0.016020,0.009949,0.013286,0.014550,anodr
