filename,prob_anodr,prob_bmilddr,prob_cmoderatedr,prob_dseveredr,prob_eproliferativedr,predicted_label
20051020_43808_0100_PP_967.png,0.908862,0.026718,0.024662,0.018570,0.021187,anodr
20051020_44261_0100_PP_1191.png,0.880581,0.051519,0.025849,0.021077,0.020974,anodr
20051020_44284_0100_PP_502.png,0.893163,0.039166,0.023410,0.020459,0.023802,anodr
20051020_44338_0100_PP_547.png,0.914074,0.028299,0.020413,0.018244,0.018971,anodr
20051020_44400_0100_PP_920.png,0.906019,0.037359,0.023254,0.016643,0.016724,anodr
20051020_44431_0100_PP_514.png,0.898870,0.042954,0.024189,0.018384,0.015602,anodr
20051020_44692_0100_PP_419.png,0.913549,0.026336,0.022737,0.016716,0.020662,anodr
20051020_44714_0100_PP_1199.png,0.910207,0.031713,0.016818,0.022444,0.018817,anodr
20051020_44982_0100_PP_486.png,0.902442,0.033931,0.023287,0.020997,0.019343,anodr
20051020_56791_0100_PP_1185.png,0.911065,0.030098,0.018688,0.020525,0.019623,anodr
20051020_57157_0100_PP_971.png,0.908983,0.029405,0.017619,0.022056,0.021938,anodr
20051020_57967_0100_PP_829.png,0.910710,0.032626,0.017294,0.022076,0.017294,anodr
20051020_58065_0100_PP_561.png,0.629978,0.264028,0.055479,0.021620,0.028895,anodr
20051020_61757_0100_PP_484.png,0.902189,0.025832,0.023280,0.021135,0.027565,anodr
20051020_62461_0100_PP_76.png,0.895635,0.039505,0.026252,0.020001,0.018606,anodr
20051020_62510_0100_PP_106.png,0.808779,0.095458,0.053567,0.020728,0.021469,anodr
20051020_62577_0100_PP_479.png,0.909221,0.028564,0.020644,0.020765,0.020806,anodr
20051020_62615_0100_PP_294.png,0.910732,0.025823,0.019502,0.020259,0.023685,anodr
20051020_63269_0100_PP_1183.png,0.911870,0.029556,0.020344,0.017384,0.020846,anodr
20051020_63337_0100_PP_471.png,0.903362,0.035805,0.020531,0.019118,0.021183,anodr
20051020_64249_0100_PP_1004.png,0.900144,0.025874,0.025849,0.025041,0.023092,anodr
20051020_64388_0100_PP_1194.png,0.910703,0.024954,0.020962,0.020120,0.023260,anodr
20051020_64653_0100_PP_124.png,0.921993,0.021843,0.016870,0.018492,0.020802,anodr
20051020_64775_0100_PP_480.png,0.910598,0.026162,0.019159,0.020858,0.023223,anodr
20051020_64836_0100_PP_1270.png,0.849016,0.053761,0.045996,0.022626,0.028601,anodr
20051021_36380_0100_PP_135.png,0.912027,0.023707,0.021744,0.020607,0.021915,anodr
20051021_36476_0100_PP_1243.png,0.911897,0.028901,0.018889,0.019056,0.021258,anodr
20051021_39845_0100_PP_315.png,0.898019,0.034347,0.025750,0.020390,0.021494,anodr
20051021_39914_0100_PP_1352.png,0.903199,0.029620,0.023523,0.019587,0.024069,anodr
20051021_51418_0100_PP_18.png,0.913975,0.025352,0.019938,0.017221,0.023515,anodr
20051021_51476_0100_PP_150.png,0.896960,0.035000,0.026023,0.017150,0.024867,anodr
20051021_51936_0100_PP_1379.png,0.891232,0.042954,0.028481,0.019140,0.018192,anodr
20051021_51994_0100_PP_1283.png,0.896105,0.040345,0.026087,0.017471,0.019992,anodr
20051021_57798_0100_PP_1322.png,0.737208,0.134781,0.084210,0.019135,0.024666,anodr
20051021_57862_0100_PP_372.png,0.506721,0.239475,0.214036,0.016954,0.022814,anodr
20051021_57975_0100_PP_517.png,0.915271,0.026502,0.018322,0.019465,0.020439,anodr
20051021_58035_0100_PP_1138.png,0.918003,0.022926,0.021716,0.018997,0.018358,anodr
20051021_58388_0100_PP_1300.png,0.884740,0.035463,0.036966,0.020746,0.022084,anodr
20051021_58522_0100_PP_50.png,0.883808,0.035513,0.037017,0.019111,0.024551,anodr
20051109_57843_0400_PP_1109.png,0.836444,0.066231,0.058327,0.020355,0.018643,anodr
20051109_59969_0400_PP_1079.png,0.892067,0.045467,0.021836,0.019403,0.021227,anodr
20051109_60031_0400_PP_528.png,0.893300,0.043967,0.022038,0.018998,0.021696,anodr
20051109_60136_0400_PP_905.png,0.898770,0.037810,0.022500,0.018984,0.021936,anodr
20051110_33960_0400_PP_35.png,0.910323,0.031733,0.018010,0.018546,0.021388,anodr
20051110_34013_0400_PP_151.png,0.879946,0.053966,0.030435,0.017156,0.018496,anodr
20051110_35239_0400_PP_836.png,0.894602,0.042231,0.022243,0.020392,0.020532,anodr
20051110_35279_0400_PP_1033.png,0.897489,0.039839,0.020199,0.020418,0.022055,anodr
20051110_35332_0400_PP_497.png,0.879652,0.057857,0.024905,0.020149,0.017438,anodr
20051110_37992_0400_PP_1043.png,0.874161,0.052587,0.030413,0.021294,0.021545,anodr
20051110_38111_0400_PP_429.png,0.847027,0.074999,0.034638,0.019213,0.024122,anodr
20051110_38156_0400_PP_477.png,0.878390,0.055513,0.027207,0.019616,0.019274,anodr
20051110_38280_0400_PP_83.png,0.615699,0.241937,0.101611,0.022015,0.018738,anodr
20051110_38313_0400_PP_1041.png,0.867671,0.035258,0.042013,0.024783,0.030276,anodr
20051110_38352_0400_PP_934.png,0.862806,0.038487,0.042044,0.023630,0.033033,anodr
20051110_38472_0400_PP_1127.png,0.884211,0.060317,0.018640,0.019045,0.017787,anodr
20051110_38507_0400_PP_1190.png,0.547774,0.329978,0.087393,0.022172,0.012683,anodr
20051116_43388_0400_PP_344.png,0.899397,0.043827,0.020481,0.019677,0.016618,anodr
20051116_43585_0400_PP_950.png,0.915808,0.030596,0.018066,0.016872,0.018658,anodr
20051116_43710_0400_PP_95.png,0.859861,0.057677,0.036564,0.021695,0.024203,anodr
20051116_43721_0400_PP_363.png,0.810170,0.069924,0.069000,0.023345,0.027561,anodr
20051116_43785_0400_PP_445.png,0.908078,0.030906,0.020659,0.018939,0.021419,anodr
20051116_43801_0400_PP_325.png,0.908345,0.035100,0.014797,0.019337,0.022420,anodr
20051116_44648_0400_PP_1036.png,0.894737,0.044568,0.021520,0.019272,0.019903,anodr
20051117_37042_0400_PP_1119.png,0.892824,0.049456,0.022615,0.017595,0.017510,anodr
20051117_37051_0400_PP_1136.png,0.891507,0.041291,0.028518,0.019909,0.018776,anodr
20051117_37078_0400_PP_559.png,0.834848,0.061805,0.053566,0.028345,0.021437,anodr
20051117_37100_0400_PP_1083.png,0.698321,0.081909,0.160723,0.027236,0.031811,anodr
20051117_37130_0400_PP_938.png,0.891701,0.042074,0.023670,0.021849,0.020706,anodr
20051117_37155_0400_PP_84.png,0.798508,0.109902,0.041098,0.030541,0.019951,anodr
20051117_37185_0400_PP_404.png,0.826623,0.095013,0.036337,0.023404,0.018623,anodr
20051117_37321_0400_PP_947.png,0.896940,0.037512,0.021977,0.021721,0.021849,anodr
20051130_53586_0400_PP_1121.png,0.835479,0.073235,0.051565,0.021370,0.018350,anodr
20051130_53623_0400_PP_894.png,0.870423,0.055542,0.026908,0.020192,0.026934,anodr
20051130_53663_0400_PP_510.png,0.851384,0.060733,0.040984,0.022272,0.024628,anodr
20051130_53991_0400_PP_277.png,0.885227,0.050591,0.022687,0.020758,0.020737,anodr
20051130_54030_0400_PP_946.png,0.902862,0.031937,0.021171,0.020640,0.023389,anodr
20051130_54077_0400_PP_1117.png,0.898463,0.046073,0.020320,0.017229,0.017915,anodr
20051130_54121_0400_PP_1281.png,0.900128,0.042815,0.019867,0.018178,0.019013,anodr
20051130_54257_0400_PP_506.png,0.802251,0.075630,0.059682,0.034114,0.028323,anodr
20051130_54301_0400_PP_93.png,0.883223,0.046558,0.027761,0.021768,0.020690,anodr
20051130_54323_0400_PP_978.png,0.898313,0.040484,0.021925,0.018337,0.020941,anodr
20051130_54476_0400_PP_394.png,0.801374,0.109947,0.050190,0.022337,0.016152,anodr
20051130_54498_0400_PP_1217.png,0.772435,0.134952,0.051272,0.021467,0.019874,anodr
20051130_54595_0400_PP_940.png,0.250875,0.185164,0.496252,0.012706,0.055002,cmoderatedr
20051130_54802_0400_PP_550.png,0.583554,0.182462,0.186470,0.026196,0.021318,anodr
20051130_54846_0400_PP_289.png,0.823655,0.080955,0.046331,0.022165,0.026893,anodr
20051130_54943_0400_PP_1044.png,0.905394,0.029852,0.019731,0.019501,0.025522,anodr
20051130_54956_0400_PP_875.png,0.896652,0.032280,0.025140,0.020862,0.025066,anodr
20051130_55004_0400_PP_1259.png,0.891827,0.043799,0.023080,0.019228,0.022066,anodr
20051130_55012_0400_PP_865.png,0.894913,0.042515,0.020379,0.018737,0.023456,anodr
20051130_55037_0400_PP_443.png,0.668365,0.169237,0.117313,0.018942,0.026144,anodr
20051130_55048_0400_PP_921.png,0.837363,0.073872,0.039936,0.021460,0.027368,anodr
20051130_55074_0400_PP_986.png,0.892592,0.039065,0.025001,0.021364,0.021978,anodr
20051130_55086_0400_PP_1152.png,0.863903,0.071136,0.024412,0.018517,0.022032,anodr
20051130_55107_0400_PP_316.png,0.899671,0.042501,0.020170,0.016705,0.020953,anodr
20051130_55160_0400_PP_1182.png,0.836037,0.099001,0.027660,0.021176,0.016126,anodr
20051130_55269_0400_PP_820.png,0.893999,0.050615,0.018663,0.017010,0.019712,anodr
20051130_55311_0400_PP_896.png,0.883206,0.058948,0.019455,0.019589,0.018802,anodr
20051130_55323_0400_PP_883.png,0.821417,0.105895,0.031648,0.018077,0.022963,anodr
20051130_55381_0400_PP_504.png,0.881323,0.040502,0.033940,0.022063,0.022171,anodr
20051130_55393_0400_PP_1251.png,0.894071,0.033897,0.025762,0.020721,0.025549,anodr
20051130_58716_0400_PP_355.png,0.252441,0.230412,0.463857,0.018109,0.035180,cmoderatedr
20051130_58824_0400_PP_1181.png,0.438977,0.108340,0.351868,0.034182,0.066633,anodr
20051130_58874_0400_PP_1359.png,0.861821,0.061944,0.034309,0.020993,0.020932,anodr
20051130_58888_0400_PP_284.png,0.315024,0.267618,0.350577,0.042405,0.024375,cmoderatedr
20051130_58962_0400_PP_973.png,0.902032,0.034822,0.020421,0.016618,0.026106,anodr
20051130_58998_0400_PP_543.png,0.901442,0.026461,0.025065,0.020468,0.026565,anodr
20051130_59029_0400_PP_270.png,0.886084,0.029661,0.031497,0.022139,0.030618,anodr
20051130_59186_0400_PP_350.png,0.876674,0.065571,0.020159,0.019770,0.017825,anodr
20051130_59284_0400_PP_853.png,0.881118,0.063784,0.018109,0.018684,0.018305,anodr
20051130_59374_0400_PP_410.png,0.877748,0.053694,0.023074,0.021256,0.024228,anodr
20051130_59404_0400_PP_392.png,0.875468,0.054311,0.027276,0.021305,0.021640,anodr
20051130_59457_0400_PP_1053.png,0.869010,0.050471,0.032947,0.027075,0.020497,anodr
20051130_59464_0400_PP_1141.png,0.893467,0.039758,0.022324,0.021033,0.023418,anodr
20051130_59749_0400_PP_965.png,0.859187,0.075130,0.024231,0.019604,0.021848,anodr
20051130_59775_0400_PP_1224.png,0.879952,0.055686,0.023267,0.021289,0.019805,anodr
20051130_59793_0400_PP_926.png,0.906051,0.029932,0.023806,0.020194,0.020017,anodr
20051130_59802_0400_PP_430.png,0.917287,0.026213,0.017676,0.018219,0.020605,anodr
20051130_59850_0400_PP_36.png,0.878291,0.050097,0.026691,0.019981,0.024940,anodr
20051130_59869_0400_PP_520.png,0.897042,0.036238,0.022413,0.018509,0.025797,anodr
20051130_59964_0400_PP_312.png,0.888398,0.047095,0.022857,0.021577,0.020073,anodr
20051130_59993_0400_PP_439.png,0.880329,0.055419,0.027267,0.018005,0.018980,anodr
20051130_60040_0400_PP_1355.png,0.875284,0.053262,0.026574,0.021280,0.023600,anodr
20051130_60066_0400_PP_1170.png,0.863151,0.066934,0.025761,0.019014,0.025140,anodr
20051130_60186_0400_PP_1365.png,0.867953,0.064744,0.026441,0.019554,0.021309,anodr
20051130_60234_0400_PP_453.png,0.896609,0.045199,0.018681,0.018446,0.021066,anodr
20051130_60448_0400_PP_860.png,0.412653,0.174047,0.362745,0.015675,0.034880,anodr
20051130_60490_0400_PP_828.png,0.545332,0.165749,0.243293,0.015485,0.030141,anodr
20051130_60532_0400_PP_1052.png,0.893296,0.049361,0.020482,0.016815,0.020046,anodr
20051130_60562_0400_PP_121.png,0.699909,0.187460,0.061939,0.025494,0.025197,anodr
20051130_60601_0400_PP_146.png,0.876076,0.050093,0.031787,0.023120,0.018925,anodr
20051130_60630_0400_PP_60.png,0.891897,0.050873,0.019685,0.017802,0.019743,anodr
20051130_60691_0400_PP_939.png,0.822781,0.094422,0.035852,0.022293,0.024652,anodr
20051130_60715_0400_PP_555.png,0.739693,0.171037,0.041164,0.023477,0.024628,anodr
20051130_60740_0400_PP_1166.png,0.809440,0.103312,0.043895,0.021571,0.021783,anodr
20051130_60794_0400_PP_280.png,0.888938,0.047308,0.021360,0.020184,0.022211,anodr
20051130_60822_0400_PP_980.png,0.901911,0.036631,0.020121,0.019237,0.022099,anodr
20051201_37312_0400_PP_1333.png,0.838075,0.061960,0.062195,0.021042,0.016727,anodr
20051201_37337_0400_PP_839.png,0.901930,0.036312,0.024118,0.016137,0.021503,anodr
20051201_37382_0400_PP_1350.png,0.858727,0.073251,0.026794,0.023019,0.018209,anodr
20051201_37390_0400_PP_833.png,0.886740,0.050314,0.021791,0.019533,0.021621,anodr
20051201_37409_0400_PP_1340.png,0.904565,0.035125,0.020559,0.017194,0.022557,anodr
20051201_37462_0400_PP_357.png,0.867562,0.064691,0.026990,0.019911,0.020846,anodr
20051201_37534_0400_PP_906.png,0.891945,0.044559,0.027506,0.017021,0.018969,anodr
20051201_37557_0400_PP_1336.png,0.890217,0.041891,0.029916,0.019044,0.018932,anodr
20051201_38041_0400_PP_1312.png,0.884870,0.048138,0.022878,0.020488,0.023627,anodr
20051201_38081_0400_PP_963.png,0.901447,0.033911,0.018801,0.018727,0.027115,anodr
20051201_38103_0400_PP_81.png,0.862914,0.061473,0.037988,0.017173,0.020453,anodr
20051201_38137_0400_PP_391.png,0.888542,0.053997,0.018878,0.017358,0.021226,anodr
20051201_38155_0400_PP_112.png,0.768193,0.038773,0.132809,0.021225,0.039000,anodr
20051201_38164_0400_PP_881.png,0.852289,0.052693,0.047895,0.026684,0.020439,anodr
20051201_38199_0400_PP_1329.png,0.887580,0.048474,0.025726,0.019381,0.018840,anodr
20051201_38211_0400_PP_1174.png,0.855126,0.080959,0.025298,0.021076,0.017541,anodr
20051201_38246_0400_PP_1063.png,0.890712,0.049039,0.021996,0.018129,0.020125,anodr
20051201_38262_0400_PP_335.png,0.853653,0.082063,0.025403,0.020512,0.018369,anodr
20051201_38280_0400_PP_1103.png,0.908054,0.034646,0.017294,0.019944,0.020062,anodr
20051201_38291_0400_PP_468.png,0.892684,0.040132,0.025212,0.020689,0.021283,anodr
20051201_38321_0400_PP_903.png,0.863226,0.064218,0.036120,0.019638,0.016797,anodr
20051201_38349_0400_PP_892.png,0.904673,0.039992,0.019639,0.016847,0.018849,anodr
20051201_38466_0400_PP_572.png,0.895697,0.041587,0.020417,0.019142,0.023158,anodr
20051201_38475_0400_PP_560.png,0.896954,0.037927,0.023985,0.020306,0.020828,anodr
20051202_37162_0400_PP_29.png,0.814973,0.076203,0.063152,0.026950,0.018722,anodr
20051202_51599_0400_PP_966.png,0.880871,0.048758,0.032591,0.018300,0.019480,anodr
20051202_51616_0400_PP_1018.png,0.903925,0.036285,0.022084,0.019056,0.018651,anodr
20051205_57651_0400_PP_52.png,0.916887,0.029719,0.016119,0.017946,0.019329,anodr
20051205_57704_0400_PP_1167.png,0.910411,0.032362,0.018493,0.018620,0.020114,anodr
20051205_57757_0400_PP_1100.png,0.862461,0.077223,0.023006,0.018199,0.019110,anodr
20051205_57780_0400_PP_1102.png,0.809831,0.124374,0.031309,0.018496,0.015991,anodr
20051205_57799_0400_PP_868.png,0.077237,0.365786,0.508340,0.023938,0.024698,cmoderatedr
20051205_57809_0400_PP_1228.png,0.824787,0.092392,0.042120,0.020709,0.019993,anodr
20051205_57838_0400_PP_859.png,0.876819,0.053781,0.023758,0.021130,0.024512,anodr
20051205_57879_0400_PP_1254.png,0.880413,0.056697,0.020108,0.020504,0.022279,anodr
20051205_57942_0400_PP_990.png,0.887208,0.046951,0.024997,0.020322,0.020522,anodr
20051205_57988_0400_PP_1112.png,0.894506,0.044698,0.021016,0.018349,0.021431,anodr
20051205_58037_0400_PP_835.png,0.883915,0.038989,0.028748,0.023950,0.024398,anodr
20051205_58060_0400_PP_376.png,0.878434,0.036222,0.037390,0.017984,0.029970,anodr
20051205_58080_0400_PP_1034.png,0.847230,0.063935,0.046667,0.021671,0.020497,anodr
20051205_58091_0400_PP_292.png,0.852090,0.056822,0.046275,0.020474,0.024338,anodr
20051205_58109_0400_PP_1311.png,0.890990,0.042020,0.025963,0.018546,0.022480,anodr
20051205_58125_0400_PP_46.png,0.875568,0.049686,0.033883,0.020451,0.020411,anodr
20051205_58150_0400_PP_393.png,0.900223,0.032282,0.023862,0.020221,0.023412,anodr
20051205_58177_0400_PP_503.png,0.879258,0.042783,0.034613,0.018356,0.024991,anodr
20051205_58354_0400_PP_1282.png,0.894908,0.042974,0.021149,0.017967,0.023002,anodr
20051205_58373_0400_PP_55.png,0.881855,0.056665,0.028072,0.015442,0.017966,anodr
20051205_58409_0400_PP_985.png,0.870587,0.071829,0.020716,0.021352,0.015515,anodr
20051205_58431_0400_PP_493.png,0.895908,0.050537,0.016329,0.018449,0.018776,anodr
20051205_58458_0400_PP_309.png,0.911789,0.031676,0.019240,0.019448,0.017847,anodr
20051205_58502_0400_PP_482.png,0.910289,0.033466,0.021639,0.018240,0.016366,anodr
20051205_58613_0400_PP_843.png,0.873276,0.059981,0.023409,0.021127,0.022206,anodr
20051205_59240_0400_PP_301.png,0.898527,0.044855,0.018057,0.019601,0.018961,anodr
20051205_59337_0400_PP_945.png,0.900781,0.039270,0.020195,0.018550,0.021205,anodr
20051205_59351_0400_PP_332.png,0.906302,0.032374,0.019199,0.019886,0.022239,anodr
20051205_59367_0400_PP_816.png,0.797148,0.102341,0.058170,0.024884,0.017457,anodr
20051205_59379_0400_PP_842.png,0.904192,0.035455,0.019362,0.021515,0.019475,anodr
20051205_59510_0400_PP_329.png,0.855487,0.076272,0.027865,0.020277,0.020099,anodr
20051205_59538_0400_PP_534.png,0.818698,0.105544,0.027472,0.021291,0.026994,anodr
20051205_59617_0400_PP_1000.png,0.905246,0.042964,0.015698,0.016990,0.019102,anodr
20051205_59651_0400_PP_1164.png,0.900814,0.044554,0.018263,0.017563,0.018806,anodr
20051205_59738_0400_PP_119.png,0.910392,0.027478,0.019305,0.018493,0.024332,anodr
20051205_59754_0400_PP_880.png,0.911239,0.028335,0.018384,0.018402,0.023640,anodr
20051205_59833_0400_PP_531.png,0.890629,0.046323,0.023550,0.020202,0.019296,anodr
20051205_59858_0400_PP_523.png,0.903861,0.037811,0.020323,0.017761,0.020244,anodr
20051205_59901_0400_PP_417.png,0.868302,0.055862,0.029668,0.022340,0.023827,anodr
20051205_59923_0400_PP_1307.png,0.899205,0.039077,0.020278,0.019105,0.022336,anodr
20051205_60093_0400_PP_1286.png,0.909951,0.029653,0.019371,0.020202,0.020823,anodr
20051205_60119_0400_PP_451.png,0.904938,0.029175,0.022566,0.023113,0.020209,anodr
20051213_61406_0100_PP_1027.png,0.826901,0.076682,0.052030,0.023071,0.021317,anodr
20051213_61802_0100_PP_408.png,0.668565,0.209042,0.060302,0.032802,0.029289,anodr
20051213_61892_0100_PP_837.png,0.902655,0.032243,0.022830,0.020981,0.021291,anodr
20051213_61951_0100_PP_983.png,0.906771,0.030235,0.020629,0.019531,0.022834,anodr
20051213_62251_0100_PP_27.png,0.889326,0.049419,0.022307,0.018932,0.020016,anodr
20051213_62314_0100_PP_1325.png,0.879780,0.052449,0.026985,0.018674,0.022111,anodr
20051213_62518_0100_PP_821.png,0.915517,0.024291,0.018543,0.020266,0.021384,anodr
20051213_62572_0100_PP_1176.png,0.917841,0.025138,0.016518,0.019274,0.021230,anodr
20051214_40529_0100_PP_1120.png,0.893572,0.042193,0.024378,0.020289,0.019569,anodr
20051214_40767_0100_PP_1039.png,0.910024,0.033818,0.016996,0.018740,0.020422,anodr
20051214_40994_0100_PP_435.png,0.911893,0.026833,0.019149,0.020867,0.021258,anodr
20051214_41055_0100_PP_41.png,0.900326,0.035877,0.021298,0.020244,0.022255,anodr
20051214_42133_0100_PP_462.png,0.917847,0.023777,0.019808,0.017930,0.020637,anodr
20051214_42197_0100_PP_1288.png,0.917271,0.026899,0.018470,0.018416,0.018945,anodr
20051214_42323_0100_PP_845.png,0.912719,0.026428,0.020145,0.018146,0.022561,anodr
20051214_42363_0100_PP_42.png,0.908338,0.030273,0.019337,0.018326,0.023727,anodr
20051214_51178_0100_PP_1380.png,0.903730,0.031688,0.023240,0.020782,0.020560,anodr
20051214_51211_0100_PP_511.png,0.908614,0.029051,0.020550,0.019456,0.022329,anodr
20051214_51308_0100_PP_1342.png,0.905922,0.031242,0.022724,0.019743,0.020369,anodr
20051214_51342_0100_PP_970.png,0.909851,0.030014,0.020298,0.018791,0.021045,anodr
20051214_51442_0100_PP_28.png,0.900951,0.035727,0.025223,0.019142,0.018956,anodr
20051214_51469_0100_PP_1060.png,0.755093,0.122247,0.078573,0.021129,0.022958,anodr
20051214_56242_0100_PP_337.png,0.904952,0.032310,0.025348,0.019133,0.018257,anodr
20051214_56392_0100_PP_1037.png,0.908941,0.028167,0.020517,0.020298,0.022076,anodr
20051214_56438_0100_PP_22.png,0.900995,0.037664,0.024187,0.019674,0.017481,anodr
20051214_56636_0100_PP_128.png,0.902900,0.034315,0.023174,0.019429,0.020183,anodr
20051214_56688_0100_PP_120.png,0.909674,0.032478,0.021393,0.017427,0.019028,anodr
20051214_57761_0100_PP_356.png,0.884088,0.059841,0.016560,0.019061,0.020449,anodr
20051214_57817_0100_PP_876.png,0.889795,0.053954,0.016831,0.017079,0.022341,anodr
20051216_43913_0200_PP_1367.png,0.875591,0.058187,0.026402,0.020036,0.019784,anodr
20051216_44066_0200_PP_426.png,0.921148,0.024120,0.018475,0.016904,0.019353,anodr
20051216_44092_0200_PP_1090.png,0.832799,0.071807,0.047805,0.026536,0.021053,anodr
20051216_44221_0200_PP_548.png,0.913221,0.031066,0.017788,0.018879,0.019046,anodr
20051216_44252_0200_PP_952.png,0.914987,0.029499,0.017839,0.018120,0.019555,anodr
20051216_44398_0200_PP_1235.png,0.906510,0.034995,0.018540,0.020825,0.019129,anodr
20051216_44420_0200_PP_379.png,0.897969,0.044871,0.018420,0.019247,0.019493,anodr
20051216_44635_0200_PP_415.png,0.899931,0.040845,0.019459,0.019843,0.019921,anodr
20051216_44660_0200_PP_888.png,0.891540,0.047365,0.022016,0.017864,0.021214,anodr
20051216_44811_0200_PP_567.png,0.892093,0.044328,0.022486,0.019844,0.021248,anodr
20051216_44832_0200_PP_1082.png,0.898689,0.039534,0.019395,0.017937,0.024445,anodr
20051216_45076_0200_PP_818.png,0.907488,0.037907,0.022674,0.015599,0.016332,anodr
20051216_45499_0200_PP_1071.png,0.908129,0.032966,0.018483,0.020063,0.020359,anodr
20051216_45781_0200_PP_320.png,0.914204,0.031636,0.018534,0.016485,0.019141,anodr
20051216_45873_0200_PP_832.png,0.917170,0.030255,0.015889,0.017046,0.019639,anodr
20051216_45992_0200_PP_341.png,0.882855,0.053697,0.022428,0.019240,0.021780,anodr
20051216_46018_0200_PP_1216.png,0.899514,0.043619,0.020344,0.017744,0.018779,anodr
20051216_46183_0200_PP_1204.png,0.907968,0.034618,0.018247,0.018552,0.020616,anodr
20051216_47514_0200_PP_110.png,0.904492,0.037196,0.019983,0.019866,0.018463,anodr
20051216_47536_0200_PP_1339.png,0.918693,0.023950,0.016843,0.018993,0.021521,anodr
20060407_38711_0200_PP_283.png,0.868446,0.065514,0.027004,0.018451,0.020584,anodr
20060407_38970_0200_PP_1111.png,0.867545,0.070023,0.024767,0.017520,0.020145,anodr
20060407_39155_0200_PP_855.png,0.906240,0.033042,0.019653,0.019236,0.021829,anodr
20060407_39184_0200_PP_373.png,0.904768,0.031802,0.022474,0.016915,0.024041,anodr
20060407_39306_0200_PP_1074.png,0.905443,0.031501,0.021503,0.019732,0.021820,anodr
20060407_39328_0200_PP_893.png,0.895218,0.043389,0.022865,0.019057,0.019471,anodr
20060407_39435_0200_PP_1214.png,0.881485,0.059074,0.017871,0.018601,0.022969,anodr
20060407_39546_0200_PP_545.png,0.906369,0.039504,0.014852,0.020519,0.018756,anodr
20060407_39567_0200_PP_1168.png,0.902372,0.041338,0.016870,0.018912,0.020509,anodr
20060407_39687_0200_PP_101.png,0.910465,0.034942,0.019250,0.019100,0.016242,anodr
20060407_39761_0200_PP_518.png,0.902412,0.038084,0.020955,0.020093,0.018457,anodr
20060407_39780_0200_PP_1006.png,0.881763,0.061224,0.019962,0.018680,0.018372,anodr
20060407_40740_0200_PP_314.png,0.897687,0.046118,0.017434,0.020402,0.018360,anodr
20060407_40761_0200_PP_282.png,0.915715,0.029855,0.015802,0.017836,0.020792,anodr
20060407_41149_0200_PP_26.png,0.898160,0.033738,0.025454,0.019921,0.022728,anodr
20060407_41177_0200_PP_1104.png,0.883013,0.045336,0.028621,0.018308,0.024721,anodr
20060407_41312_0200_PP_895.png,0.910200,0.031868,0.017955,0.019471,0.020506,anodr
20060407_41980_0200_PP_1347.png,0.908860,0.036058,0.018336,0.016744,0.020001,anodr
20060407_42099_0200_PP_77.png,0.913502,0.032863,0.017569,0.017347,0.018720,anodr
20060407_42133_0200_PP_488.png,0.912299,0.033762,0.019459,0.016164,0.018316,anodr
20060407_42290_0200_PP_1107.png,0.906920,0.030807,0.019534,0.018676,0.024063,anodr
20060407_42308_0200_PP_1278.png,0.893770,0.038869,0.024743,0.018823,0.023795,anodr
20060407_43223_0200_PP_47.png,0.886757,0.054697,0.022626,0.017908,0.018013,anodr
20060407_43258_0200_PP_118.png,0.906767,0.039319,0.016527,0.018401,0.018985,anodr
20060407_43594_0200_PP_140.png,0.911831,0.032318,0.016282,0.018906,0.020663,anodr
20060407_43618_0200_PP_867.png,0.911085,0.031605,0.017083,0.018399,0.021828,anodr
20060407_43726_0200_PP_1128.png,0.907964,0.038496,0.014995,0.019178,0.019367,anodr
20060407_43746_0200_PP_1058.png,0.906339,0.039435,0.016391,0.017792,0.020043,anodr
20060407_43834_0200_PP_1162.png,0.923016,0.024358,0.020452,0.015318,0.016856,anodr
20060407_43856_0200_PP_862.png,0.918317,0.029404,0.019838,0.015240,0.017202,anodr
20060407_44042_0200_PP_1047.png,0.903143,0.037634,0.019283,0.018762,0.021178,anodr
20060407_44061_0200_PP_295.png,0.902999,0.036711,0.019242,0.018541,0.022507,anodr
20060407_44400_0200_PP_956.png,0.905269,0.035697,0.021551,0.019537,0.017945,anodr
20060407_44422_0200_PP_847.png,0.896213,0.041519,0.024354,0.019512,0.018402,anodr
20060407_44510_0200_PP_48.png,0.912228,0.028338,0.020632,0.019553,0.019250,anodr
20060407_44529_0200_PP_1212.png,0.908539,0.029752,0.019994,0.019004,0.022712,anodr
20060407_44743_0200_PP_824.png,0.881090,0.060686,0.020945,0.016879,0.020400,anodr
20060407_44766_0200_PP_89.png,0.899972,0.047708,0.017325,0.015591,0.019403,anodr
20060407_44866_0200_PP_293.png,0.910656,0.032577,0.017859,0.019198,0.019711,anodr
20060407_44889_0200_PP_830.png,0.912799,0.028564,0.016998,0.018596,0.023042,anodr
20060407_45107_0200_PP_1345.png,0.891425,0.048400,0.019965,0.017465,0.022745,anodr
20060407_45230_0200_PP_1297.png,0.904007,0.035491,0.019797,0.019682,0.021023,anodr
20060407_45247_0200_PP_1159.png,0.898522,0.036628,0.023299,0.017348,0.024203,anodr
20060407_45718_0200_PP_400.png,0.901407,0.038735,0.020809,0.018563,0.020487,anodr
20060407_45737_0200_PP_1089.png,0.854691,0.071852,0.032658,0.021355,0.019444,anodr
20060407_45834_0200_PP_1219.png,0.905713,0.037603,0.018926,0.017884,0.019873,anodr
20060407_45852_0200_PP_287.png,0.906115,0.037491,0.018678,0.017892,0.019824,anodr
20060407_45949_0200_PP_38.png,0.910788,0.032249,0.016105,0.018090,0.022768,anodr
20060407_46070_0200_PP_1236.png,0.896802,0.047628,0.018850,0.017366,0.019354,anodr
20060407_46235_0200_PP_566.png,0.893848,0.046889,0.019253,0.019234,0.020776,anodr
20060407_46257_0200_PP_827.png,0.903214,0.041844,0.015785,0.017252,0.021905,anodr
20060410_39047_0200_PP_457.png,0.915324,0.025426,0.016281,0.021495,0.021474,anodr
20060410_39075_0200_PP_953.png,0.906323,0.031717,0.018072,0.020398,0.023490,anodr
20060410_39229_0200_PP_1372.png,0.904175,0.034786,0.020630,0.018747,0.021662,anodr
20060410_39476_0200_PP_403.png,0.914729,0.030620,0.017303,0.018948,0.018401,anodr
20060410_39500_0200_PP_73.png,0.915752,0.030925,0.016724,0.017612,0.018987,anodr
20060410_39586_0200_PP_574.png,0.890930,0.053472,0.019059,0.016721,0.019818,anodr
20060410_39606_0200_PP_1148.png,0.903372,0.045241,0.015727,0.018013,0.017647,anodr
20060410_39695_0200_PP_1008.png,0.907367,0.034832,0.017987,0.017570,0.022244,anodr
20060410_39859_0200_PP_296.png,0.887932,0.053907,0.022890,0.018178,0.017094,anodr
20060410_39879_0200_PP_951.png,0.903389,0.044529,0.013988,0.017340,0.020754,anodr
20060410_39994_0200_PP_1378.png,0.904443,0.039516,0.021126,0.016309,0.018607,anodr
20060410_40403_0200_PP_1273.png,0.893395,0.047807,0.024684,0.015984,0.018130,anodr
20060410_40499_0200_PP_15.png,0.908611,0.028517,0.020152,0.019513,0.023207,anodr
20060410_40633_0200_PP_869.png,0.889411,0.050018,0.019881,0.017717,0.022973,anodr
20060410_40846_0200_PP_414.png,0.861056,0.070006,0.030968,0.017976,0.019995,anodr
20060410_40953_0200_PP_1362.png,0.902700,0.041994,0.017429,0.018717,0.019161,anodr
20060410_40979_0200_PP_1017.png,0.753014,0.148495,0.057208,0.020067,0.021216,anodr
20060410_41098_0200_PP_912.png,0.909200,0.036453,0.015281,0.018999,0.020067,anodr
20060410_41191_0200_PP_1364.png,0.888471,0.052108,0.022264,0.019249,0.017907,anodr
20060410_41209_0200_PP_1115.png,0.899436,0.040014,0.024370,0.017163,0.019017,anodr
20060410_41603_0200_PP_64.png,0.915378,0.029990,0.016522,0.019241,0.018869,anodr
20060410_41880_0200_PP_1266.png,0.909695,0.034405,0.016403,0.019103,0.020394,anodr
20060410_41901_0200_PP_1068.png,0.913967,0.028601,0.016513,0.016288,0.024631,anodr
20060410_43847_0200_PP_273.png,0.919366,0.026987,0.016194,0.017407,0.020045,anodr
20060410_43868_0200_PP_874.png,0.915694,0.028128,0.016383,0.019820,0.019975,anodr
20060410_43979_0200_PP_276.png,0.846215,0.080429,0.033247,0.021793,0.018316,anodr
20060410_44345_0200_PP_1011.png,0.917612,0.022243,0.018823,0.018226,0.023096,anodr
20060410_44364_0200_PP_1274.png,0.910801,0.026632,0.018592,0.019560,0.024415,anodr
20060410_44464_0200_PP_1255.png,0.911688,0.028294,0.018940,0.019522,0.021556,anodr
20060410_44504_0200_PP_474.png,0.905796,0.031591,0.020110,0.019039,0.023465,anodr
20060410_44601_0200_PP_1013.png,0.890300,0.047485,0.024551,0.018262,0.019402,anodr
20060410_44770_0200_PP_1320.png,0.099946,0.135721,0.593011,0.015183,0.156138,cmoderatedr
20060410_44802_0200_PP_1069.png,0.501630,0.168353,0.280977,0.019641,0.029399,anodr
20060410_44934_0200_PP_418.png,0.893490,0.045639,0.020951,0.017833,0.022086,anodr
20060410_45167_0200_PP_549.png,0.911596,0.029620,0.018195,0.021334,0.019255,anodr
20060410_45188_0200_PP_544.png,0.916531,0.025622,0.017679,0.019041,0.021128,anodr
20060410_47186_0200_PP_1143.png,0.900191,0.038522,0.020221,0.018793,0.022273,anodr
20060411_58071_0200_PP_1022.png,0.901451,0.035975,0.023091,0.019819,0.019664,anodr
20060411_58392_0200_PP_34.png,0.906135,0.039978,0.018033,0.018880,0.016973,anodr
20060411_58413_0200_PP_358.png,0.916677,0.031706,0.016289,0.017612,0.017716,anodr
20060411_58469_0200_PP_982.png,0.894717,0.033625,0.028873,0.017342,0.025443,anodr
20060411_58494_0200_PP_452.png,0.886683,0.037852,0.031488,0.017784,0.026194,anodr
20060411_58571_0200_PP_148.png,0.917126,0.031017,0.017096,0.015475,0.019287,anodr
20060411_58644_0200_PP_538.png,0.908570,0.037795,0.016560,0.019116,0.017958,anodr
20060411_58808_0200_PP_125.png,0.912894,0.029822,0.016477,0.018472,0.022335,anodr
20060411_58829_0200_PP_1091.png,0.909919,0.032902,0.016504,0.017985,0.022691,anodr
20060411_58891_0200_PP_929.png,0.908346,0.029313,0.020404,0.020186,0.021752,anodr
20060411_58913_0200_PP_1356.png,0.910819,0.028198,0.018448,0.020142,0.022394,anodr
20060411_60511_0200_PP_351.png,0.878304,0.058154,0.025631,0.019122,0.018789,anodr
20060411_61687_0200_PP_431.png,0.914024,0.028091,0.020402,0.017340,0.020144,anodr
20060411_61702_0200_PP_1040.png,0.843547,0.087360,0.031981,0.020568,0.016543,anodr
20060411_61869_0200_PP_955.png,0.915724,0.029393,0.017959,0.018913,0.018011,anodr
20060411_61901_0200_PP_288.png,0.855777,0.075742,0.030080,0.020483,0.017918,anodr
20060411_62036_0200_PP_59.png,0.904033,0.038134,0.016802,0.019625,0.021407,anodr
20060411_62058_0200_PP_948.png,0.901768,0.041797,0.016197,0.017685,0.022553,anodr
20060411_62162_0200_PP_97.png,0.895872,0.050418,0.020421,0.016392,0.016896,anodr
20060412_51835_0200_PP_1331.png,0.903217,0.037226,0.020933,0.019397,0.019228,anodr
20060412_51860_0200_PP_890.png,0.900276,0.042686,0.017046,0.019128,0.020865,anodr
20060412_52098_0200_PP_491.png,0.897458,0.043743,0.019808,0.019086,0.019905,anodr
20060412_52351_0200_PP_944.png,0.915887,0.031470,0.015545,0.018907,0.018191,anodr
20060412_52371_0200_PP_354.png,0.901276,0.042318,0.018006,0.020305,0.018095,anodr
20060412_52425_0200_PP_1292.png,0.900254,0.035804,0.020987,0.019928,0.023027,anodr
20060412_52446_0200_PP_533.png,0.891704,0.043686,0.022998,0.019376,0.022236,anodr
20060412_52606_0200_PP_1046.png,0.897363,0.045115,0.017191,0.019309,0.021022,anodr
20060412_52840_0200_PP_343.png,0.897552,0.041989,0.023502,0.019946,0.017011,anodr
20060412_57874_0200_PP_108.png,0.887346,0.058791,0.019187,0.017990,0.016687,anodr
20060412_57952_0200_PP_388.png,0.910901,0.027467,0.017113,0.022146,0.022374,anodr
20060412_57974_0200_PP_94.png,0.895348,0.041917,0.020369,0.020832,0.021535,anodr
20060412_58032_0200_PP_994.png,0.899969,0.045791,0.017788,0.019709,0.016743,anodr
20060412_58054_0200_PP_825.png,0.897789,0.047027,0.016621,0.019112,0.019451,anodr
20060412_58137_0200_PP_1215.png,0.913245,0.030421,0.018861,0.015667,0.021805,anodr
20060412_58723_0200_PP_1153.png,0.914585,0.027443,0.020107,0.017971,0.019893,anodr
20060412_58802_0200_PP_925.png,0.906145,0.035854,0.018335,0.020675,0.018991,anodr
20060412_58819_0200_PP_942.png,0.906133,0.036330,0.018605,0.018991,0.019941,anodr
20060412_59175_0200_PP_852.png,0.890128,0.052615,0.020230,0.017457,0.019570,anodr
20060412_59196_0200_PP_1021.png,0.886039,0.053877,0.022290,0.020039,0.017754,anodr
20060412_59259_0200_PP_364.png,0.919352,0.024404,0.016691,0.018932,0.020621,anodr
20060412_59338_0200_PP_423.png,0.914322,0.028265,0.017774,0.019655,0.019984,anodr
20060412_59355_0200_PP_977.png,0.914530,0.029701,0.016604,0.019621,0.019545,anodr
20060412_60751_0200_PP_822.png,0.895101,0.047242,0.020423,0.018981,0.018254,anodr
20060412_60773_0200_PP_319.png,0.901846,0.043360,0.017395,0.016943,0.020457,anodr
20060412_61064_0200_PP_1114.png,0.916735,0.028758,0.015897,0.018208,0.020402,anodr
20060412_61365_0200_PP_274.png,0.914768,0.030487,0.017576,0.018893,0.018276,anodr
20060412_61383_0200_PP_334.png,0.907380,0.035295,0.018075,0.018486,0.020764,anodr
20060412_61433_0200_PP_1072.png,0.853156,0.070401,0.029755,0.018941,0.027748,anodr
20060412_61450_0200_PP_1002.png,0.889258,0.046478,0.022481,0.019060,0.022723,anodr
20060412_61525_0200_PP_889.png,0.908704,0.033245,0.017562,0.020432,0.020056,anodr
20060412_61665_0200_PP_1324.png,0.908990,0.033288,0.016584,0.017705,0.023433,anodr
20060412_61790_0200_PP_12.png,0.911708,0.035890,0.017398,0.017229,0.017775,anodr
20060522_43758_0100_PP_988.png,0.915228,0.028724,0.017896,0.018591,0.019560,anodr
20060522_45777_0100_PP_1327.png,0.891323,0.046905,0.024591,0.018772,0.018409,anodr
20060522_45796_0100_PP_1360.png,0.912072,0.029722,0.019041,0.017473,0.021692,anodr
20060522_45853_0100_PP_813.png,0.899228,0.030501,0.016470,0.022163,0.031638,anodr
20060522_45873_0100_PP_1192.png,0.899895,0.027348,0.018897,0.018934,0.034927,anodr
20060522_46104_0100_PP_1302.png,0.887991,0.045592,0.022824,0.020182,0.023411,anodr
20060522_46149_0100_PP_1012.png,0.894915,0.042081,0.020801,0.019088,0.023115,anodr
20060522_46379_0100_PP_1348.png,0.920328,0.024985,0.020313,0.016725,0.017648,anodr
20060522_46400_0100_PP_957.png,0.916802,0.029184,0.018103,0.017701,0.018210,anodr
20060523_42953_0100_PP_409.png,0.912745,0.027956,0.017486,0.019185,0.022628,anodr
20060523_43105_0100_PP_1156.png,0.900270,0.034099,0.022253,0.020642,0.022737,anodr
20060523_43123_0100_PP_123.png,0.909481,0.028088,0.018493,0.020113,0.023826,anodr
20060523_43248_0100_PP_80.png,0.907841,0.029570,0.024682,0.018750,0.019157,anodr
20060523_43333_0100_PP_551.png,0.905797,0.031131,0.022577,0.020248,0.020248,anodr
20060523_43354_0100_PP_1093.png,0.910852,0.030910,0.018775,0.018923,0.020540,anodr
20060523_45300_0100_PP_21.png,0.905674,0.032099,0.023507,0.018944,0.019776,anodr
20060523_45316_0100_PP_1213.png,0.908980,0.031997,0.019388,0.020659,0.018976,anodr
20060523_45449_0100_PP_1269.png,0.904764,0.030331,0.030227,0.016046,0.018632,anodr
20060523_45467_0100_PP_44.png,0.891319,0.047181,0.023157,0.019405,0.018937,anodr
20060523_45524_0100_PP_428.png,0.911377,0.027873,0.020037,0.018750,0.021963,anodr
20060523_45548_0100_PP_1229.png,0.910077,0.030198,0.019794,0.017014,0.022917,anodr
20060523_47987_0100_PP_844.png,0.923972,0.023109,0.017341,0.017563,0.018015,anodr
20060523_48005_0100_PP_877.png,0.919034,0.028121,0.016702,0.016751,0.019393,anodr
20060523_48136_0100_PP_856.png,0.898628,0.034303,0.023924,0.022541,0.020604,anodr
20060523_48161_0100_PP_385.png,0.608976,0.186636,0.165917,0.012664,0.025807,anodr
20060523_48406_0100_PP_1056.png,0.912121,0.025875,0.020270,0.019839,0.021895,anodr
20060523_48591_0100_PP_1317.png,0.910748,0.030861,0.021118,0.017809,0.019464,anodr
20060523_48709_0100_PP_541.png,0.908090,0.036195,0.020279,0.017329,0.018107,anodr
20060523_48728_0100_PP_1375.png,0.918703,0.030783,0.015776,0.016293,0.018444,anodr
20060523_48890_0100_PP_1338.png,0.905237,0.030288,0.022235,0.020136,0.022105,anodr
20060523_48931_0100_PP_16.png,0.869831,0.058969,0.031777,0.022011,0.017412,anodr
20060523_49100_0100_PP_307.png,0.911246,0.035828,0.015756,0.019781,0.017389,anodr
20060523_49120_0100_PP_85.png,0.913622,0.029816,0.018450,0.018814,0.019298,anodr
20060523_49176_0100_PP_366.png,0.925938,0.023180,0.019358,0.015262,0.016262,anodr
20060523_49191_0100_PP_476.png,0.864413,0.055510,0.038634,0.019781,0.021661,anodr
20060523_49515_0100_PP_375.png,0.909937,0.030430,0.019908,0.020221,0.019504,anodr
20060523_49573_0100_PP_919.png,0.906684,0.029880,0.021323,0.020768,0.021344,anodr
20060523_49663_0100_PP_455.png,0.902010,0.040069,0.017129,0.020242,0.020551,anodr
20060523_49681_0100_PP_1363.png,0.845334,0.080331,0.026544,0.026505,0.021287,anodr
20060523_49726_0100_PP_989.png,0.903967,0.035777,0.022953,0.018579,0.018725,anodr
20060523_49745_0100_PP_1108.png,0.909523,0.032936,0.020732,0.017238,0.019571,anodr
20060523_50153_0100_PP_558.png,0.919898,0.022584,0.018360,0.018504,0.020653,anodr
20060523_50325_0100_PP_1051.png,0.905726,0.031992,0.022084,0.019913,0.020286,anodr
20060523_50342_0100_PP_1211.png,0.902172,0.036929,0.022073,0.018060,0.020766,anodr
20060523_50616_0100_PP_136.png,0.921467,0.022381,0.017878,0.017311,0.020963,anodr
20060523_50631_0100_PP_91.png,0.916521,0.025810,0.019876,0.017185,0.020608,anodr
20060529_56013_0100_PP_1065.png,0.916492,0.029303,0.017387,0.018364,0.018454,anodr
20060529_56039_0100_PP_931.png,0.919901,0.023645,0.017709,0.018541,0.020205,anodr
20060529_56420_0100_PP_466.png,0.908316,0.030198,0.020087,0.019488,0.021911,anodr
20060529_56442_0100_PP_75.png,0.909008,0.031456,0.019675,0.019522,0.020339,anodr
20060529_56563_0100_PP_100.png,0.885972,0.042358,0.037018,0.018298,0.016354,anodr
20060529_56592_0100_PP_381.png,0.890752,0.049173,0.023530,0.018076,0.018469,anodr
20060529_56948_0100_PP_857.png,0.910044,0.029196,0.021444,0.016766,0.022550,anodr
20060529_56968_0100_PP_1131.png,0.905631,0.033770,0.021761,0.018235,0.020603,anodr
20060529_57261_0100_PP_1059.png,0.900524,0.037800,0.025076,0.017782,0.018818,anodr
20060529_57287_0100_PP_1172.png,0.915347,0.028560,0.015935,0.019334,0.020824,anodr
20060529_57351_0100_PP_1206.png,0.904800,0.029142,0.021997,0.021826,0.022235,anodr
20060529_57372_0100_PP_532.png,0.525557,0.116529,0.305509,0.019069,0.033336,anodr
20060530_51254_0100_PP_516.png,0.908462,0.031730,0.020367,0.018653,0.020789,anodr
20060530_51279_0100_PP_67.png,0.901453,0.034715,0.022934,0.018276,0.022623,anodr
20060530_53042_0100_PP_469.png,0.916756,0.030094,0.019326,0.015037,0.018787,anodr
20060530_53062_0100_PP_1377.png,0.920234,0.027211,0.017907,0.015512,0.019136,anodr
20060530_53132_0100_PP_899.png,0.893342,0.046384,0.021361,0.020623,0.018289,anodr
20060530_53152_0100_PP_1227.png,0.901315,0.035085,0.022214,0.019623,0.021763,anodr
20060530_53597_0100_PP_565.png,0.911319,0.031245,0.017458,0.020292,0.019686,anodr
20060530_53742_0100_PP_1137.png,0.899034,0.038520,0.027928,0.015913,0.018604,anodr
20060530_53761_0100_PP_1160.png,0.905996,0.034509,0.025327,0.015819,0.018350,anodr
20060530_53816_0100_PP_1135.png,0.913563,0.022871,0.021049,0.020242,0.022275,anodr
20060530_53836_0100_PP_1343.png,0.906771,0.025874,0.022812,0.018618,0.025925,anodr
20060530_53928_0100_PP_353.png,0.916740,0.029282,0.018297,0.018084,0.017596,anodr
20060530_53954_0100_PP_103.png,0.918355,0.028598,0.017524,0.017371,0.018152,anodr
20060530_55180_0100_PP_1124.png,0.915150,0.025533,0.019387,0.019292,0.020637,anodr
20060530_55607_0100_PP_1222.png,0.913099,0.026647,0.023083,0.018350,0.018822,anodr
IM000056_1358.png,0.889517,0.045927,0.027351,0.016630,0.020575,anodr
IM000057_872.png,0.761442,0.043021,0.119832,0.011076,0.064629,anodr
IM000072_1306.png,0.623414,0.185002,0.133708,0.016008,0.041868,anodr
IM000073_70.png,0.687069,0.115411,0.145893,0.011868,0.039759,anodr
IM000080_434.png,0.759509,0.067840,0.099796,0.016311,0.056544,anodr
IM000086_333.png,0.880830,0.046876,0.033591,0.014964,0.023738,anodr
IM000087_331.png,0.857680,0.050932,0.048541,0.014150,0.028696,anodr
IM000100_1007.png,0.890436,0.042004,0.031192,0.014336,0.022032,anodr
IM000101_1070.png,0.727655,0.136522,0.085862,0.016619,0.033342,anodr
IM000107_863.png,0.308971,0.502736,0.107353,0.031982,0.048958,bmilddr
IM000108_991.png,0.842581,0.073605,0.040778,0.014554,0.028482,anodr
IM000114_349.png,0.843243,0.080869,0.037395,0.015057,0.023435,anodr
