file,prob_anodr,prob_bmilddr,prob_cmoderatedr,prob_dseveredr,prob_eproliferativedr,pred,true
../../../data/data_APTOS/test/anodr/002c21358ce6.png,0.940316,0.014974,0.013624,0.015465,0.015621,anodr,anodr
../../../data/data_APTOS/test/anodr/005b95c28852.png,0.939099,0.014293,0.015504,0.014695,0.016408,anodr,anodr
../../../data/data_APTOS/test/anodr/00cc2b75cddd.png,0.936492,0.017200,0.014584,0.016014,0.015710,anodr,anodr
../../../data/data_APTOS/test/anodr/0182152c50de.png,0.939559,0.014420,0.014916,0.015530,0.015576,anodr,anodr
../../../data/data_APTOS/test/anodr/02cd34a85b24.png,0.939470,0.014981,0.014648,0.014655,0.016246,anodr,anodr
../../../data/data_APTOS/test/anodr/03b373718013.png,0.937568,0.015681,0.014737,0.015931,0.016083,anodr,anodr
../../../data/data_APTOS/test/anodr/04aef84a2cc1.png,0.939836,0.014075,0.014847,0.015611,0.015631,anodr,anodr
../../../data/data_APTOS/test/anodr/05b1bb2bdb81.png,0.938878,0.013972,0.013889,0.016653,0.016608,anodr,anodr
../../../data/data_APTOS/test/anodr/07596907347b.png,0.939491,0.015599,0.013841,0.015785,0.015285,anodr,anodr
../../../data/data_APTOS/test/anodr/07751b94a88a.png,0.938631,0.014631,0.015288,0.014817,0.016633,anodr,anodr
../../../data/data_APTOS/test/anodr/0790515cf5af.png,0.936622,0.016639,0.014736,0.015937,0.016066,anodr,anodr
../../../data/data_APTOS/test/anodr/08037e4490e5.png,0.940185,0.013896,0.014422,0.015512,0.015986,anodr,anodr
../../../data/data_APTOS/test/anodr/0851d6a69589.png,0.936363,0.018349,0.014038,0.015221,0.016030,anodr,anodr
../../../data/data_APTOS/test/anodr/08b6e3240858.png,0.938103,0.015554,0.014683,0.016061,0.015599,anodr,anodr
../../../data/data_APTOS/test/anodr/08bef347f40d.png,0.939495,0.014000,0.017135,0.014537,0.014833,anodr,anodr
../../../data/data_APTOS/test/anodr/08ee569d4721.png,0.939576,0.014179,0.015014,0.015605,0.015625,anodr,anodr
../../../data/data_APTOS/test/anodr/09237bf783a4.png,0.940078,0.015425,0.013648,0.014789,0.016061,anodr,anodr
../../../data/data_APTOS/test/anodr/096436d68d06.png,0.938734,0.014640,0.014793,0.015850,0.015983,anodr,anodr
../../../data/data_APTOS/test/anodr/099021fac3c9.png,0.939872,0.015071,0.014933,0.014749,0.015376,anodr,anodr
../../../data/data_APTOS/test/anodr/09c8323c612e.png,0.940787,0.014466,0.014288,0.014792,0.015668,anodr,anodr
../../../data/data_APTOS/test/anodr/0a38b552372d.png,0.938599,0.014937,0.014707,0.015636,0.016121,anodr,anodr
../../../data/data_APTOS/test/anodr/0a85a1e8f9e9.png,0.936928,0.012765,0.017619,0.017225,0.015463,anodr,anodr
../../../data/data_APTOS/test/anodr/0babc12807b2.png,0.013514,0.942788,0.016801,0.011806,0.015092,bmilddr,anodr
../../../data/data_APTOS/test/anodr/0cbcc7b23613.png,0.933751,0.018657,0.016777,0.015405,0.015410,anodr,anodr
../../../data/data_APTOS/test/anodr/0cd31078cd08.png,0.940740,0.013110,0.015322,0.015035,0.015793,anodr,anodr
../../../data/data_APTOS/test/anodr/0ce062f26edc.png,0.942873,0.013500,0.014634,0.014216,0.014778,anodr,anodr
../../../data/data_APTOS/test/anodr/0cecc2864b7f.png,0.940836,0.014247,0.014460,0.014988,0.015469,anodr,anodr
../../../data/data_APTOS/test/anodr/0d9a9896f801.png,0.936607,0.017022,0.015005,0.015675,0.015691,anodr,anodr
../../../data/data_APTOS/test/anodr/0da321efbce6.png,0.938383,0.016836,0.012925,0.015708,0.016148,anodr,anodr
../../../data/data_APTOS/test/anodr/0db1d8dcf219.png,0.938050,0.013264,0.016337,0.015319,0.017030,anodr,anodr
../../../data/data_APTOS/test/anodr/0e3572b5884a.png,0.939126,0.015515,0.013538,0.015888,0.015934,anodr,anodr
../../../data/data_APTOS/test/anodr/0ef4c61dc056.png,0.937698,0.016825,0.014299,0.015745,0.015433,anodr,anodr
../../../data/data_APTOS/test/anodr/0fbbd665431f.png,0.937417,0.015664,0.014708,0.016933,0.015279,anodr,anodr
../../../data/data_APTOS/test/anodr/0fc6829da85b.png,0.939126,0.015123,0.015409,0.015137,0.015205,anodr,anodr
../../../data/data_APTOS/test/anodr/1002b5151b8e.png,0.940132,0.014256,0.014331,0.015358,0.015922,anodr,anodr
../../../data/data_APTOS/test/anodr/103f97a2ab15.png,0.933034,0.016797,0.016657,0.015632,0.017879,anodr,anodr
../../../data/data_APTOS/test/anodr/10a5026eb8e6.png,0.938757,0.015074,0.013866,0.016022,0.016282,anodr,anodr
../../../data/data_APTOS/test/anodr/10de500cf0c5.png,0.940385,0.014175,0.015250,0.015702,0.014488,anodr,anodr
../../../data/data_APTOS/test/anodr/10f10fd30718.png,0.939910,0.014075,0.015372,0.015351,0.015292,anodr,anodr
../../../data/data_APTOS/test/anodr/12058bbb8299.png,0.940300,0.014558,0.014717,0.015210,0.015215,anodr,anodr
../../../data/data_APTOS/test/anodr/12bc439d373a.png,0.939242,0.014349,0.014978,0.015471,0.015961,anodr,anodr
../../../data/data_APTOS/test/anodr/12ef75375322.png,0.941164,0.014448,0.014165,0.015139,0.015084,anodr,anodr
../../../data/data_APTOS/test/anodr/143db89c11c8.png,0.938667,0.014600,0.015082,0.015508,0.016143,anodr,anodr
../../../data/data_APTOS/test/anodr/15b21c80cc31.png,0.939949,0.015723,0.013681,0.015508,0.015139,anodr,anodr
../../../data/data_APTOS/test/anodr/15e24b73d4a7.png,0.936778,0.016195,0.016231,0.015394,0.015402,anodr,anodr
../../../data/data_APTOS/test/anodr/1633f8291a80.png,0.937107,0.016546,0.014532,0.016102,0.015713,anodr,anodr
../../../data/data_APTOS/test/anodr/165634a6167e.png,0.938947,0.014186,0.014542,0.015960,0.016366,anodr,anodr
../../../data/data_APTOS/test/anodr/178412895d5e.png,0.935336,0.014853,0.016858,0.017458,0.015495,anodr,anodr
../../../data/data_APTOS/test/anodr/186c1835eec5.png,0.938274,0.015778,0.014527,0.015719,0.015702,anodr,anodr
../../../data/data_APTOS/test/anodr/18b7e34eab8f.png,0.938823,0.015788,0.013960,0.015770,0.015660,anodr,anodr
../../../data/data_APTOS/test/anodr/18b99159a14f.png,0.939490,0.015618,0.014294,0.014784,0.015813,anodr,anodr
../../../data/data_APTOS/test/anodr/18ce0cdc473d.png,0.936364,0.016716,0.013893,0.016667,0.016359,anodr,anodr
../../../data/data_APTOS/test/anodr/1a0dbc6c0cda.png,0.934771,0.016780,0.017878,0.015531,0.015040,anodr,anodr
../../../data/data_APTOS/test/anodr/1a1e974a7dbf.png,0.938764,0.016868,0.013788,0.015351,0.015228,anodr,anodr
../../../data/data_APTOS/test/anodr/1c47815f4a6b.png,0.935308,0.015484,0.016017,0.016919,0.016272,anodr,anodr
../../../data/data_APTOS/test/anodr/1ca62b3e4fd3.png,0.940443,0.014343,0.014048,0.014992,0.016173,anodr,anodr
../../../data/data_APTOS/test/anodr/1d0b93317aa8.png,0.937735,0.015254,0.015809,0.014962,0.016239,anodr,anodr
../../../data/data_APTOS/test/anodr/1d3e9b939732.png,0.937181,0.016514,0.014690,0.015594,0.016022,anodr,anodr
../../../data/data_APTOS/test/anodr/1d74c4713e21.png,0.941129,0.013406,0.014645,0.015016,0.015803,anodr,anodr
../../../data/data_APTOS/test/anodr/1db0393cdbc1.png,0.941308,0.013527,0.014293,0.014680,0.016192,anodr,anodr
../../../data/data_APTOS/test/anodr/1df1530b9b8d.png,0.938418,0.016054,0.014443,0.015344,0.015740,anodr,anodr
../../../data/data_APTOS/test/anodr/1e742358e0b9.png,0.933105,0.020691,0.011939,0.016448,0.017817,anodr,anodr
../../../data/data_APTOS/test/anodr/1e7ccd4a1c87.png,0.939815,0.013627,0.014791,0.015973,0.015794,anodr,anodr
../../../data/data_APTOS/test/anodr/1ec95179cdfe.png,0.939588,0.013727,0.013536,0.016173,0.016976,anodr,anodr
../../../data/data_APTOS/test/anodr/1f31701dd61b.png,0.939540,0.013922,0.015939,0.015674,0.014925,anodr,anodr
../../../data/data_APTOS/test/anodr/1f5496352859.png,0.941123,0.013680,0.014585,0.015019,0.015593,anodr,anodr
../../../data/data_APTOS/test/anodr/218c822a3dd9.png,0.937088,0.013701,0.016987,0.016520,0.015704,anodr,anodr
../../../data/data_APTOS/test/anodr/224c14366e11.png,0.940652,0.014423,0.014375,0.015484,0.015066,anodr,anodr
../../../data/data_APTOS/test/anodr/226c6ceb9185.png,0.939004,0.014984,0.016182,0.014902,0.014928,anodr,anodr
../../../data/data_APTOS/test/anodr/237aa50edc34.png,0.940201,0.014273,0.014525,0.015352,0.015648,anodr,anodr
../../../data/data_APTOS/test/anodr/248dec89b3a2.png,0.941321,0.013621,0.014018,0.015649,0.015392,anodr,anodr
../../../data/data_APTOS/test/anodr/253e96488cfb.png,0.023948,0.939444,0.008088,0.015166,0.013354,bmilddr,anodr
../../../data/data_APTOS/test/anodr/2682e6da9050.png,0.939923,0.015137,0.013537,0.015550,0.015853,anodr,anodr
../../../data/data_APTOS/test/anodr/27933cdbe0cc.png,0.938260,0.016414,0.014806,0.015105,0.015415,anodr,anodr
../../../data/data_APTOS/test/anodr/283c3aeba594.png,0.940374,0.014491,0.014171,0.015285,0.015678,anodr,anodr
../../../data/data_APTOS/test/anodr/28503940d10b.png,0.938384,0.015669,0.015157,0.015848,0.014942,anodr,anodr
../../../data/data_APTOS/test/anodr/28f73575e1f2.png,0.941151,0.013395,0.014540,0.015333,0.015581,anodr,anodr
../../../data/data_APTOS/test/anodr/2923971566fe.png,0.905757,0.042959,0.014440,0.018132,0.018712,anodr,anodr
../../../data/data_APTOS/test/anodr/2927665214e1.png,0.939397,0.014866,0.015995,0.014643,0.015099,anodr,anodr
../../../data/data_APTOS/test/anodr/29a13e666266.png,0.937229,0.017879,0.013541,0.015819,0.015531,anodr,anodr
../../../data/data_APTOS/test/anodr/2a4520f1f9a3.png,0.939771,0.015035,0.015280,0.015234,0.014681,anodr,anodr
../../../data/data_APTOS/test/anodr/2b4c7b5f1f1e.png,0.932882,0.019762,0.016964,0.016929,0.013463,anodr,anodr
../../../data/data_APTOS/test/anodr/2b5bb6d33959.png,0.939831,0.014698,0.014418,0.015703,0.015351,anodr,anodr
../../../data/data_APTOS/test/anodr/2bb3c492d6d3.png,0.938385,0.014923,0.014736,0.016302,0.015654,anodr,anodr
../../../data/data_APTOS/test/anodr/2c8101f14723.png,0.940088,0.014807,0.014661,0.014767,0.015676,anodr,anodr
../../../data/data_APTOS/test/anodr/2c827005b8f8.png,0.941120,0.014948,0.013256,0.014908,0.015768,anodr,anodr
../../../data/data_APTOS/test/anodr/2cacdb0dffae.png,0.940718,0.015225,0.013639,0.014774,0.015644,anodr,anodr
../../../data/data_APTOS/test/anodr/2cdcc910778d.png,0.938882,0.016274,0.013454,0.015360,0.016030,anodr,anodr
../../../data/data_APTOS/test/anodr/2d04cead4d3a.png,0.939230,0.014266,0.015191,0.014944,0.016369,anodr,anodr
../../../data/data_APTOS/test/anodr/2d07162a13b1.png,0.023659,0.181154,0.777546,0.008235,0.009406,cmoderatedr,anodr
../../../data/data_APTOS/test/anodr/2db0cd3e30da.png,0.941047,0.013190,0.014279,0.015348,0.016136,anodr,anodr
../../../data/data_APTOS/test/anodr/2dc647e00ad3.png,0.940629,0.013159,0.014966,0.014864,0.016383,anodr,anodr
../../../data/data_APTOS/test/anodr/2dd28ac497d2.png,0.938714,0.015995,0.014648,0.015370,0.015273,anodr,anodr
../../../data/data_APTOS/test/anodr/2ef10194e80d.png,0.940100,0.013632,0.016094,0.015036,0.015139,anodr,anodr
../../../data/data_APTOS/test/anodr/2ef4a04aed1b.png,0.942239,0.013662,0.013756,0.015203,0.015139,anodr,anodr
../../../data/data_APTOS/test/anodr/2ef955d6d9ff.png,0.941006,0.014357,0.014918,0.014687,0.015032,anodr,anodr
../../../data/data_APTOS/test/anodr/2f143453bb71.png,0.939942,0.015136,0.013382,0.015362,0.016178,anodr,anodr
../../../data/data_APTOS/test/anodr/2f7fbdcc9a4b.png,0.940763,0.013756,0.014714,0.015012,0.015756,anodr,anodr
../../../data/data_APTOS/test/anodr/2fefb720869a.png,0.935574,0.018330,0.015052,0.015117,0.015927,anodr,anodr
../../../data/data_APTOS/test/anodr/3286073a976e.png,0.938850,0.015585,0.014611,0.016114,0.014841,anodr,anodr
../../../data/data_APTOS/test/anodr/331121c65e88.png,0.941012,0.014263,0.014291,0.014815,0.015620,anodr,anodr
../../../data/data_APTOS/test/anodr/33b91def2035.png,0.940440,0.015380,0.013799,0.015489,0.014892,anodr,anodr
../../../data/data_APTOS/test/anodr/33b978734eab.png,0.939081,0.015335,0.015113,0.014297,0.016174,anodr,anodr
../../../data/data_APTOS/test/anodr/345b1f0abbba.png,0.940412,0.013624,0.015019,0.014751,0.016194,anodr,anodr
../../../data/data_APTOS/test/anodr/348598d01e18.png,0.937414,0.015327,0.016272,0.015073,0.015914,anodr,anodr
../../../data/data_APTOS/test/anodr/35362d43e753.png,0.939362,0.015577,0.014043,0.015261,0.015757,anodr,anodr
../../../data/data_APTOS/test/anodr/35ac70c0d08f.png,0.937614,0.016268,0.014549,0.015823,0.015746,anodr,anodr
../../../data/data_APTOS/test/anodr/35df2bc6ae95.png,0.937920,0.016013,0.014820,0.015160,0.016087,anodr,anodr
../../../data/data_APTOS/test/anodr/360832d84ce0.png,0.934491,0.016638,0.018779,0.015459,0.014633,anodr,anodr
../../../data/data_APTOS/test/anodr/37c523296d42.png,0.939112,0.014722,0.015919,0.014787,0.015460,anodr,anodr
../../../data/data_APTOS/test/anodr/387138ddf43d.png,0.939859,0.014824,0.013329,0.017014,0.014974,anodr,anodr
../../../data/data_APTOS/test/anodr/389552047476.png,0.937075,0.015597,0.015658,0.016094,0.015576,anodr,anodr
../../../data/data_APTOS/test/anodr/393fa5a023a5.png,0.936374,0.017408,0.014855,0.016229,0.015134,anodr,anodr
../../../data/data_APTOS/test/anodr/3a4cfea0a766.png,0.941074,0.014208,0.015560,0.014463,0.014696,anodr,anodr
../../../data/data_APTOS/test/anodr/3b2b91590590.png,0.940230,0.015218,0.013858,0.014931,0.015762,anodr,anodr
../../../data/data_APTOS/test/anodr/3bf2deaa5ef0.png,0.938811,0.016078,0.013816,0.015217,0.016079,anodr,anodr
../../../data/data_APTOS/test/anodr/3bf3085ac167.png,0.940347,0.014588,0.014324,0.015280,0.015460,anodr,anodr
../../../data/data_APTOS/test/anodr/3c42512c81e0.png,0.940166,0.014778,0.014127,0.015219,0.015709,anodr,anodr
../../../data/data_APTOS/test/anodr/3ce2f8a77a32.png,0.938874,0.016116,0.015074,0.014696,0.015239,anodr,anodr
../../../data/data_APTOS/test/anodr/3f0d3629d69e.png,0.939124,0.015737,0.014232,0.015396,0.015510,anodr,anodr
../../../data/data_APTOS/test/anodr/3f44d749cd0b.png,0.931083,0.023024,0.015631,0.015384,0.014877,anodr,anodr
../../../data/data_APTOS/test/anodr/3f6c627e2ff2.png,0.937961,0.014692,0.015901,0.015844,0.015602,anodr,anodr
../../../data/data_APTOS/test/anodr/3fd45879afe6.png,0.941090,0.014056,0.014256,0.015059,0.015539,anodr,anodr
../../../data/data_APTOS/test/anodr/401fdfd0db07.png,0.940608,0.014573,0.014685,0.014756,0.015377,anodr,anodr
../../../data/data_APTOS/test/anodr/41345cec5957.png,0.939438,0.014159,0.015203,0.014773,0.016426,anodr,anodr
../../../data/data_APTOS/test/anodr/415d5c5e785f.png,0.939152,0.015656,0.013597,0.015460,0.016135,anodr,anodr
../../../data/data_APTOS/test/anodr/41ab357d103f.png,0.941326,0.014469,0.013527,0.014811,0.015868,anodr,anodr
../../../data/data_APTOS/test/anodr/4276b82e4489.png,0.936387,0.016772,0.015167,0.016180,0.015494,anodr,anodr
../../../data/data_APTOS/test/anodr/42b9c1977681.png,0.939996,0.014579,0.014635,0.015409,0.015381,anodr,anodr
../../../data/data_APTOS/test/anodr/42c65af5ab16.png,0.940850,0.013486,0.015222,0.014921,0.015520,anodr,anodr
../../../data/data_APTOS/test/anodr/436e7a7af761.png,0.934680,0.019575,0.014238,0.016022,0.015485,anodr,anodr
../../../data/data_APTOS/test/anodr/43823561c3f0.png,0.942534,0.013328,0.015177,0.014023,0.014940,anodr,anodr
../../../data/data_APTOS/test/anodr/43bc7c066dfb.png,0.940847,0.014678,0.014161,0.015500,0.014814,anodr,anodr
../../../data/data_APTOS/test/anodr/445a8a6da55c.png,0.937892,0.015739,0.017210,0.014022,0.015138,anodr,anodr
../../../data/data_APTOS/test/anodr/44a4d04162cc.png,0.939542,0.015274,0.014446,0.014772,0.015966,anodr,anodr
../../../data/data_APTOS/test/anodr/44a86263117b.png,0.939844,0.014919,0.014383,0.015608,0.015245,anodr,anodr
../../../data/data_APTOS/test/anodr/4554062fa836.png,0.939950,0.014563,0.014415,0.015227,0.015845,anodr,anodr
../../../data/data_APTOS/test/anodr/475300735b7f.png,0.939692,0.014984,0.014329,0.015255,0.015740,anodr,anodr
../../../data/data_APTOS/test/anodr/478fc46eaa49.png,0.937810,0.016986,0.013767,0.016151,0.015286,anodr,anodr
../../../data/data_APTOS/test/anodr/4826d10030b3.png,0.940103,0.015145,0.014446,0.014880,0.015426,anodr,anodr
../../../data/data_APTOS/test/anodr/4a05f81b3aba.png,0.940726,0.014796,0.013830,0.016033,0.014615,anodr,anodr
../../../data/data_APTOS/test/anodr/4a4cb731f91a.png,0.937722,0.014078,0.018204,0.015591,0.014404,anodr,anodr
../../../data/data_APTOS/test/anodr/4a589edaea60.png,0.938071,0.013964,0.018586,0.015314,0.014065,anodr,anodr
../../../data/data_APTOS/test/anodr/4ad8d3ec8789.png,0.940414,0.015516,0.015424,0.014469,0.014176,anodr,anodr
../../../data/data_APTOS/test/anodr/4d1e7def7624.png,0.937610,0.015491,0.017437,0.013831,0.015631,anodr,anodr
../../../data/data_APTOS/test/anodr/4dd4a4bf2421.png,0.941651,0.014002,0.013873,0.015172,0.015302,anodr,anodr
../../../data/data_APTOS/test/anodr/4e1e252317b5.png,0.938048,0.017509,0.014320,0.015460,0.014663,anodr,anodr
../../../data/data_APTOS/test/anodr/4fd5ec0dca09.png,0.936792,0.017487,0.013216,0.016701,0.015803,anodr,anodr
../../../data/data_APTOS/test/anodr/500aad15b7c8.png,0.938024,0.016436,0.014174,0.014487,0.016879,anodr,anodr
../../../data/data_APTOS/test/anodr/501c319f7a9f.png,0.939932,0.014443,0.014805,0.015285,0.015536,anodr,anodr
../../../data/data_APTOS/test/anodr/504a69096fcb.png,0.938143,0.015918,0.014477,0.015330,0.016132,anodr,anodr
../../../data/data_APTOS/test/anodr/5069feccd866.png,0.939966,0.015308,0.015174,0.015012,0.014540,anodr,anodr
../../../data/data_APTOS/test/anodr/50915e2329a1.png,0.940097,0.015123,0.013839,0.016072,0.014870,anodr,anodr
../../../data/data_APTOS/test/anodr/50916d67bb51.png,0.938844,0.015080,0.014580,0.015978,0.015518,anodr,anodr
../../../data/data_APTOS/test/anodr/50d8249f7bc9.png,0.942056,0.013254,0.014201,0.015037,0.015452,anodr,anodr
../../../data/data_APTOS/test/anodr/50ddd7d976df.png,0.938653,0.014425,0.014836,0.015736,0.016350,anodr,anodr
../../../data/data_APTOS/test/anodr/521b5377a727.png,0.941084,0.014025,0.014175,0.014968,0.015748,anodr,anodr
../../../data/data_APTOS/test/anodr/5257cb536da2.png,0.940842,0.015011,0.014987,0.014229,0.014931,anodr,anodr
../../../data/data_APTOS/test/anodr/5299a532f0e0.png,0.938628,0.015334,0.015351,0.015964,0.014724,anodr,anodr
../../../data/data_APTOS/test/anodr/52edbe29d655.png,0.939038,0.014393,0.016171,0.015303,0.015096,anodr,anodr
../../../data/data_APTOS/test/anodr/5321ab64f9ea.png,0.940181,0.015151,0.014388,0.015302,0.014978,anodr,anodr
../../../data/data_APTOS/test/anodr/53c874dbc594.png,0.934913,0.019584,0.016345,0.014080,0.015078,anodr,anodr
../../../data/data_APTOS/test/anodr/54038e56131d.png,0.939357,0.015324,0.014062,0.015262,0.015996,anodr,anodr
../../../data/data_APTOS/test/anodr/54f57cf26126.png,0.938915,0.015713,0.014598,0.015593,0.015182,anodr,anodr
../../../data/data_APTOS/test/anodr/5511f114e7ee.png,0.938523,0.015267,0.014673,0.015862,0.015675,anodr,anodr
../../../data/data_APTOS/test/anodr/555d0bef3c5b.png,0.941107,0.014181,0.013996,0.015341,0.015375,anodr,anodr
../../../data/data_APTOS/test/anodr/55f7f018c61c.png,0.939590,0.015197,0.013755,0.015545,0.015913,anodr,anodr
../../../data/data_APTOS/test/anodr/568455854a11.png,0.939623,0.014643,0.014025,0.015858,0.015852,anodr,anodr
../../../data/data_APTOS/test/anodr/586f5c56081e.png,0.939473,0.015841,0.014337,0.014774,0.015575,anodr,anodr
../../../data/data_APTOS/test/anodr/58a9e0d7f7af.png,0.938710,0.016334,0.013756,0.015339,0.015861,anodr,anodr
../../../data/data_APTOS/test/anodr/58eb3809f456.png,0.940027,0.014551,0.015396,0.014545,0.015482,anodr,anodr
../../../data/data_APTOS/test/anodr/58f07741ee3b.png,0.940179,0.015847,0.013970,0.014445,0.015559,anodr,anodr
../../../data/data_APTOS/test/anodr/59928f999ae7.png,0.939823,0.014784,0.014867,0.015147,0.015380,anodr,anodr
../../../data/data_APTOS/test/anodr/5995321563b7.png,0.940712,0.014323,0.014536,0.015260,0.015168,anodr,anodr
../../../data/data_APTOS/test/anodr/59bd19c1c5bb.png,0.941107,0.013666,0.014335,0.015240,0.015652,anodr,anodr
../../../data/data_APTOS/test/anodr/5a27b9b2a9c1.png,0.939400,0.014990,0.013947,0.015855,0.015808,anodr,anodr
../../../data/data_APTOS/test/anodr/5b1c4cefeb24.png,0.937438,0.017426,0.013966,0.015786,0.015383,anodr,anodr
../../../data/data_APTOS/test/anodr/5b994ff78547.png,0.939027,0.015350,0.014110,0.016284,0.015229,anodr,anodr
../../../data/data_APTOS/test/anodr/5ba156a35ff2.png,0.941682,0.014139,0.014590,0.014306,0.015282,anodr,anodr
../../../data/data_APTOS/test/anodr/5baed382f062.png,0.936306,0.014669,0.015895,0.015561,0.017568,anodr,anodr
../../../data/data_APTOS/test/anodr/5c85d22bd0de.png,0.930415,0.023259,0.014444,0.016342,0.015541,anodr,anodr
../../../data/data_APTOS/test/anodr/5ca73d28f17f.png,0.941249,0.014638,0.014717,0.014825,0.014571,anodr,anodr
../../../data/data_APTOS/test/anodr/5cbe88914a72.png,0.939284,0.015197,0.014891,0.014802,0.015825,anodr,anodr
../../../data/data_APTOS/test/anodr/5d4e5fd34d91.png,0.937874,0.017121,0.015766,0.013435,0.015804,anodr,anodr
../../../data/data_APTOS/test/anodr/5de4615a5161.png,0.937835,0.015197,0.014784,0.015680,0.016503,anodr,anodr
../../../data/data_APTOS/test/anodr/5e505e25cd3e.png,0.940501,0.015311,0.014322,0.014649,0.015217,anodr,anodr
../../../data/data_APTOS/test/anodr/5e97cb2b0888.png,0.940687,0.014939,0.013745,0.015524,0.015104,anodr,anodr
../../../data/data_APTOS/test/anodr/5f6db235c04d.png,0.938092,0.015551,0.014750,0.016224,0.015383,anodr,anodr
../../../data/data_APTOS/test/anodr/609be3ca5ddf.png,0.940708,0.015065,0.013713,0.015284,0.015230,anodr,anodr
../../../data/data_APTOS/test/anodr/60aa4e649abf.png,0.938676,0.015405,0.014504,0.015645,0.015770,anodr,anodr
../../../data/data_APTOS/test/anodr/6180920bc224.png,0.889699,0.060788,0.015066,0.016675,0.017772,anodr,anodr
../../../data/data_APTOS/test/anodr/61a62b1dcc36.png,0.938662,0.015972,0.014523,0.015005,0.015838,anodr,anodr
../../../data/data_APTOS/test/anodr/61da799bf0aa.png,0.936124,0.016944,0.014677,0.015943,0.016312,anodr,anodr
../../../data/data_APTOS/test/anodr/628b581aa905.png,0.937373,0.016231,0.015343,0.015568,0.015485,anodr,anodr
../../../data/data_APTOS/test/anodr/6294b378d09f.png,0.939068,0.016375,0.017366,0.013904,0.013286,anodr,anodr
../../../data/data_APTOS/test/anodr/633fe9dbaf39.png,0.939456,0.013962,0.015226,0.015381,0.015974,anodr,anodr
../../../data/data_APTOS/test/anodr/63b71347e95d.png,0.939510,0.015398,0.014576,0.015271,0.015245,anodr,anodr
../../../data/data_APTOS/test/anodr/63e041a757eb.png,0.939419,0.013914,0.014403,0.016143,0.016121,anodr,anodr
../../../data/data_APTOS/test/anodr/6504b703c429.png,0.937643,0.016400,0.015085,0.016294,0.014578,anodr,anodr
../../../data/data_APTOS/test/anodr/65a3b13ad9a0.png,0.013814,0.931257,0.016901,0.021268,0.016760,bmilddr,anodr
../../../data/data_APTOS/test/anodr/65a7fe9482fe.png,0.940081,0.014708,0.014883,0.014544,0.015785,anodr,anodr
../../../data/data_APTOS/test/anodr/65dda202653d.png,0.934386,0.019029,0.013655,0.015434,0.017497,anodr,anodr
../../../data/data_APTOS/test/anodr/66393d8c60ba.png,0.937621,0.016358,0.014286,0.015474,0.016262,anodr,anodr
../../../data/data_APTOS/test/anodr/66b88a4bc474.png,0.941127,0.013783,0.014708,0.014848,0.015534,anodr,anodr
../../../data/data_APTOS/test/anodr/68ddb15a74de.png,0.939310,0.014783,0.014556,0.015388,0.015964,anodr,anodr
../../../data/data_APTOS/test/anodr/69b3a00927fc.png,0.937546,0.017997,0.014361,0.015354,0.014743,anodr,anodr
../../../data/data_APTOS/test/anodr/69c4cbb630de.png,0.939842,0.014481,0.014476,0.015870,0.015331,anodr,anodr
../../../data/data_APTOS/test/anodr/6a2642131e4a.png,0.940992,0.014726,0.014500,0.014730,0.015051,anodr,anodr
../../../data/data_APTOS/test/anodr/6a57a3db3eff.png,0.939580,0.013762,0.014579,0.015258,0.016820,anodr,anodr
../../../data/data_APTOS/test/anodr/6a905a7202d2.png,0.938922,0.016867,0.013719,0.015574,0.014918,anodr,anodr
../../../data/data_APTOS/test/anodr/6b30767595d8.png,0.943386,0.013190,0.014374,0.014128,0.014921,anodr,anodr
../../../data/data_APTOS/test/anodr/6b66b0e86f7e.png,0.940045,0.015028,0.013550,0.015538,0.015839,anodr,anodr
../../../data/data_APTOS/test/anodr/6bf2a81a5d91.png,0.941025,0.014310,0.013973,0.015454,0.015237,anodr,anodr
../../../data/data_APTOS/test/anodr/6c6505a0c637.png,0.939298,0.014343,0.016219,0.014022,0.016117,anodr,anodr
../../../data/data_APTOS/test/anodr/6d4f6c9a8406.png,0.936753,0.015362,0.015715,0.016465,0.015704,anodr,anodr
../../../data/data_APTOS/test/anodr/6d5a8362dd1e.png,0.938480,0.014687,0.015248,0.015162,0.016423,anodr,anodr
../../../data/data_APTOS/test/anodr/6d9effbcde78.png,0.941591,0.014316,0.013576,0.014881,0.015636,anodr,anodr
../../../data/data_APTOS/test/anodr/6dc0281f11e3.png,0.939083,0.015264,0.016459,0.015030,0.014164,anodr,anodr
../../../data/data_APTOS/test/anodr/6df8b7b6e837.png,0.934834,0.018773,0.015153,0.015818,0.015421,anodr,anodr
../../../data/data_APTOS/test/anodr/6e0f78e188ff.png,0.941216,0.013512,0.014149,0.014856,0.016268,anodr,anodr
../../../data/data_APTOS/test/anodr/6e1db8711879.png,0.940096,0.015519,0.014211,0.014636,0.015537,anodr,anodr
../../../data/data_APTOS/test/anodr/6fbaaf8eb67a.png,0.937380,0.016761,0.013352,0.017384,0.015123,anodr,anodr
../../../data/data_APTOS/test/anodr/7131bf4c9e6f.png,0.939393,0.017935,0.014445,0.014339,0.013889,anodr,anodr
../../../data/data_APTOS/test/anodr/726dff37edc0.png,0.939785,0.016191,0.014172,0.015055,0.014798,anodr,anodr
../../../data/data_APTOS/test/anodr/735836b1ffa6.png,0.010228,0.847497,0.112323,0.012377,0.017575,bmilddr,anodr
../../../data/data_APTOS/test/anodr/737ef6226677.png,0.936686,0.017593,0.014040,0.016086,0.015594,anodr,anodr
../../../data/data_APTOS/test/anodr/73d40ce06a67.png,0.937920,0.015561,0.015161,0.015625,0.015733,anodr,anodr
../../../data/data_APTOS/test/anodr/73ef3c3dcbe4.png,0.937846,0.014884,0.016277,0.015749,0.015244,anodr,anodr
../../../data/data_APTOS/test/anodr/74211a2b6dcf.png,0.940635,0.013456,0.015070,0.014676,0.016163,anodr,anodr
../../../data/data_APTOS/test/anodr/74898f372d2b.png,0.940333,0.013219,0.014635,0.015205,0.016608,anodr,anodr
../../../data/data_APTOS/test/anodr/757e39293591.png,0.939189,0.014912,0.015404,0.014667,0.015828,anodr,anodr
../../../data/data_APTOS/test/anodr/75a071608ea6.png,0.939024,0.015841,0.014422,0.015286,0.015428,anodr,anodr
../../../data/data_APTOS/test/anodr/76516f828d88.png,0.939679,0.014391,0.014816,0.015581,0.015533,anodr,anodr
../../../data/data_APTOS/test/anodr/76bc31e0d3be.png,0.939321,0.014739,0.014266,0.015854,0.015820,anodr,anodr
../../../data/data_APTOS/test/anodr/76cab26493f1.png,0.942085,0.013375,0.014227,0.014413,0.015899,anodr,anodr
../../../data/data_APTOS/test/anodr/76cb010f7aa0.png,0.939446,0.015015,0.014216,0.014961,0.016362,anodr,anodr
../../../data/data_APTOS/test/anodr/780f9c237c56.png,0.938450,0.017511,0.013541,0.015496,0.015002,anodr,anodr
../../../data/data_APTOS/test/anodr/7831ce1d895e.png,0.942975,0.014059,0.013877,0.014044,0.015044,anodr,anodr
../../../data/data_APTOS/test/anodr/789f0ec1eab8.png,0.936250,0.018446,0.013270,0.015809,0.016225,anodr,anodr
../../../data/data_APTOS/test/anodr/79ade634c633.png,0.939759,0.014490,0.015977,0.014406,0.015368,anodr,anodr
../../../data/data_APTOS/test/anodr/7a06ea127e02.png,0.937231,0.015985,0.015387,0.015687,0.015710,anodr,anodr
../../../data/data_APTOS/test/anodr/7a12f49e29df.png,0.937144,0.016227,0.014234,0.016016,0.016379,anodr,anodr
../../../data/data_APTOS/test/anodr/7a9f45fdf29b.png,0.940335,0.015025,0.013755,0.015192,0.015694,anodr,anodr
../../../data/data_APTOS/test/anodr/7aabd768abff.png,0.935887,0.017739,0.013062,0.015503,0.017809,anodr,anodr
../../../data/data_APTOS/test/anodr/7ad0c4975890.png,0.543693,0.372210,0.017155,0.021315,0.045628,anodr,anodr
../../../data/data_APTOS/test/anodr/7af4d8704032.png,0.940132,0.015137,0.013680,0.015497,0.015554,anodr,anodr
../../../data/data_APTOS/test/anodr/7b691d9ced34.png,0.937486,0.016177,0.013810,0.015532,0.016995,anodr,anodr
../../../data/data_APTOS/test/anodr/7b9d519cbd66.png,0.939018,0.014526,0.014503,0.015263,0.016690,anodr,anodr
../../../data/data_APTOS/test/anodr/7ba6b23c4b46.png,0.942051,0.013093,0.015456,0.013956,0.015443,anodr,anodr
../../../data/data_APTOS/test/anodr/7bc00e58d419.png,0.940553,0.014030,0.014166,0.015009,0.016243,anodr,anodr
../../../data/data_APTOS/test/anodr/7da558d92100.png,0.940908,0.013650,0.014899,0.015665,0.014878,anodr,anodr
../../../data/data_APTOS/test/anodr/7ec0e61a7e29.png,0.937732,0.017701,0.014574,0.014932,0.015060,anodr,anodr
../../../data/data_APTOS/test/anodr/7f1f3269f546.png,0.939374,0.014465,0.014831,0.015491,0.015839,anodr,anodr
../../../data/data_APTOS/test/anodr/7fc3a8bb40de.png,0.939893,0.014646,0.014570,0.015321,0.015570,anodr,anodr
../../../data/data_APTOS/test/anodr/7fe7309d0b4f.png,0.937236,0.016462,0.015239,0.015597,0.015466,anodr,anodr
../../../data/data_APTOS/test/anodr/810ed108f5b7.png,0.939462,0.015166,0.014658,0.015566,0.015148,anodr,anodr
../../../data/data_APTOS/test/anodr/81914ceb4e74.png,0.939667,0.014612,0.015221,0.014521,0.015979,anodr,anodr
../../../data/data_APTOS/test/anodr/8329e80c10ac.png,0.938527,0.015589,0.014541,0.015279,0.016065,anodr,anodr
../../../data/data_APTOS/test/anodr/837acf120946.png,0.941100,0.014043,0.014467,0.014574,0.015815,anodr,anodr
../../../data/data_APTOS/test/anodr/83a63c4a3e4a.png,0.939211,0.015664,0.014570,0.015372,0.015182,anodr,anodr
../../../data/data_APTOS/test/anodr/83d81ba5959c.png,0.939637,0.013778,0.015356,0.016062,0.015167,anodr,anodr
../../../data/data_APTOS/test/anodr/83fda7c0500b.png,0.940571,0.014135,0.013894,0.015383,0.016018,anodr,anodr
../../../data/data_APTOS/test/anodr/840a06a9c690.png,0.940054,0.013734,0.015327,0.015012,0.015872,anodr,anodr
../../../data/data_APTOS/test/anodr/847b04287c9c.png,0.941111,0.015820,0.015047,0.012603,0.015419,anodr,anodr
../../../data/data_APTOS/test/anodr/84b88e8d3bca.png,0.940804,0.014067,0.014230,0.016083,0.014816,anodr,anodr
../../../data/data_APTOS/test/anodr/851e40a21f81.png,0.938738,0.015544,0.014392,0.015093,0.016233,anodr,anodr
../../../data/data_APTOS/test/anodr/8650d32f4a9e.png,0.938443,0.015182,0.014793,0.015698,0.015885,anodr,anodr
../../../data/data_APTOS/test/anodr/8693ab1fd2be.png,0.940654,0.014943,0.013386,0.015977,0.015039,anodr,anodr
../../../data/data_APTOS/test/anodr/875d2ffcbf47.png,0.940469,0.014849,0.013900,0.015234,0.015549,anodr,anodr
../../../data/data_APTOS/test/anodr/876deb29f000.png,0.936024,0.017763,0.014529,0.016288,0.015396,anodr,anodr
../../../data/data_APTOS/test/anodr/87b671c6d4c5.png,0.939543,0.015108,0.013934,0.015604,0.015811,anodr,anodr
../../../data/data_APTOS/test/anodr/883c6a184f16.png,0.938071,0.016809,0.015087,0.015794,0.014239,anodr,anodr
../../../data/data_APTOS/test/anodr/883ddb650967.png,0.937258,0.016550,0.015087,0.015433,0.015671,anodr,anodr
../../../data/data_APTOS/test/anodr/88e5051f65bd.png,0.940421,0.015103,0.014280,0.015042,0.015153,anodr,anodr
../../../data/data_APTOS/test/anodr/8af50c9d0a86.png,0.941033,0.014360,0.013817,0.014933,0.015857,anodr,anodr
../../../data/data_APTOS/test/anodr/8b079e79035f.png,0.940107,0.014854,0.016868,0.013748,0.014422,anodr,anodr
../../../data/data_APTOS/test/anodr/8bf2d925dc0c.png,0.938859,0.015298,0.014310,0.015946,0.015587,anodr,anodr
../../../data/data_APTOS/test/anodr/8c4ceddeb1c6.png,0.940060,0.014733,0.014729,0.015376,0.015104,anodr,anodr
../../../data/data_APTOS/test/anodr/8d13c46e7d75.png,0.925723,0.024657,0.020660,0.015658,0.013301,anodr,anodr
../../../data/data_APTOS/test/anodr/8d4ff745a409.png,0.938600,0.014892,0.015301,0.015854,0.015352,anodr,anodr
../../../data/data_APTOS/test/anodr/8e6df9eedcd8.png,0.941222,0.013616,0.014059,0.015030,0.016074,anodr,anodr
../../../data/data_APTOS/test/anodr/8e76054f0831.png,0.940151,0.015741,0.013439,0.015126,0.015543,anodr,anodr
../../../data/data_APTOS/test/anodr/8f06ca4642bd.png,0.941016,0.014421,0.013644,0.015473,0.015446,anodr,anodr
../../../data/data_APTOS/test/anodr/8f14bca04b47.png,0.940325,0.014329,0.015050,0.015461,0.014835,anodr,anodr
../../../data/data_APTOS/test/anodr/8fbb2ca39911.png,0.938182,0.013023,0.019113,0.014438,0.015244,anodr,anodr
../../../data/data_APTOS/test/anodr/90a9a41eec6d.png,0.940116,0.015374,0.013994,0.015341,0.015175,anodr,anodr
../../../data/data_APTOS/test/anodr/90bde2ff8953.png,0.939190,0.014702,0.015465,0.015301,0.015341,anodr,anodr
../../../data/data_APTOS/test/anodr/912fbe06407e.png,0.939660,0.015631,0.014159,0.015859,0.014691,anodr,anodr
../../../data/data_APTOS/test/anodr/916915f01e17.png,0.938222,0.015469,0.014360,0.015911,0.016038,anodr,anodr
../../../data/data_APTOS/test/anodr/91b7a4179ecf.png,0.941365,0.013444,0.013889,0.015480,0.015822,anodr,anodr
../../../data/data_APTOS/test/anodr/9274e75dc4d5.png,0.935748,0.018195,0.014275,0.015876,0.015906,anodr,anodr
../../../data/data_APTOS/test/anodr/92e3d608fd3c.png,0.939934,0.015715,0.013645,0.015230,0.015476,anodr,anodr
../../../data/data_APTOS/test/anodr/92fcf50b3562.png,0.939604,0.015576,0.014137,0.015091,0.015592,anodr,anodr
../../../data/data_APTOS/test/anodr/93802d1e3c41.png,0.939710,0.015629,0.013719,0.014995,0.015948,anodr,anodr
../../../data/data_APTOS/test/anodr/94076a9fb9b5.png,0.939768,0.014826,0.014845,0.015306,0.015255,anodr,anodr
../../../data/data_APTOS/test/anodr/946545473380.png,0.935948,0.017386,0.016513,0.015092,0.015061,anodr,anodr
../../../data/data_APTOS/test/anodr/949710bead24.png,0.940199,0.013475,0.017013,0.015153,0.014160,anodr,anodr
../../../data/data_APTOS/test/anodr/94b9ccc73bb9.png,0.940584,0.014841,0.014087,0.015439,0.015048,anodr,anodr
../../../data/data_APTOS/test/anodr/94f9ecf4b8d2.png,0.939941,0.014844,0.013465,0.015252,0.016498,anodr,anodr
../../../data/data_APTOS/test/anodr/96793edb1003.png,0.934460,0.014708,0.017675,0.016291,0.016866,anodr,anodr
../../../data/data_APTOS/test/anodr/96ea316ed0ab.png,0.939162,0.014984,0.014030,0.015908,0.015915,anodr,anodr
../../../data/data_APTOS/test/anodr/973b0facfa9b.png,0.940585,0.014757,0.014196,0.014720,0.015742,anodr,anodr
../../../data/data_APTOS/test/anodr/97fdee242fea.png,0.940509,0.015753,0.013471,0.015492,0.014776,anodr,anodr
../../../data/data_APTOS/test/anodr/983c98354e9c.png,0.931990,0.022349,0.014355,0.016057,0.015249,anodr,anodr
../../../data/data_APTOS/test/anodr/98441214557f.png,0.938225,0.015708,0.014523,0.015257,0.016288,anodr,anodr
../../../data/data_APTOS/test/anodr/98d41bce73a8.png,0.939143,0.016120,0.014033,0.015448,0.015256,anodr,anodr
../../../data/data_APTOS/test/anodr/99c626e58464.png,0.940898,0.014240,0.014699,0.014187,0.015976,anodr,anodr
../../../data/data_APTOS/test/anodr/9a1029536d78.png,0.939788,0.016615,0.013685,0.014638,0.015273,anodr,anodr
../../../data/data_APTOS/test/anodr/9ab18a4a957f.png,0.939850,0.015064,0.014552,0.015198,0.015335,anodr,anodr
../../../data/data_APTOS/test/anodr/9be71d6d7e59.png,0.937422,0.016270,0.015912,0.014758,0.015638,anodr,anodr
../../../data/data_APTOS/test/anodr/9c514d2d5b3f.png,0.938862,0.016258,0.014175,0.014739,0.015966,anodr,anodr
../../../data/data_APTOS/test/anodr/9ce46d400cd6.png,0.938340,0.014635,0.015144,0.015920,0.015962,anodr,anodr
../../../data/data_APTOS/test/anodr/9de9421f17e3.png,0.938684,0.015087,0.014543,0.015684,0.016002,anodr,anodr
../../../data/data_APTOS/test/anodr/9e2058917304.png,0.938686,0.015404,0.016135,0.014677,0.015099,anodr,anodr
../../../data/data_APTOS/test/anodr/9e5737f771c3.png,0.940753,0.015264,0.014346,0.013965,0.015672,anodr,anodr
../../../data/data_APTOS/test/anodr/9e99ae6ee7af.png,0.938992,0.014727,0.014989,0.015573,0.015719,anodr,anodr
../../../data/data_APTOS/test/anodr/9f1b14dfa14c.png,0.937585,0.015282,0.017967,0.013013,0.016152,anodr,anodr
../../../data/data_APTOS/test/anodr/a06b353e7bed.png,0.939456,0.015996,0.014718,0.014774,0.015056,anodr,anodr
../../../data/data_APTOS/test/anodr/a0fd94e2ad76.png,0.939806,0.015082,0.013833,0.015539,0.015740,anodr,anodr
../../../data/data_APTOS/test/anodr/a11c62cb3f86.png,0.940260,0.013848,0.014542,0.015569,0.015780,anodr,anodr
../../../data/data_APTOS/test/anodr/a12ca80bb8c7.png,0.940341,0.015128,0.014676,0.014743,0.015112,anodr,anodr
../../../data/data_APTOS/test/anodr/a188c60b93fb.png,0.939278,0.014398,0.014225,0.015997,0.016101,anodr,anodr
../../../data/data_APTOS/test/anodr/a1b28bcbce00.png,0.936065,0.019362,0.012544,0.016084,0.015945,anodr,anodr
../../../data/data_APTOS/test/anodr/a247961a5cd9.png,0.936983,0.016015,0.017146,0.015611,0.014245,anodr,anodr
../../../data/data_APTOS/test/anodr/a2b97d98f130.png,0.939688,0.013938,0.014772,0.015693,0.015909,anodr,anodr
../../../data/data_APTOS/test/anodr/a34fc5376669.png,0.938716,0.015053,0.015149,0.015430,0.015653,anodr,anodr
../../../data/data_APTOS/test/anodr/a419fcb2dfb5.png,0.935458,0.013606,0.020178,0.015822,0.014937,anodr,anodr
../../../data/data_APTOS/test/anodr/a44345b27804.png,0.938121,0.015217,0.015037,0.015933,0.015692,anodr,anodr
../../../data/data_APTOS/test/anodr/a484bdf85b4c.png,0.937838,0.017158,0.013682,0.015084,0.016238,anodr,anodr
../../../data/data_APTOS/test/anodr/a528be013a04.png,0.935717,0.016881,0.015291,0.015812,0.016299,anodr,anodr
../../../data/data_APTOS/test/anodr/a6356a3c5d11.png,0.939821,0.014237,0.015857,0.014214,0.015872,anodr,anodr
../../../data/data_APTOS/test/anodr/a673193cd5a9.png,0.941162,0.016544,0.014018,0.014586,0.013689,anodr,anodr
../../../data/data_APTOS/test/anodr/a6b6d27c1b32.png,0.940776,0.014170,0.014465,0.015001,0.015588,anodr,anodr
../../../data/data_APTOS/test/anodr/a70d0f12a641.png,0.939113,0.014849,0.015007,0.014801,0.016230,anodr,anodr
../../../data/data_APTOS/test/anodr/a73d012c4c38.png,0.940763,0.014350,0.014327,0.015422,0.015139,anodr,anodr
../../../data/data_APTOS/test/anodr/a8263d248523.png,0.938203,0.012710,0.017047,0.015486,0.016555,anodr,anodr
../../../data/data_APTOS/test/anodr/a8b637abd96b.png,0.935085,0.018504,0.014111,0.016706,0.015594,anodr,anodr
../../../data/data_APTOS/test/anodr/a94da3d3b5c0.png,0.942435,0.013403,0.014989,0.014334,0.014839,anodr,anodr
../../../data/data_APTOS/test/anodr/a963ac561580.png,0.937440,0.016590,0.015647,0.014791,0.015532,anodr,anodr
../../../data/data_APTOS/test/anodr/a9b3177f01c0.png,0.940482,0.014449,0.014214,0.015594,0.015261,anodr,anodr
../../../data/data_APTOS/test/anodr/a9bc2f892cb3.png,0.940962,0.014104,0.014353,0.015479,0.015102,anodr,anodr
../../../data/data_APTOS/test/anodr/aa4407aab872.png,0.938049,0.016485,0.014427,0.015013,0.016026,anodr,anodr
../../../data/data_APTOS/test/anodr/aa60813e1a8d.png,0.937831,0.014451,0.015597,0.016393,0.015727,anodr,anodr
../../../data/data_APTOS/test/anodr/aa6242f9e08c.png,0.940552,0.015461,0.012807,0.015446,0.015733,anodr,anodr
../../../data/data_APTOS/test/anodr/aa8a1e814811.png,0.939210,0.014446,0.015214,0.015560,0.015571,anodr,anodr
../../../data/data_APTOS/test/anodr/aaaadb174012.png,0.939574,0.015057,0.014757,0.015913,0.014699,anodr,anodr
../../../data/data_APTOS/test/anodr/aafb0c944f14.png,0.939852,0.014704,0.014665,0.015189,0.015590,anodr,anodr
../../../data/data_APTOS/test/anodr/abbb8791785e.png,0.940401,0.014336,0.014681,0.015021,0.015562,anodr,anodr
../../../data/data_APTOS/test/anodr/abe940882578.png,0.828653,0.115428,0.015038,0.020310,0.020571,anodr,anodr
../../../data/data_APTOS/test/anodr/ad029ba7fa8b.png,0.939547,0.014238,0.014516,0.015918,0.015782,anodr,anodr
../../../data/data_APTOS/test/anodr/ad12cde115ab.png,0.937652,0.017828,0.013600,0.015245,0.015675,anodr,anodr
../../../data/data_APTOS/test/anodr/ad1aa75d5630.png,0.939830,0.014203,0.015019,0.015735,0.015214,anodr,anodr
../../../data/data_APTOS/test/anodr/ad6b07d5c338.png,0.940151,0.014736,0.014338,0.015337,0.015439,anodr,anodr
../../../data/data_APTOS/test/anodr/ad93d88c87ea.png,0.940555,0.015234,0.013956,0.014754,0.015501,anodr,anodr
../../../data/data_APTOS/test/anodr/ae2c3f6312ef.png,0.937158,0.015964,0.015027,0.016052,0.015797,anodr,anodr
../../../data/data_APTOS/test/anodr/ae49cc60f251.png,0.938450,0.015377,0.014915,0.015978,0.015280,anodr,anodr
../../../data/data_APTOS/test/anodr/ae61e19fb766.png,0.938994,0.015542,0.014649,0.015677,0.015137,anodr,anodr
../../../data/data_APTOS/test/anodr/ae94ce412de9.png,0.933278,0.018525,0.016455,0.015678,0.016062,anodr,anodr
../../../data/data_APTOS/test/anodr/aeb6f4fd2eed.png,0.939263,0.015759,0.014452,0.015324,0.015201,anodr,anodr
