image_path,true_label,predicted_label,score_anodr,score_bmilddr,score_cmoderatedr,score_dseveredr,score_eproliferativedr
../../../data/data_MESSIDOR2/test/anodr/20051020_43808_0100_PP_967.png,anodr,anodr,0.937980,0.017819,0.014330,0.016270,0.013602
../../../data/data_MESSIDOR2/test/anodr/20051020_44261_0100_PP_1191.png,anodr,anodr,0.937542,0.019598,0.010213,0.018299,0.014347
../../../data/data_MESSIDOR2/test/anodr/20051020_44284_0100_PP_502.png,anodr,anodr,0.942765,0.015511,0.012145,0.017287,0.012292
../../../data/data_MESSIDOR2/test/anodr/20051020_44338_0100_PP_547.png,anodr,anodr,0.932054,0.027363,0.015298,0.015435,0.009850
../../../data/data_MESSIDOR2/test/anodr/20051020_44400_0100_PP_920.png,anodr,anodr,0.931697,0.025253,0.012215,0.016782,0.014053
../../../data/data_MESSIDOR2/test/anodr/20051020_44431_0100_PP_514.png,anodr,anodr,0.934376,0.025341,0.013692,0.015500,0.011091
../../../data/data_MESSIDOR2/test/anodr/20051020_44692_0100_PP_419.png,anodr,anodr,0.941883,0.014928,0.010953,0.015972,0.016264
../../../data/data_MESSIDOR2/test/anodr/20051020_44714_0100_PP_1199.png,anodr,anodr,0.939999,0.017386,0.011519,0.017569,0.013526
../../../data/data_MESSIDOR2/test/anodr/20051020_44982_0100_PP_486.png,anodr,anodr,0.932605,0.027680,0.010436,0.017245,0.012034
../../../data/data_MESSIDOR2/test/anodr/20051020_56791_0100_PP_1185.png,anodr,anodr,0.938170,0.017239,0.010536,0.017802,0.016254
../../../data/data_MESSIDOR2/test/anodr/20051020_57157_0100_PP_971.png,anodr,bmilddr,0.328024,0.624153,0.021818,0.014265,0.011740
../../../data/data_MESSIDOR2/test/anodr/20051020_57967_0100_PP_829.png,anodr,anodr,0.941779,0.015577,0.013632,0.014991,0.014020
../../../data/data_MESSIDOR2/test/anodr/20051020_58065_0100_PP_561.png,anodr,anodr,0.945058,0.014828,0.011726,0.014445,0.013944
../../../data/data_MESSIDOR2/test/anodr/20051020_61757_0100_PP_484.png,anodr,anodr,0.944941,0.014249,0.011354,0.015666,0.013791
../../../data/data_MESSIDOR2/test/anodr/20051020_62461_0100_PP_76.png,anodr,anodr,0.864796,0.037238,0.053519,0.028958,0.015489
../../../data/data_MESSIDOR2/test/anodr/20051020_62510_0100_PP_106.png,anodr,anodr,0.764051,0.025869,0.047665,0.036081,0.126334
../../../data/data_MESSIDOR2/test/anodr/20051020_62577_0100_PP_479.png,anodr,anodr,0.946861,0.013422,0.011255,0.015685,0.012777
../../../data/data_MESSIDOR2/test/anodr/20051020_62615_0100_PP_294.png,anodr,anodr,0.945139,0.015678,0.009175,0.016959,0.013049
../../../data/data_MESSIDOR2/test/anodr/20051020_63269_0100_PP_1183.png,anodr,anodr,0.932020,0.022988,0.013843,0.017081,0.014067
../../../data/data_MESSIDOR2/test/anodr/20051020_63337_0100_PP_471.png,anodr,anodr,0.936238,0.020197,0.013110,0.016198,0.014256
../../../data/data_MESSIDOR2/test/anodr/20051020_64249_0100_PP_1004.png,anodr,anodr,0.946689,0.014753,0.011009,0.016087,0.011462
../../../data/data_MESSIDOR2/test/anodr/20051020_64388_0100_PP_1194.png,anodr,anodr,0.945357,0.012973,0.011505,0.016695,0.013468
../../../data/data_MESSIDOR2/test/anodr/20051020_64653_0100_PP_124.png,anodr,anodr,0.944041,0.015202,0.011844,0.015199,0.013714
../../../data/data_MESSIDOR2/test/anodr/20051020_64775_0100_PP_480.png,anodr,anodr,0.939348,0.019541,0.012047,0.015339,0.013724
../../../data/data_MESSIDOR2/test/anodr/20051020_64836_0100_PP_1270.png,anodr,anodr,0.939622,0.016346,0.012998,0.017572,0.013461
../../../data/data_MESSIDOR2/test/anodr/20051021_36380_0100_PP_135.png,anodr,anodr,0.944458,0.013836,0.011723,0.016250,0.013734
../../../data/data_MESSIDOR2/test/anodr/20051021_36476_0100_PP_1243.png,anodr,anodr,0.944771,0.012433,0.012683,0.016887,0.013225
../../../data/data_MESSIDOR2/test/anodr/20051021_39845_0100_PP_315.png,anodr,anodr,0.935875,0.018848,0.012780,0.017277,0.015220
../../../data/data_MESSIDOR2/test/anodr/20051021_39914_0100_PP_1352.png,anodr,anodr,0.938574,0.018147,0.015541,0.016139,0.011598
../../../data/data_MESSIDOR2/test/anodr/20051021_51418_0100_PP_18.png,anodr,anodr,0.938253,0.017690,0.013481,0.016531,0.014045
../../../data/data_MESSIDOR2/test/anodr/20051021_51476_0100_PP_150.png,anodr,anodr,0.935154,0.023318,0.010870,0.014991,0.015667
../../../data/data_MESSIDOR2/test/anodr/20051021_51936_0100_PP_1379.png,anodr,anodr,0.937648,0.018843,0.011824,0.017957,0.013727
../../../data/data_MESSIDOR2/test/anodr/20051021_51994_0100_PP_1283.png,anodr,anodr,0.936434,0.019008,0.011155,0.018636,0.014767
../../../data/data_MESSIDOR2/test/anodr/20051021_57798_0100_PP_1322.png,anodr,anodr,0.934727,0.021185,0.014077,0.018016,0.011995
../../../data/data_MESSIDOR2/test/anodr/20051021_57862_0100_PP_372.png,anodr,anodr,0.925207,0.028367,0.012717,0.021449,0.012260
../../../data/data_MESSIDOR2/test/anodr/20051021_57975_0100_PP_517.png,anodr,anodr,0.950057,0.011961,0.016168,0.011983,0.009831
../../../data/data_MESSIDOR2/test/anodr/20051021_58035_0100_PP_1138.png,anodr,anodr,0.931003,0.022561,0.020917,0.014755,0.010764
../../../data/data_MESSIDOR2/test/anodr/20051021_58388_0100_PP_1300.png,anodr,anodr,0.941683,0.017149,0.012631,0.015071,0.013466
../../../data/data_MESSIDOR2/test/anodr/20051021_58522_0100_PP_50.png,anodr,anodr,0.937373,0.021392,0.009911,0.015476,0.015848
../../../data/data_MESSIDOR2/test/anodr/20051109_57843_0400_PP_1109.png,anodr,anodr,0.939475,0.021097,0.009546,0.016489,0.013393
../../../data/data_MESSIDOR2/test/anodr/20051109_59969_0400_PP_1079.png,anodr,anodr,0.941057,0.015854,0.013136,0.017469,0.012484
../../../data/data_MESSIDOR2/test/anodr/20051109_60031_0400_PP_528.png,anodr,anodr,0.940779,0.013563,0.015293,0.017721,0.012643
../../../data/data_MESSIDOR2/test/anodr/20051109_60136_0400_PP_905.png,anodr,anodr,0.939614,0.014716,0.011990,0.016234,0.017446
../../../data/data_MESSIDOR2/test/anodr/20051110_33960_0400_PP_35.png,anodr,anodr,0.938030,0.016899,0.012328,0.015712,0.017032
../../../data/data_MESSIDOR2/test/anodr/20051110_34013_0400_PP_151.png,anodr,anodr,0.944838,0.013600,0.014370,0.014067,0.013126
../../../data/data_MESSIDOR2/test/anodr/20051110_35239_0400_PP_836.png,anodr,anodr,0.942676,0.016667,0.011759,0.015939,0.012960
../../../data/data_MESSIDOR2/test/anodr/20051110_35279_0400_PP_1033.png,anodr,anodr,0.932840,0.025528,0.014137,0.017413,0.010081
../../../data/data_MESSIDOR2/test/anodr/20051110_35332_0400_PP_497.png,anodr,anodr,0.931531,0.031341,0.009111,0.018131,0.009885
../../../data/data_MESSIDOR2/test/anodr/20051110_37992_0400_PP_1043.png,anodr,anodr,0.925952,0.030771,0.012211,0.019358,0.011707
../../../data/data_MESSIDOR2/test/anodr/20051110_38111_0400_PP_429.png,anodr,anodr,0.938609,0.018605,0.010454,0.018711,0.013621
../../../data/data_MESSIDOR2/test/anodr/20051110_38156_0400_PP_477.png,anodr,anodr,0.932577,0.023635,0.010290,0.018548,0.014950
../../../data/data_MESSIDOR2/test/anodr/20051110_38280_0400_PP_83.png,anodr,anodr,0.943395,0.019020,0.010022,0.015930,0.011633
../../../data/data_MESSIDOR2/test/anodr/20051110_38313_0400_PP_1041.png,anodr,anodr,0.938908,0.017153,0.016220,0.015763,0.011956
../../../data/data_MESSIDOR2/test/anodr/20051110_38352_0400_PP_934.png,anodr,anodr,0.943738,0.016822,0.012364,0.015105,0.011971
../../../data/data_MESSIDOR2/test/anodr/20051110_38472_0400_PP_1127.png,anodr,anodr,0.930670,0.028429,0.010281,0.016237,0.014384
../../../data/data_MESSIDOR2/test/anodr/20051110_38507_0400_PP_1190.png,anodr,anodr,0.894974,0.059694,0.023880,0.010702,0.010751
../../../data/data_MESSIDOR2/test/anodr/20051116_43388_0400_PP_344.png,anodr,anodr,0.940556,0.016721,0.011831,0.017591,0.013300
../../../data/data_MESSIDOR2/test/anodr/20051116_43585_0400_PP_950.png,anodr,anodr,0.935464,0.022179,0.013522,0.016117,0.012718
../../../data/data_MESSIDOR2/test/anodr/20051116_43710_0400_PP_95.png,anodr,anodr,0.935388,0.019310,0.014510,0.018255,0.012537
../../../data/data_MESSIDOR2/test/anodr/20051116_43721_0400_PP_363.png,anodr,anodr,0.934884,0.024025,0.012538,0.014414,0.014139
../../../data/data_MESSIDOR2/test/anodr/20051116_43785_0400_PP_445.png,anodr,anodr,0.927612,0.032574,0.010666,0.017519,0.011630
../../../data/data_MESSIDOR2/test/anodr/20051116_43801_0400_PP_325.png,anodr,anodr,0.944622,0.015031,0.010515,0.015886,0.013946
../../../data/data_MESSIDOR2/test/anodr/20051116_44648_0400_PP_1036.png,anodr,anodr,0.933819,0.021297,0.015536,0.015726,0.013622
../../../data/data_MESSIDOR2/test/anodr/20051117_37042_0400_PP_1119.png,anodr,anodr,0.935183,0.024557,0.007929,0.015127,0.017204
../../../data/data_MESSIDOR2/test/anodr/20051117_37051_0400_PP_1136.png,anodr,anodr,0.944066,0.015667,0.009844,0.016911,0.013513
../../../data/data_MESSIDOR2/test/anodr/20051117_37078_0400_PP_559.png,anodr,anodr,0.940118,0.020291,0.010843,0.016035,0.012712
../../../data/data_MESSIDOR2/test/anodr/20051117_37100_0400_PP_1083.png,anodr,anodr,0.943317,0.012352,0.013461,0.017825,0.013045
../../../data/data_MESSIDOR2/test/anodr/20051117_37130_0400_PP_938.png,anodr,anodr,0.946064,0.015852,0.008722,0.015421,0.013941
../../../data/data_MESSIDOR2/test/anodr/20051117_37155_0400_PP_84.png,anodr,anodr,0.942872,0.013817,0.014262,0.017419,0.011630
../../../data/data_MESSIDOR2/test/anodr/20051117_37185_0400_PP_404.png,anodr,anodr,0.931998,0.024911,0.010267,0.018239,0.014584
../../../data/data_MESSIDOR2/test/anodr/20051117_37321_0400_PP_947.png,anodr,anodr,0.944397,0.015708,0.012486,0.015115,0.012294
../../../data/data_MESSIDOR2/test/anodr/20051130_53586_0400_PP_1121.png,anodr,anodr,0.942966,0.020441,0.011322,0.016284,0.008988
../../../data/data_MESSIDOR2/test/anodr/20051130_53623_0400_PP_894.png,anodr,anodr,0.947100,0.014087,0.011734,0.015051,0.012028
../../../data/data_MESSIDOR2/test/anodr/20051130_53663_0400_PP_510.png,anodr,anodr,0.933435,0.024976,0.011552,0.009565,0.020472
../../../data/data_MESSIDOR2/test/anodr/20051130_53991_0400_PP_277.png,anodr,anodr,0.942734,0.015210,0.011442,0.018124,0.012491
../../../data/data_MESSIDOR2/test/anodr/20051130_54030_0400_PP_946.png,anodr,anodr,0.941742,0.015838,0.012756,0.018847,0.010816
../../../data/data_MESSIDOR2/test/anodr/20051130_54077_0400_PP_1117.png,anodr,anodr,0.939205,0.018774,0.011874,0.017127,0.013019
../../../data/data_MESSIDOR2/test/anodr/20051130_54121_0400_PP_1281.png,anodr,anodr,0.938144,0.019136,0.013384,0.017369,0.011966
../../../data/data_MESSIDOR2/test/anodr/20051130_54257_0400_PP_506.png,anodr,anodr,0.933130,0.026560,0.010682,0.017037,0.012591
../../../data/data_MESSIDOR2/test/anodr/20051130_54301_0400_PP_93.png,anodr,anodr,0.869898,0.054994,0.036590,0.021121,0.017397
../../../data/data_MESSIDOR2/test/anodr/20051130_54323_0400_PP_978.png,anodr,anodr,0.933028,0.025871,0.009817,0.015060,0.016224
../../../data/data_MESSIDOR2/test/anodr/20051130_54476_0400_PP_394.png,anodr,anodr,0.941213,0.017177,0.012138,0.015236,0.014236
../../../data/data_MESSIDOR2/test/anodr/20051130_54498_0400_PP_1217.png,anodr,anodr,0.940743,0.018303,0.013346,0.016286,0.011322
../../../data/data_MESSIDOR2/test/anodr/20051130_54595_0400_PP_940.png,anodr,anodr,0.756298,0.191948,0.009382,0.014506,0.027868
../../../data/data_MESSIDOR2/test/anodr/20051130_54802_0400_PP_550.png,anodr,anodr,0.941892,0.018256,0.009972,0.017513,0.012367
../../../data/data_MESSIDOR2/test/anodr/20051130_54846_0400_PP_289.png,anodr,anodr,0.935769,0.013948,0.014743,0.018977,0.016561
../../../data/data_MESSIDOR2/test/anodr/20051130_54943_0400_PP_1044.png,anodr,anodr,0.945055,0.014008,0.011147,0.016383,0.013407
../../../data/data_MESSIDOR2/test/anodr/20051130_54956_0400_PP_875.png,anodr,anodr,0.943770,0.015610,0.010908,0.016164,0.013547
../../../data/data_MESSIDOR2/test/anodr/20051130_55004_0400_PP_1259.png,anodr,anodr,0.933638,0.021362,0.013038,0.016732,0.015230
../../../data/data_MESSIDOR2/test/anodr/20051130_55012_0400_PP_865.png,anodr,anodr,0.849901,0.045107,0.030442,0.038802,0.035748
../../../data/data_MESSIDOR2/test/anodr/20051130_55037_0400_PP_443.png,anodr,anodr,0.943998,0.020756,0.007734,0.014682,0.012829
../../../data/data_MESSIDOR2/test/anodr/20051130_55048_0400_PP_921.png,anodr,anodr,0.939338,0.020923,0.008978,0.018715,0.012045
../../../data/data_MESSIDOR2/test/anodr/20051130_55074_0400_PP_986.png,anodr,anodr,0.927637,0.024271,0.017139,0.021214,0.009739
../../../data/data_MESSIDOR2/test/anodr/20051130_55086_0400_PP_1152.png,anodr,anodr,0.942744,0.016509,0.012500,0.017100,0.011147
../../../data/data_MESSIDOR2/test/anodr/20051130_55107_0400_PP_316.png,anodr,anodr,0.943620,0.013854,0.011143,0.015699,0.015684
../../../data/data_MESSIDOR2/test/anodr/20051130_55160_0400_PP_1182.png,anodr,anodr,0.937049,0.020450,0.015082,0.014453,0.012967
../../../data/data_MESSIDOR2/test/anodr/20051130_55269_0400_PP_820.png,anodr,anodr,0.945863,0.016853,0.010122,0.013644,0.013519
../../../data/data_MESSIDOR2/test/anodr/20051130_55311_0400_PP_896.png,anodr,anodr,0.938727,0.012353,0.010594,0.019867,0.018458
../../../data/data_MESSIDOR2/test/anodr/20051130_55323_0400_PP_883.png,anodr,anodr,0.932630,0.021211,0.011786,0.016087,0.018286
../../../data/data_MESSIDOR2/test/anodr/20051130_55381_0400_PP_504.png,anodr,anodr,0.941312,0.019598,0.008999,0.015405,0.014687
../../../data/data_MESSIDOR2/test/anodr/20051130_55393_0400_PP_1251.png,anodr,anodr,0.939022,0.015844,0.011494,0.020017,0.013624
../../../data/data_MESSIDOR2/test/anodr/20051130_58716_0400_PP_355.png,anodr,anodr,0.931163,0.027578,0.015565,0.013423,0.012270
../../../data/data_MESSIDOR2/test/anodr/20051130_58824_0400_PP_1181.png,anodr,anodr,0.584680,0.118195,0.225665,0.036167,0.035293
../../../data/data_MESSIDOR2/test/anodr/20051130_58874_0400_PP_1359.png,anodr,anodr,0.943871,0.015340,0.014699,0.013607,0.012482
../../../data/data_MESSIDOR2/test/anodr/20051130_58888_0400_PP_284.png,anodr,anodr,0.945949,0.014481,0.012482,0.015328,0.011760
../../../data/data_MESSIDOR2/test/anodr/20051130_58962_0400_PP_973.png,anodr,anodr,0.946568,0.012938,0.011984,0.012397,0.016114
../../../data/data_MESSIDOR2/test/anodr/20051130_58998_0400_PP_543.png,anodr,anodr,0.946544,0.012887,0.012283,0.015143,0.013143
../../../data/data_MESSIDOR2/test/anodr/20051130_59029_0400_PP_270.png,anodr,anodr,0.949695,0.014647,0.013985,0.011434,0.010239
../../../data/data_MESSIDOR2/test/anodr/20051130_59186_0400_PP_350.png,anodr,anodr,0.943191,0.014903,0.012353,0.016996,0.012558
../../../data/data_MESSIDOR2/test/anodr/20051130_59284_0400_PP_853.png,anodr,anodr,0.937780,0.018119,0.013261,0.017511,0.013329
../../../data/data_MESSIDOR2/test/anodr/20051130_59374_0400_PP_410.png,anodr,anodr,0.944562,0.013562,0.012806,0.016047,0.013021
../../../data/data_MESSIDOR2/test/anodr/20051130_59404_0400_PP_392.png,anodr,anodr,0.948027,0.014641,0.011491,0.014446,0.011395
../../../data/data_MESSIDOR2/test/anodr/20051130_59457_0400_PP_1053.png,anodr,anodr,0.939123,0.018785,0.010681,0.017887,0.013524
../../../data/data_MESSIDOR2/test/anodr/20051130_59464_0400_PP_1141.png,anodr,anodr,0.945491,0.014706,0.010524,0.017206,0.012072
../../../data/data_MESSIDOR2/test/anodr/20051130_59749_0400_PP_965.png,anodr,anodr,0.940927,0.014699,0.010877,0.015795,0.017702
../../../data/data_MESSIDOR2/test/anodr/20051130_59775_0400_PP_1224.png,anodr,anodr,0.944231,0.013675,0.014605,0.013031,0.014458
../../../data/data_MESSIDOR2/test/anodr/20051130_59793_0400_PP_926.png,anodr,anodr,0.937901,0.020689,0.011753,0.015220,0.014436
../../../data/data_MESSIDOR2/test/anodr/20051130_59802_0400_PP_430.png,anodr,anodr,0.940966,0.020369,0.012499,0.013425,0.012742
../../../data/data_MESSIDOR2/test/anodr/20051130_59850_0400_PP_36.png,anodr,anodr,0.950727,0.010522,0.011595,0.015819,0.011337
../../../data/data_MESSIDOR2/test/anodr/20051130_59869_0400_PP_520.png,anodr,anodr,0.948018,0.012073,0.011709,0.016348,0.011852
../../../data/data_MESSIDOR2/test/anodr/20051130_59964_0400_PP_312.png,anodr,anodr,0.941615,0.017686,0.011305,0.017130,0.012265
../../../data/data_MESSIDOR2/test/anodr/20051130_59993_0400_PP_439.png,anodr,anodr,0.941078,0.016658,0.014972,0.015445,0.011847
../../../data/data_MESSIDOR2/test/anodr/20051130_60040_0400_PP_1355.png,anodr,anodr,0.945943,0.013375,0.012806,0.016041,0.011836
../../../data/data_MESSIDOR2/test/anodr/20051130_60066_0400_PP_1170.png,anodr,anodr,0.945916,0.012288,0.015159,0.015684,0.010952
../../../data/data_MESSIDOR2/test/anodr/20051130_60186_0400_PP_1365.png,anodr,anodr,0.940391,0.016642,0.011509,0.017425,0.014033
../../../data/data_MESSIDOR2/test/anodr/20051130_60234_0400_PP_453.png,anodr,anodr,0.939323,0.019113,0.014390,0.016066,0.011108
../../../data/data_MESSIDOR2/test/anodr/20051130_60448_0400_PP_860.png,anodr,anodr,0.889124,0.040405,0.037657,0.017173,0.015641
../../../data/data_MESSIDOR2/test/anodr/20051130_60490_0400_PP_828.png,anodr,anodr,0.931724,0.022583,0.016122,0.015540,0.014031
../../../data/data_MESSIDOR2/test/anodr/20051130_60532_0400_PP_1052.png,anodr,anodr,0.939371,0.017175,0.015117,0.013413,0.014925
../../../data/data_MESSIDOR2/test/anodr/20051130_60562_0400_PP_121.png,anodr,anodr,0.889729,0.053038,0.021430,0.015719,0.020085
../../../data/data_MESSIDOR2/test/anodr/20051130_60601_0400_PP_146.png,anodr,anodr,0.940523,0.018569,0.011617,0.016448,0.012844
../../../data/data_MESSIDOR2/test/anodr/20051130_60630_0400_PP_60.png,anodr,anodr,0.948973,0.012847,0.014467,0.011080,0.012633
../../../data/data_MESSIDOR2/test/anodr/20051130_60691_0400_PP_939.png,anodr,anodr,0.926911,0.018227,0.016195,0.011937,0.026729
../../../data/data_MESSIDOR2/test/anodr/20051130_60715_0400_PP_555.png,anodr,anodr,0.921301,0.026317,0.021857,0.009098,0.021427
../../../data/data_MESSIDOR2/test/anodr/20051130_60740_0400_PP_1166.png,anodr,anodr,0.936620,0.022204,0.011494,0.016123,0.013559
../../../data/data_MESSIDOR2/test/anodr/20051130_60794_0400_PP_280.png,anodr,anodr,0.936826,0.020833,0.010525,0.016980,0.014837
../../../data/data_MESSIDOR2/test/anodr/20051130_60822_0400_PP_980.png,anodr,anodr,0.937468,0.019461,0.011527,0.015921,0.015623
../../../data/data_MESSIDOR2/test/anodr/20051201_37312_0400_PP_1333.png,anodr,anodr,0.924535,0.033328,0.015626,0.017684,0.008828
../../../data/data_MESSIDOR2/test/anodr/20051201_37337_0400_PP_839.png,anodr,anodr,0.941426,0.019575,0.010060,0.017045,0.011895
../../../data/data_MESSIDOR2/test/anodr/20051201_37382_0400_PP_1350.png,anodr,anodr,0.930721,0.024067,0.014689,0.017037,0.013487
../../../data/data_MESSIDOR2/test/anodr/20051201_37390_0400_PP_833.png,anodr,anodr,0.936459,0.020756,0.010454,0.017788,0.014544
../../../data/data_MESSIDOR2/test/anodr/20051201_37409_0400_PP_1340.png,anodr,anodr,0.927893,0.029119,0.013845,0.015128,0.014015
../../../data/data_MESSIDOR2/test/anodr/20051201_37462_0400_PP_357.png,anodr,anodr,0.934154,0.025915,0.012434,0.015575,0.011922
../../../data/data_MESSIDOR2/test/anodr/20051201_37534_0400_PP_906.png,anodr,anodr,0.937075,0.022215,0.010488,0.015353,0.014870
../../../data/data_MESSIDOR2/test/anodr/20051201_37557_0400_PP_1336.png,anodr,anodr,0.938860,0.019741,0.011888,0.014621,0.014891
../../../data/data_MESSIDOR2/test/anodr/20051201_38041_0400_PP_1312.png,anodr,anodr,0.937209,0.021429,0.009894,0.018304,0.013164
../../../data/data_MESSIDOR2/test/anodr/20051201_38081_0400_PP_963.png,anodr,anodr,0.943927,0.014273,0.011591,0.016528,0.013681
../../../data/data_MESSIDOR2/test/anodr/20051201_38103_0400_PP_81.png,anodr,anodr,0.941564,0.017116,0.016069,0.014332,0.010919
../../../data/data_MESSIDOR2/test/anodr/20051201_38137_0400_PP_391.png,anodr,anodr,0.933660,0.022253,0.014388,0.015263,0.014437
../../../data/data_MESSIDOR2/test/anodr/20051201_38155_0400_PP_112.png,anodr,bmilddr,0.202154,0.588093,0.124497,0.038312,0.046944
../../../data/data_MESSIDOR2/test/anodr/20051201_38164_0400_PP_881.png,anodr,anodr,0.746891,0.193009,0.017130,0.022327,0.020644
../../../data/data_MESSIDOR2/test/anodr/20051201_38199_0400_PP_1329.png,anodr,anodr,0.933416,0.023968,0.011620,0.017394,0.013602
../../../data/data_MESSIDOR2/test/anodr/20051201_38211_0400_PP_1174.png,anodr,anodr,0.933641,0.028151,0.012395,0.014709,0.011104
../../../data/data_MESSIDOR2/test/anodr/20051201_38246_0400_PP_1063.png,anodr,anodr,0.947187,0.010665,0.011868,0.014972,0.015307
../../../data/data_MESSIDOR2/test/anodr/20051201_38262_0400_PP_335.png,anodr,anodr,0.944160,0.010854,0.016043,0.015102,0.013840
../../../data/data_MESSIDOR2/test/anodr/20051201_38280_0400_PP_1103.png,anodr,anodr,0.940952,0.017091,0.013117,0.015671,0.013168
../../../data/data_MESSIDOR2/test/anodr/20051201_38291_0400_PP_468.png,anodr,anodr,0.928520,0.032170,0.011809,0.015883,0.011618
../../../data/data_MESSIDOR2/test/anodr/20051201_38321_0400_PP_903.png,anodr,anodr,0.936067,0.020223,0.012687,0.014891,0.016132
../../../data/data_MESSIDOR2/test/anodr/20051201_38349_0400_PP_892.png,anodr,anodr,0.940586,0.018327,0.011589,0.013898,0.015600
../../../data/data_MESSIDOR2/test/anodr/20051201_38466_0400_PP_572.png,anodr,anodr,0.946698,0.014502,0.009177,0.018439,0.011184
../../../data/data_MESSIDOR2/test/anodr/20051201_38475_0400_PP_560.png,anodr,anodr,0.945382,0.014100,0.009850,0.015946,0.014722
../../../data/data_MESSIDOR2/test/anodr/20051202_37162_0400_PP_29.png,anodr,bmilddr,0.435203,0.506750,0.012281,0.024369,0.021397
../../../data/data_MESSIDOR2/test/anodr/20051202_51599_0400_PP_966.png,anodr,anodr,0.945719,0.013811,0.012002,0.015501,0.012967
../../../data/data_MESSIDOR2/test/anodr/20051202_51616_0400_PP_1018.png,anodr,anodr,0.943199,0.017931,0.013610,0.013553,0.011708
../../../data/data_MESSIDOR2/test/anodr/20051205_57651_0400_PP_52.png,anodr,anodr,0.942749,0.018807,0.013008,0.013160,0.012276
../../../data/data_MESSIDOR2/test/anodr/20051205_57704_0400_PP_1167.png,anodr,anodr,0.940902,0.015954,0.012974,0.015915,0.014255
../../../data/data_MESSIDOR2/test/anodr/20051205_57757_0400_PP_1100.png,anodr,anodr,0.934105,0.023057,0.010526,0.017355,0.014956
../../../data/data_MESSIDOR2/test/anodr/20051205_57780_0400_PP_1102.png,anodr,anodr,0.942620,0.014235,0.012356,0.016934,0.013856
../../../data/data_MESSIDOR2/test/anodr/20051205_57799_0400_PP_868.png,anodr,anodr,0.873116,0.085886,0.012446,0.011814,0.016738
../../../data/data_MESSIDOR2/test/anodr/20051205_57809_0400_PP_1228.png,anodr,anodr,0.922234,0.033496,0.011691,0.018416,0.014164
../../../data/data_MESSIDOR2/test/anodr/20051205_57838_0400_PP_859.png,anodr,anodr,0.944464,0.015286,0.009797,0.017645,0.012807
../../../data/data_MESSIDOR2/test/anodr/20051205_57879_0400_PP_1254.png,anodr,anodr,0.942293,0.018319,0.009507,0.016632,0.013249
../../../data/data_MESSIDOR2/test/anodr/20051205_57942_0400_PP_990.png,anodr,anodr,0.942188,0.017126,0.010637,0.016155,0.013893
../../../data/data_MESSIDOR2/test/anodr/20051205_57988_0400_PP_1112.png,anodr,anodr,0.945559,0.017295,0.011803,0.013712,0.011631
../../../data/data_MESSIDOR2/test/anodr/20051205_58037_0400_PP_835.png,anodr,anodr,0.940356,0.019358,0.010298,0.016060,0.013927
../../../data/data_MESSIDOR2/test/anodr/20051205_58060_0400_PP_376.png,anodr,anodr,0.918456,0.035440,0.012212,0.016907,0.016985
../../../data/data_MESSIDOR2/test/anodr/20051205_58080_0400_PP_1034.png,anodr,anodr,0.933256,0.025362,0.008731,0.017545,0.015105
../../../data/data_MESSIDOR2/test/anodr/20051205_58091_0400_PP_292.png,anodr,anodr,0.935366,0.026398,0.010966,0.015266,0.012004
../../../data/data_MESSIDOR2/test/anodr/20051205_58109_0400_PP_1311.png,anodr,anodr,0.939535,0.017033,0.011342,0.015916,0.016174
../../../data/data_MESSIDOR2/test/anodr/20051205_58125_0400_PP_46.png,anodr,anodr,0.924905,0.029667,0.007949,0.016819,0.020659
../../../data/data_MESSIDOR2/test/anodr/20051205_58150_0400_PP_393.png,anodr,anodr,0.942404,0.015824,0.010613,0.016970,0.014189
../../../data/data_MESSIDOR2/test/anodr/20051205_58177_0400_PP_503.png,anodr,anodr,0.942603,0.014879,0.011023,0.017225,0.014270
../../../data/data_MESSIDOR2/test/anodr/20051205_58354_0400_PP_1282.png,anodr,anodr,0.935808,0.022392,0.010276,0.017689,0.013835
../../../data/data_MESSIDOR2/test/anodr/20051205_58373_0400_PP_55.png,anodr,anodr,0.916685,0.041214,0.014282,0.015512,0.012307
../../../data/data_MESSIDOR2/test/anodr/20051205_58409_0400_PP_985.png,anodr,anodr,0.943923,0.018277,0.011150,0.013525,0.013125
../../../data/data_MESSIDOR2/test/anodr/20051205_58431_0400_PP_493.png,anodr,anodr,0.943208,0.016203,0.011270,0.015808,0.013511
../../../data/data_MESSIDOR2/test/anodr/20051205_58458_0400_PP_309.png,anodr,anodr,0.934524,0.024960,0.011601,0.014882,0.014032
../../../data/data_MESSIDOR2/test/anodr/20051205_58502_0400_PP_482.png,anodr,anodr,0.934459,0.023463,0.011250,0.015648,0.015180
../../../data/data_MESSIDOR2/test/anodr/20051205_58613_0400_PP_843.png,anodr,anodr,0.938873,0.018740,0.009732,0.017903,0.014751
../../../data/data_MESSIDOR2/test/anodr/20051205_59240_0400_PP_301.png,anodr,anodr,0.939218,0.018329,0.009027,0.018399,0.015027
../../../data/data_MESSIDOR2/test/anodr/20051205_59337_0400_PP_945.png,anodr,anodr,0.935159,0.020688,0.012928,0.016318,0.014907
../../../data/data_MESSIDOR2/test/anodr/20051205_59351_0400_PP_332.png,anodr,anodr,0.940630,0.019007,0.011194,0.015424,0.013745
../../../data/data_MESSIDOR2/test/anodr/20051205_59367_0400_PP_816.png,anodr,anodr,0.936198,0.023388,0.013612,0.016850,0.009951
../../../data/data_MESSIDOR2/test/anodr/20051205_59379_0400_PP_842.png,anodr,anodr,0.938321,0.017056,0.015554,0.015744,0.013325
../../../data/data_MESSIDOR2/test/anodr/20051205_59510_0400_PP_329.png,anodr,anodr,0.914609,0.040942,0.009142,0.019626,0.015681
../../../data/data_MESSIDOR2/test/anodr/20051205_59538_0400_PP_534.png,anodr,anodr,0.927074,0.034444,0.009030,0.016782,0.012671
../../../data/data_MESSIDOR2/test/anodr/20051205_59617_0400_PP_1000.png,anodr,anodr,0.930177,0.021983,0.013550,0.018773,0.015517
../../../data/data_MESSIDOR2/test/anodr/20051205_59651_0400_PP_1164.png,anodr,anodr,0.936964,0.018983,0.012853,0.016599,0.014601
../../../data/data_MESSIDOR2/test/anodr/20051205_59738_0400_PP_119.png,anodr,anodr,0.942606,0.015591,0.011113,0.015007,0.015683
../../../data/data_MESSIDOR2/test/anodr/20051205_59754_0400_PP_880.png,anodr,anodr,0.940442,0.018573,0.011194,0.015560,0.014232
../../../data/data_MESSIDOR2/test/anodr/20051205_59833_0400_PP_531.png,anodr,anodr,0.942848,0.016717,0.011163,0.015448,0.013825
../../../data/data_MESSIDOR2/test/anodr/20051205_59858_0400_PP_523.png,anodr,anodr,0.944730,0.016557,0.012231,0.014869,0.011613
../../../data/data_MESSIDOR2/test/anodr/20051205_59901_0400_PP_417.png,anodr,anodr,0.951625,0.011702,0.010028,0.015153,0.011493
../../../data/data_MESSIDOR2/test/anodr/20051205_59923_0400_PP_1307.png,anodr,anodr,0.945487,0.016033,0.010547,0.015658,0.012274
../../../data/data_MESSIDOR2/test/anodr/20051205_60093_0400_PP_1286.png,anodr,anodr,0.940845,0.016246,0.013788,0.014873,0.014248
../../../data/data_MESSIDOR2/test/anodr/20051205_60119_0400_PP_451.png,anodr,anodr,0.940034,0.019484,0.011828,0.015692,0.012962
../../../data/data_MESSIDOR2/test/anodr/20051213_61406_0100_PP_1027.png,anodr,anodr,0.919191,0.035764,0.008450,0.019849,0.016747
../../../data/data_MESSIDOR2/test/anodr/20051213_61802_0100_PP_408.png,anodr,anodr,0.932851,0.026908,0.007785,0.018131,0.014325
../../../data/data_MESSIDOR2/test/anodr/20051213_61892_0100_PP_837.png,anodr,anodr,0.939043,0.020344,0.009898,0.016443,0.014271
../../../data/data_MESSIDOR2/test/anodr/20051213_61951_0100_PP_983.png,anodr,anodr,0.941098,0.016372,0.011277,0.017296,0.013956
../../../data/data_MESSIDOR2/test/anodr/20051213_62251_0100_PP_27.png,anodr,anodr,0.943625,0.014898,0.010951,0.016449,0.014078
../../../data/data_MESSIDOR2/test/anodr/20051213_62314_0100_PP_1325.png,anodr,anodr,0.943704,0.015355,0.012812,0.015888,0.012241
../../../data/data_MESSIDOR2/test/anodr/20051213_62518_0100_PP_821.png,anodr,anodr,0.934560,0.021780,0.018095,0.014662,0.010904
../../../data/data_MESSIDOR2/test/anodr/20051213_62572_0100_PP_1176.png,anodr,anodr,0.929831,0.024514,0.019159,0.015748,0.010749
../../../data/data_MESSIDOR2/test/anodr/20051214_40529_0100_PP_1120.png,anodr,anodr,0.936052,0.028304,0.009644,0.013808,0.012191
../../../data/data_MESSIDOR2/test/anodr/20051214_40767_0100_PP_1039.png,anodr,anodr,0.937162,0.022246,0.012966,0.016713,0.010913
../../../data/data_MESSIDOR2/test/anodr/20051214_40994_0100_PP_435.png,anodr,anodr,0.942321,0.014234,0.012043,0.016331,0.015071
../../../data/data_MESSIDOR2/test/anodr/20051214_41055_0100_PP_41.png,anodr,anodr,0.941250,0.016994,0.012738,0.016588,0.012430
../../../data/data_MESSIDOR2/test/anodr/20051214_42133_0100_PP_462.png,anodr,anodr,0.943124,0.018766,0.011890,0.014584,0.011635
../../../data/data_MESSIDOR2/test/anodr/20051214_42197_0100_PP_1288.png,anodr,anodr,0.939908,0.016471,0.013082,0.017110,0.013429
../../../data/data_MESSIDOR2/test/anodr/20051214_42323_0100_PP_845.png,anodr,anodr,0.940570,0.018470,0.013242,0.014724,0.012994
../../../data/data_MESSIDOR2/test/anodr/20051214_42363_0100_PP_42.png,anodr,anodr,0.932764,0.022593,0.014328,0.016760,0.013555
../../../data/data_MESSIDOR2/test/anodr/20051214_51178_0100_PP_1380.png,anodr,anodr,0.944089,0.014620,0.011059,0.016736,0.013496
../../../data/data_MESSIDOR2/test/anodr/20051214_51211_0100_PP_511.png,anodr,anodr,0.943528,0.013782,0.011154,0.017993,0.013544
../../../data/data_MESSIDOR2/test/anodr/20051214_51308_0100_PP_1342.png,anodr,anodr,0.934218,0.020470,0.014063,0.019390,0.011860
../../../data/data_MESSIDOR2/test/anodr/20051214_51342_0100_PP_970.png,anodr,anodr,0.938773,0.019309,0.012886,0.015976,0.013057
../../../data/data_MESSIDOR2/test/anodr/20051214_51442_0100_PP_28.png,anodr,anodr,0.931097,0.022846,0.015093,0.017760,0.013203
../../../data/data_MESSIDOR2/test/anodr/20051214_51469_0100_PP_1060.png,anodr,anodr,0.898998,0.055109,0.014636,0.019984,0.011274
../../../data/data_MESSIDOR2/test/anodr/20051214_56242_0100_PP_337.png,anodr,anodr,0.935168,0.020264,0.014547,0.017294,0.012728
../../../data/data_MESSIDOR2/test/anodr/20051214_56392_0100_PP_1037.png,anodr,anodr,0.938475,0.018271,0.011910,0.016531,0.014812
../../../data/data_MESSIDOR2/test/anodr/20051214_56438_0100_PP_22.png,anodr,anodr,0.936529,0.018772,0.011747,0.017780,0.015172
../../../data/data_MESSIDOR2/test/anodr/20051214_56636_0100_PP_128.png,anodr,anodr,0.932364,0.020980,0.015720,0.016419,0.014517
../../../data/data_MESSIDOR2/test/anodr/20051214_56688_0100_PP_120.png,anodr,anodr,0.943631,0.013483,0.015039,0.015283,0.012565
../../../data/data_MESSIDOR2/test/anodr/20051214_57761_0100_PP_356.png,anodr,anodr,0.943574,0.014542,0.011631,0.014315,0.015938
../../../data/data_MESSIDOR2/test/anodr/20051214_57817_0100_PP_876.png,anodr,anodr,0.947600,0.015908,0.008636,0.013242,0.014614
../../../data/data_MESSIDOR2/test/anodr/20051216_43913_0200_PP_1367.png,anodr,anodr,0.938313,0.018165,0.012908,0.015015,0.015599
../../../data/data_MESSIDOR2/test/anodr/20051216_44066_0200_PP_426.png,anodr,anodr,0.789342,0.013561,0.151098,0.023275,0.022724
../../../data/data_MESSIDOR2/test/anodr/20051216_44092_0200_PP_1090.png,anodr,anodr,0.555531,0.225217,0.145549,0.040080,0.033624
../../../data/data_MESSIDOR2/test/anodr/20051216_44221_0200_PP_548.png,anodr,anodr,0.943231,0.016332,0.011250,0.016642,0.012544
../../../data/data_MESSIDOR2/test/anodr/20051216_44252_0200_PP_952.png,anodr,anodr,0.911505,0.019064,0.040118,0.018990,0.010323
../../../data/data_MESSIDOR2/test/anodr/20051216_44398_0200_PP_1235.png,anodr,anodr,0.939033,0.017784,0.011702,0.017683,0.013797
../../../data/data_MESSIDOR2/test/anodr/20051216_44420_0200_PP_379.png,anodr,anodr,0.941003,0.018410,0.011661,0.014821,0.014104
../../../data/data_MESSIDOR2/test/anodr/20051216_44635_0200_PP_415.png,anodr,anodr,0.932682,0.023165,0.012792,0.017685,0.013676
../../../data/data_MESSIDOR2/test/anodr/20051216_44660_0200_PP_888.png,anodr,anodr,0.934885,0.018917,0.013738,0.018398,0.014062
../../../data/data_MESSIDOR2/test/anodr/20051216_44811_0200_PP_567.png,anodr,anodr,0.942147,0.016620,0.011123,0.016055,0.014055
../../../data/data_MESSIDOR2/test/anodr/20051216_44832_0200_PP_1082.png,anodr,anodr,0.944042,0.013965,0.011556,0.017491,0.012946
../../../data/data_MESSIDOR2/test/anodr/20051216_45076_0200_PP_818.png,anodr,anodr,0.931351,0.026188,0.014788,0.016460,0.011213
../../../data/data_MESSIDOR2/test/anodr/20051216_45499_0200_PP_1071.png,anodr,anodr,0.938389,0.016834,0.013757,0.019085,0.011935
../../../data/data_MESSIDOR2/test/anodr/20051216_45781_0200_PP_320.png,anodr,anodr,0.940906,0.017484,0.012327,0.016754,0.012528
../../../data/data_MESSIDOR2/test/anodr/20051216_45873_0200_PP_832.png,anodr,anodr,0.932345,0.024182,0.013071,0.016773,0.013629
../../../data/data_MESSIDOR2/test/anodr/20051216_45992_0200_PP_341.png,anodr,anodr,0.829920,0.105923,0.025931,0.014902,0.023323
../../../data/data_MESSIDOR2/test/anodr/20051216_46018_0200_PP_1216.png,anodr,anodr,0.930294,0.022145,0.014266,0.020809,0.012485
../../../data/data_MESSIDOR2/test/anodr/20051216_46183_0200_PP_1204.png,anodr,anodr,0.940504,0.019331,0.012377,0.017167,0.010621
../../../data/data_MESSIDOR2/test/anodr/20051216_47514_0200_PP_110.png,anodr,anodr,0.935668,0.021754,0.011427,0.017034,0.014116
../../../data/data_MESSIDOR2/test/anodr/20051216_47536_0200_PP_1339.png,anodr,anodr,0.936355,0.020499,0.010889,0.017176,0.015081
../../../data/data_MESSIDOR2/test/anodr/20060407_38711_0200_PP_283.png,anodr,anodr,0.930309,0.030564,0.016053,0.012196,0.010878
../../../data/data_MESSIDOR2/test/anodr/20060407_38970_0200_PP_1111.png,anodr,anodr,0.624143,0.322894,0.022509,0.018020,0.012435
../../../data/data_MESSIDOR2/test/anodr/20060407_39155_0200_PP_855.png,anodr,anodr,0.944728,0.015467,0.010738,0.015336,0.013730
../../../data/data_MESSIDOR2/test/anodr/20060407_39184_0200_PP_373.png,anodr,anodr,0.950163,0.012597,0.011050,0.014108,0.012082
../../../data/data_MESSIDOR2/test/anodr/20060407_39306_0200_PP_1074.png,anodr,anodr,0.939470,0.021233,0.012916,0.013969,0.012412
../../../data/data_MESSIDOR2/test/anodr/20060407_39328_0200_PP_893.png,anodr,anodr,0.944290,0.014760,0.012902,0.016784,0.011264
../../../data/data_MESSIDOR2/test/anodr/20060407_39435_0200_PP_1214.png,anodr,anodr,0.673248,0.165790,0.109807,0.015974,0.035181
../../../data/data_MESSIDOR2/test/anodr/20060407_39546_0200_PP_545.png,anodr,anodr,0.937942,0.018824,0.011874,0.019081,0.012279
../../../data/data_MESSIDOR2/test/anodr/20060407_39567_0200_PP_1168.png,anodr,anodr,0.937317,0.021036,0.013802,0.016457,0.011387
../../../data/data_MESSIDOR2/test/anodr/20060407_39687_0200_PP_101.png,anodr,anodr,0.934239,0.027553,0.015432,0.011580,0.011197
../../../data/data_MESSIDOR2/test/anodr/20060407_39761_0200_PP_518.png,anodr,anodr,0.931168,0.023466,0.012223,0.017979,0.015165
../../../data/data_MESSIDOR2/test/anodr/20060407_39780_0200_PP_1006.png,anodr,anodr,0.934674,0.021474,0.014691,0.015506,0.013654
../../../data/data_MESSIDOR2/test/anodr/20060407_40740_0200_PP_314.png,anodr,bmilddr,0.183639,0.531002,0.231076,0.029492,0.024792
../../../data/data_MESSIDOR2/test/anodr/20060407_40761_0200_PP_282.png,anodr,anodr,0.927767,0.020850,0.017775,0.016338,0.017271
../../../data/data_MESSIDOR2/test/anodr/20060407_41149_0200_PP_26.png,anodr,anodr,0.946219,0.014396,0.014949,0.014081,0.010354
../../../data/data_MESSIDOR2/test/anodr/20060407_41177_0200_PP_1104.png,anodr,anodr,0.952548,0.011787,0.012487,0.012858,0.010321
../../../data/data_MESSIDOR2/test/anodr/20060407_41312_0200_PP_895.png,anodr,anodr,0.942737,0.015235,0.010479,0.017403,0.014145
../../../data/data_MESSIDOR2/test/anodr/20060407_41980_0200_PP_1347.png,anodr,anodr,0.945167,0.015224,0.011466,0.015549,0.012594
../../../data/data_MESSIDOR2/test/anodr/20060407_42099_0200_PP_77.png,anodr,anodr,0.937614,0.016161,0.011695,0.016495,0.018034
../../../data/data_MESSIDOR2/test/anodr/20060407_42133_0200_PP_488.png,anodr,anodr,0.937564,0.016713,0.012404,0.018122,0.015197
../../../data/data_MESSIDOR2/test/anodr/20060407_42290_0200_PP_1107.png,anodr,anodr,0.945857,0.013613,0.013947,0.015584,0.010998
../../../data/data_MESSIDOR2/test/anodr/20060407_42308_0200_PP_1278.png,anodr,anodr,0.941751,0.017144,0.012013,0.015561,0.013530
../../../data/data_MESSIDOR2/test/anodr/20060407_43223_0200_PP_47.png,anodr,cmoderatedr,0.095868,0.181793,0.654396,0.029569,0.038374
../../../data/data_MESSIDOR2/test/anodr/20060407_43258_0200_PP_118.png,anodr,anodr,0.917640,0.021952,0.023239,0.023532,0.013638
../../../data/data_MESSIDOR2/test/anodr/20060407_43594_0200_PP_140.png,anodr,anodr,0.935412,0.020507,0.012110,0.017743,0.014228
../../../data/data_MESSIDOR2/test/anodr/20060407_43618_0200_PP_867.png,anodr,anodr,0.941912,0.016707,0.012495,0.016618,0.012268
../../../data/data_MESSIDOR2/test/anodr/20060407_43726_0200_PP_1128.png,anodr,anodr,0.940225,0.017064,0.012466,0.017052,0.013193
../../../data/data_MESSIDOR2/test/anodr/20060407_43746_0200_PP_1058.png,anodr,anodr,0.940057,0.019785,0.012599,0.016435,0.011124
../../../data/data_MESSIDOR2/test/anodr/20060407_43834_0200_PP_1162.png,anodr,anodr,0.938324,0.020402,0.014089,0.013893,0.013293
../../../data/data_MESSIDOR2/test/anodr/20060407_43856_0200_PP_862.png,anodr,anodr,0.913234,0.045036,0.012661,0.015170,0.013898
../../../data/data_MESSIDOR2/test/anodr/20060407_44042_0200_PP_1047.png,anodr,anodr,0.942764,0.014698,0.010927,0.017183,0.014429
../../../data/data_MESSIDOR2/test/anodr/20060407_44061_0200_PP_295.png,anodr,anodr,0.942772,0.015201,0.013190,0.016983,0.011854
../../../data/data_MESSIDOR2/test/anodr/20060407_44400_0200_PP_956.png,anodr,anodr,0.938164,0.017314,0.014962,0.017192,0.012368
../../../data/data_MESSIDOR2/test/anodr/20060407_44422_0200_PP_847.png,anodr,anodr,0.942701,0.019003,0.012968,0.013837,0.011491
../../../data/data_MESSIDOR2/test/anodr/20060407_44510_0200_PP_48.png,anodr,anodr,0.938889,0.015388,0.012432,0.017623,0.015668
../../../data/data_MESSIDOR2/test/anodr/20060407_44529_0200_PP_1212.png,anodr,anodr,0.941064,0.015373,0.011324,0.019384,0.012856
../../../data/data_MESSIDOR2/test/anodr/20060407_44743_0200_PP_824.png,anodr,anodr,0.939042,0.016030,0.010800,0.017180,0.016948
../../../data/data_MESSIDOR2/test/anodr/20060407_44766_0200_PP_89.png,anodr,anodr,0.941019,0.015180,0.013382,0.016017,0.014403
../../../data/data_MESSIDOR2/test/anodr/20060407_44866_0200_PP_293.png,anodr,anodr,0.942681,0.017215,0.011305,0.016495,0.012304
../../../data/data_MESSIDOR2/test/anodr/20060407_44889_0200_PP_830.png,anodr,anodr,0.939034,0.019552,0.013710,0.015115,0.012588
../../../data/data_MESSIDOR2/test/anodr/20060407_45107_0200_PP_1345.png,anodr,anodr,0.939047,0.017865,0.011238,0.016414,0.015436
../../../data/data_MESSIDOR2/test/anodr/20060407_45230_0200_PP_1297.png,anodr,anodr,0.942360,0.016773,0.012915,0.015684,0.012268
../../../data/data_MESSIDOR2/test/anodr/20060407_45247_0200_PP_1159.png,anodr,anodr,0.939641,0.021791,0.011619,0.014708,0.012241
../../../data/data_MESSIDOR2/test/anodr/20060407_45718_0200_PP_400.png,anodr,anodr,0.683866,0.064212,0.218320,0.021992,0.011610
../../../data/data_MESSIDOR2/test/anodr/20060407_45737_0200_PP_1089.png,anodr,anodr,0.933985,0.019942,0.016643,0.016546,0.012884
../../../data/data_MESSIDOR2/test/anodr/20060407_45834_0200_PP_1219.png,anodr,anodr,0.940422,0.017590,0.012705,0.014799,0.014484
../../../data/data_MESSIDOR2/test/anodr/20060407_45852_0200_PP_287.png,anodr,anodr,0.940896,0.017654,0.013203,0.014209,0.014038
../../../data/data_MESSIDOR2/test/anodr/20060407_45949_0200_PP_38.png,anodr,anodr,0.947261,0.013320,0.010096,0.014811,0.014512
../../../data/data_MESSIDOR2/test/anodr/20060407_46070_0200_PP_1236.png,anodr,anodr,0.480411,0.427829,0.036602,0.019768,0.035390
../../../data/data_MESSIDOR2/test/anodr/20060407_46235_0200_PP_566.png,anodr,anodr,0.933163,0.018494,0.014045,0.018322,0.015976
../../../data/data_MESSIDOR2/test/anodr/20060407_46257_0200_PP_827.png,anodr,anodr,0.940924,0.018100,0.013584,0.012963,0.014429
../../../data/data_MESSIDOR2/test/anodr/20060410_39047_0200_PP_457.png,anodr,anodr,0.945638,0.012532,0.011859,0.015196,0.014774
../../../data/data_MESSIDOR2/test/anodr/20060410_39075_0200_PP_953.png,anodr,anodr,0.940321,0.015939,0.010287,0.018287,0.015166
