image_path,true_label,predicted_label,score_anodr,score_bmilddr,score_cmoderatedr,score_dseveredr,score_eproliferativedr
../../../data/data_APTOS/test/anodr/002c21358ce6.png,anodr,anodr,0.943281,0.013746,0.011171,0.016947,0.014855
../../../data/data_APTOS/test/anodr/005b95c28852.png,anodr,anodr,0.941652,0.010622,0.014697,0.015510,0.017519
../../../data/data_APTOS/test/anodr/00cc2b75cddd.png,anodr,anodr,0.945318,0.016032,0.011284,0.014443,0.012923
../../../data/data_APTOS/test/anodr/0182152c50de.png,anodr,anodr,0.948847,0.012015,0.011468,0.013372,0.014298
../../../data/data_APTOS/test/anodr/02cd34a85b24.png,anodr,anodr,0.942445,0.016492,0.011776,0.014679,0.014609
../../../data/data_APTOS/test/anodr/03b373718013.png,anodr,anodr,0.942601,0.017003,0.010828,0.015066,0.014502
../../../data/data_APTOS/test/anodr/04aef84a2cc1.png,anodr,anodr,0.944358,0.012340,0.013489,0.015317,0.014497
../../../data/data_APTOS/test/anodr/05b1bb2bdb81.png,anodr,anodr,0.943110,0.010967,0.011618,0.016572,0.017733
../../../data/data_APTOS/test/anodr/07596907347b.png,anodr,anodr,0.949952,0.011839,0.010162,0.014267,0.013780
../../../data/data_APTOS/test/anodr/07751b94a88a.png,anodr,anodr,0.937096,0.019337,0.013276,0.015785,0.014506
../../../data/data_APTOS/test/anodr/0790515cf5af.png,anodr,anodr,0.940708,0.017232,0.012490,0.015584,0.013987
../../../data/data_APTOS/test/anodr/08037e4490e5.png,anodr,anodr,0.946609,0.012397,0.012559,0.013931,0.014504
../../../data/data_APTOS/test/anodr/0851d6a69589.png,anodr,anodr,0.943684,0.014159,0.012544,0.015443,0.014170
../../../data/data_APTOS/test/anodr/08b6e3240858.png,anodr,anodr,0.944205,0.014302,0.014041,0.013112,0.014340
../../../data/data_APTOS/test/anodr/08bef347f40d.png,anodr,anodr,0.945655,0.011295,0.016014,0.012698,0.014338
../../../data/data_APTOS/test/anodr/08ee569d4721.png,anodr,anodr,0.946524,0.013164,0.011440,0.015438,0.013433
../../../data/data_APTOS/test/anodr/09237bf783a4.png,anodr,anodr,0.940689,0.016649,0.011770,0.015077,0.015814
../../../data/data_APTOS/test/anodr/096436d68d06.png,anodr,anodr,0.945983,0.012677,0.011143,0.014738,0.015459
../../../data/data_APTOS/test/anodr/099021fac3c9.png,anodr,anodr,0.944687,0.012674,0.015008,0.013276,0.014355
../../../data/data_APTOS/test/anodr/09c8323c612e.png,anodr,anodr,0.938151,0.017048,0.013814,0.015665,0.015321
../../../data/data_APTOS/test/anodr/0a38b552372d.png,anodr,anodr,0.946823,0.012950,0.012094,0.014870,0.013263
../../../data/data_APTOS/test/anodr/0a85a1e8f9e9.png,anodr,anodr,0.939962,0.009275,0.015190,0.016869,0.018704
../../../data/data_APTOS/test/anodr/0babc12807b2.png,anodr,bmilddr,0.004271,0.773358,0.165727,0.019403,0.037241
../../../data/data_APTOS/test/anodr/0cbcc7b23613.png,anodr,anodr,0.931265,0.019803,0.027041,0.011537,0.010355
../../../data/data_APTOS/test/anodr/0cd31078cd08.png,anodr,anodr,0.949466,0.012709,0.013327,0.011983,0.012515
../../../data/data_APTOS/test/anodr/0ce062f26edc.png,anodr,anodr,0.951705,0.010043,0.010105,0.016291,0.011857
../../../data/data_APTOS/test/anodr/0cecc2864b7f.png,anodr,anodr,0.947980,0.011980,0.009507,0.016676,0.013857
../../../data/data_APTOS/test/anodr/0d9a9896f801.png,anodr,anodr,0.940637,0.017155,0.013301,0.015602,0.013305
../../../data/data_APTOS/test/anodr/0da321efbce6.png,anodr,anodr,0.945775,0.017159,0.010617,0.014094,0.012355
../../../data/data_APTOS/test/anodr/0db1d8dcf219.png,anodr,anodr,0.942518,0.011523,0.015762,0.016971,0.013226
../../../data/data_APTOS/test/anodr/0e3572b5884a.png,anodr,anodr,0.943117,0.015071,0.011718,0.015443,0.014651
../../../data/data_APTOS/test/anodr/0ef4c61dc056.png,anodr,anodr,0.944219,0.014490,0.011707,0.015101,0.014481
../../../data/data_APTOS/test/anodr/0fbbd665431f.png,anodr,anodr,0.949591,0.015481,0.007928,0.014134,0.012865
../../../data/data_APTOS/test/anodr/0fc6829da85b.png,anodr,anodr,0.943576,0.012782,0.011911,0.014984,0.016747
../../../data/data_APTOS/test/anodr/1002b5151b8e.png,anodr,anodr,0.942955,0.013481,0.011477,0.017075,0.015012
../../../data/data_APTOS/test/anodr/103f97a2ab15.png,anodr,anodr,0.944889,0.009985,0.015974,0.013684,0.015468
../../../data/data_APTOS/test/anodr/10a5026eb8e6.png,anodr,anodr,0.938387,0.015499,0.011217,0.017186,0.017711
../../../data/data_APTOS/test/anodr/10de500cf0c5.png,anodr,anodr,0.945290,0.012592,0.013085,0.014678,0.014355
../../../data/data_APTOS/test/anodr/10f10fd30718.png,anodr,anodr,0.943241,0.013850,0.011878,0.015972,0.015058
../../../data/data_APTOS/test/anodr/12058bbb8299.png,anodr,anodr,0.940855,0.016304,0.012842,0.015033,0.014966
../../../data/data_APTOS/test/anodr/12bc439d373a.png,anodr,anodr,0.939170,0.015382,0.012373,0.017140,0.015935
../../../data/data_APTOS/test/anodr/12ef75375322.png,anodr,anodr,0.946509,0.012430,0.010838,0.015077,0.015146
../../../data/data_APTOS/test/anodr/143db89c11c8.png,anodr,anodr,0.939685,0.017848,0.011854,0.015138,0.015475
../../../data/data_APTOS/test/anodr/15b21c80cc31.png,anodr,anodr,0.941783,0.013751,0.011367,0.016442,0.016656
../../../data/data_APTOS/test/anodr/15e24b73d4a7.png,anodr,anodr,0.939299,0.016821,0.014141,0.015848,0.013891
../../../data/data_APTOS/test/anodr/1633f8291a80.png,anodr,anodr,0.941523,0.014661,0.011989,0.016918,0.014908
../../../data/data_APTOS/test/anodr/165634a6167e.png,anodr,anodr,0.949034,0.010304,0.010784,0.015212,0.014667
../../../data/data_APTOS/test/anodr/178412895d5e.png,anodr,anodr,0.940231,0.015373,0.014883,0.010556,0.018958
../../../data/data_APTOS/test/anodr/186c1835eec5.png,anodr,anodr,0.945953,0.014488,0.010027,0.013917,0.015614
../../../data/data_APTOS/test/anodr/18b7e34eab8f.png,anodr,anodr,0.940200,0.016752,0.013348,0.016337,0.013363
../../../data/data_APTOS/test/anodr/18b99159a14f.png,anodr,anodr,0.942703,0.016465,0.011507,0.013900,0.015426
../../../data/data_APTOS/test/anodr/18ce0cdc473d.png,anodr,anodr,0.944614,0.014319,0.010521,0.015991,0.014555
../../../data/data_APTOS/test/anodr/1a0dbc6c0cda.png,anodr,anodr,0.928622,0.018051,0.028773,0.012703,0.011851
../../../data/data_APTOS/test/anodr/1a1e974a7dbf.png,anodr,anodr,0.942403,0.017822,0.011672,0.014713,0.013389
../../../data/data_APTOS/test/anodr/1c47815f4a6b.png,anodr,anodr,0.921784,0.007385,0.043536,0.017172,0.010122
../../../data/data_APTOS/test/anodr/1ca62b3e4fd3.png,anodr,anodr,0.947070,0.012246,0.010125,0.014821,0.015739
../../../data/data_APTOS/test/anodr/1d0b93317aa8.png,anodr,anodr,0.944966,0.011713,0.012616,0.014463,0.016242
../../../data/data_APTOS/test/anodr/1d3e9b939732.png,anodr,anodr,0.936570,0.018396,0.014433,0.015483,0.015119
../../../data/data_APTOS/test/anodr/1d74c4713e21.png,anodr,anodr,0.947169,0.010796,0.012384,0.014196,0.015454
../../../data/data_APTOS/test/anodr/1db0393cdbc1.png,anodr,anodr,0.945160,0.011496,0.011424,0.016770,0.015150
../../../data/data_APTOS/test/anodr/1df1530b9b8d.png,anodr,anodr,0.941413,0.017606,0.012240,0.014371,0.014370
../../../data/data_APTOS/test/anodr/1e742358e0b9.png,anodr,anodr,0.940741,0.018113,0.008420,0.016663,0.016062
../../../data/data_APTOS/test/anodr/1e7ccd4a1c87.png,anodr,anodr,0.943420,0.012741,0.012971,0.015444,0.015425
../../../data/data_APTOS/test/anodr/1ec95179cdfe.png,anodr,anodr,0.950296,0.010277,0.009523,0.016528,0.013376
../../../data/data_APTOS/test/anodr/1f31701dd61b.png,anodr,anodr,0.953390,0.007777,0.014144,0.013833,0.010856
../../../data/data_APTOS/test/anodr/1f5496352859.png,anodr,anodr,0.946100,0.012364,0.011860,0.015726,0.013949
../../../data/data_APTOS/test/anodr/218c822a3dd9.png,anodr,anodr,0.940089,0.016392,0.013788,0.015324,0.014406
../../../data/data_APTOS/test/anodr/224c14366e11.png,anodr,anodr,0.944641,0.013676,0.011090,0.015970,0.014623
../../../data/data_APTOS/test/anodr/226c6ceb9185.png,anodr,anodr,0.945165,0.014953,0.013127,0.013424,0.013331
../../../data/data_APTOS/test/anodr/237aa50edc34.png,anodr,anodr,0.948698,0.011163,0.010969,0.014911,0.014259
../../../data/data_APTOS/test/anodr/248dec89b3a2.png,anodr,anodr,0.942989,0.013670,0.011174,0.016442,0.015725
../../../data/data_APTOS/test/anodr/253e96488cfb.png,anodr,bmilddr,0.235078,0.739344,0.005264,0.008962,0.011353
../../../data/data_APTOS/test/anodr/2682e6da9050.png,anodr,anodr,0.945385,0.012749,0.011576,0.014460,0.015830
../../../data/data_APTOS/test/anodr/27933cdbe0cc.png,anodr,anodr,0.941051,0.014901,0.013087,0.015544,0.015417
../../../data/data_APTOS/test/anodr/283c3aeba594.png,anodr,anodr,0.950730,0.010339,0.010719,0.014628,0.013585
../../../data/data_APTOS/test/anodr/28503940d10b.png,anodr,anodr,0.943300,0.015336,0.013189,0.014087,0.014088
../../../data/data_APTOS/test/anodr/28f73575e1f2.png,anodr,anodr,0.945377,0.013261,0.011161,0.015029,0.015172
../../../data/data_APTOS/test/anodr/2923971566fe.png,anodr,anodr,0.917076,0.046790,0.009703,0.010535,0.015897
../../../data/data_APTOS/test/anodr/2927665214e1.png,anodr,anodr,0.943844,0.017389,0.013308,0.013717,0.011742
../../../data/data_APTOS/test/anodr/29a13e666266.png,anodr,anodr,0.950456,0.012141,0.009694,0.015485,0.012224
../../../data/data_APTOS/test/anodr/2a4520f1f9a3.png,anodr,anodr,0.938558,0.016608,0.014475,0.015664,0.014694
../../../data/data_APTOS/test/anodr/2b4c7b5f1f1e.png,anodr,anodr,0.930655,0.019812,0.023500,0.015715,0.010318
../../../data/data_APTOS/test/anodr/2b5bb6d33959.png,anodr,anodr,0.944109,0.012772,0.011595,0.016106,0.015419
../../../data/data_APTOS/test/anodr/2bb3c492d6d3.png,anodr,anodr,0.944585,0.011753,0.014796,0.014818,0.014048
../../../data/data_APTOS/test/anodr/2c8101f14723.png,anodr,anodr,0.946746,0.010621,0.011976,0.015344,0.015312
../../../data/data_APTOS/test/anodr/2c827005b8f8.png,anodr,anodr,0.942900,0.014783,0.012182,0.015181,0.014955
../../../data/data_APTOS/test/anodr/2cacdb0dffae.png,anodr,anodr,0.944209,0.014051,0.011609,0.015115,0.015017
../../../data/data_APTOS/test/anodr/2cdcc910778d.png,anodr,anodr,0.945174,0.012630,0.011465,0.015317,0.015415
../../../data/data_APTOS/test/anodr/2d04cead4d3a.png,anodr,anodr,0.943248,0.013950,0.011851,0.014181,0.016769
../../../data/data_APTOS/test/anodr/2d07162a13b1.png,anodr,cmoderatedr,0.025398,0.055594,0.876917,0.009723,0.032367
../../../data/data_APTOS/test/anodr/2db0cd3e30da.png,anodr,anodr,0.949108,0.008970,0.012345,0.015035,0.014543
../../../data/data_APTOS/test/anodr/2dc647e00ad3.png,anodr,anodr,0.945778,0.010954,0.012960,0.015996,0.014312
../../../data/data_APTOS/test/anodr/2dd28ac497d2.png,anodr,anodr,0.940731,0.017135,0.011613,0.015693,0.014828
../../../data/data_APTOS/test/anodr/2ef10194e80d.png,anodr,anodr,0.948219,0.010750,0.011525,0.014577,0.014928
../../../data/data_APTOS/test/anodr/2ef4a04aed1b.png,anodr,anodr,0.946637,0.013075,0.011011,0.014877,0.014399
../../../data/data_APTOS/test/anodr/2ef955d6d9ff.png,anodr,anodr,0.948046,0.014634,0.009059,0.014473,0.013789
../../../data/data_APTOS/test/anodr/2f143453bb71.png,anodr,anodr,0.945789,0.010476,0.012263,0.014611,0.016861
../../../data/data_APTOS/test/anodr/2f7fbdcc9a4b.png,anodr,anodr,0.947291,0.010947,0.012237,0.014491,0.015034
../../../data/data_APTOS/test/anodr/2fefb720869a.png,anodr,anodr,0.945945,0.015648,0.010069,0.014135,0.014203
../../../data/data_APTOS/test/anodr/3286073a976e.png,anodr,anodr,0.948856,0.017802,0.008368,0.013928,0.011046
../../../data/data_APTOS/test/anodr/331121c65e88.png,anodr,anodr,0.944534,0.013317,0.012240,0.015108,0.014799
../../../data/data_APTOS/test/anodr/33b91def2035.png,anodr,anodr,0.941981,0.013207,0.011733,0.017443,0.015636
../../../data/data_APTOS/test/anodr/33b978734eab.png,anodr,anodr,0.940536,0.014250,0.015919,0.013382,0.015912
../../../data/data_APTOS/test/anodr/345b1f0abbba.png,anodr,anodr,0.949474,0.010271,0.010186,0.016240,0.013829
../../../data/data_APTOS/test/anodr/348598d01e18.png,anodr,anodr,0.944883,0.016786,0.012243,0.012986,0.013102
../../../data/data_APTOS/test/anodr/35362d43e753.png,anodr,anodr,0.944069,0.016012,0.011200,0.013922,0.014798
../../../data/data_APTOS/test/anodr/35ac70c0d08f.png,anodr,anodr,0.940423,0.017446,0.012561,0.015048,0.014522
../../../data/data_APTOS/test/anodr/35df2bc6ae95.png,anodr,anodr,0.941227,0.016401,0.011921,0.015804,0.014648
../../../data/data_APTOS/test/anodr/360832d84ce0.png,anodr,anodr,0.934544,0.021861,0.010674,0.016883,0.016038
../../../data/data_APTOS/test/anodr/37c523296d42.png,anodr,anodr,0.942204,0.017175,0.012021,0.015120,0.013480
../../../data/data_APTOS/test/anodr/387138ddf43d.png,anodr,anodr,0.947426,0.013211,0.008812,0.015600,0.014952
../../../data/data_APTOS/test/anodr/389552047476.png,anodr,anodr,0.944457,0.017617,0.011341,0.013926,0.012659
../../../data/data_APTOS/test/anodr/393fa5a023a5.png,anodr,anodr,0.943131,0.015070,0.011665,0.015572,0.014562
../../../data/data_APTOS/test/anodr/3a4cfea0a766.png,anodr,anodr,0.942130,0.015608,0.012561,0.014345,0.015357
../../../data/data_APTOS/test/anodr/3b2b91590590.png,anodr,anodr,0.943371,0.015377,0.013399,0.014177,0.013675
../../../data/data_APTOS/test/anodr/3bf2deaa5ef0.png,anodr,anodr,0.940196,0.015482,0.013680,0.015333,0.015310
../../../data/data_APTOS/test/anodr/3bf3085ac167.png,anodr,anodr,0.941640,0.015303,0.013084,0.015657,0.014316
../../../data/data_APTOS/test/anodr/3c42512c81e0.png,anodr,anodr,0.950362,0.013150,0.010552,0.012383,0.013553
../../../data/data_APTOS/test/anodr/3ce2f8a77a32.png,anodr,anodr,0.946724,0.012836,0.012777,0.013722,0.013940
../../../data/data_APTOS/test/anodr/3f0d3629d69e.png,anodr,anodr,0.944398,0.013969,0.013167,0.014003,0.014463
../../../data/data_APTOS/test/anodr/3f44d749cd0b.png,anodr,anodr,0.881446,0.080501,0.005653,0.013227,0.019172
../../../data/data_APTOS/test/anodr/3f6c627e2ff2.png,anodr,anodr,0.940588,0.015370,0.015457,0.014816,0.013769
../../../data/data_APTOS/test/anodr/3fd45879afe6.png,anodr,anodr,0.946735,0.012201,0.011912,0.014576,0.014577
../../../data/data_APTOS/test/anodr/401fdfd0db07.png,anodr,anodr,0.944792,0.016315,0.011574,0.013899,0.013421
../../../data/data_APTOS/test/anodr/41345cec5957.png,anodr,anodr,0.941498,0.012405,0.014828,0.013964,0.017305
../../../data/data_APTOS/test/anodr/415d5c5e785f.png,anodr,anodr,0.937204,0.021081,0.013112,0.014224,0.014380
../../../data/data_APTOS/test/anodr/41ab357d103f.png,anodr,anodr,0.944030,0.014217,0.011777,0.015215,0.014762
../../../data/data_APTOS/test/anodr/4276b82e4489.png,anodr,anodr,0.942047,0.015687,0.014596,0.013900,0.013769
../../../data/data_APTOS/test/anodr/42b9c1977681.png,anodr,anodr,0.941355,0.016296,0.013047,0.015242,0.014060
../../../data/data_APTOS/test/anodr/42c65af5ab16.png,anodr,anodr,0.946062,0.012666,0.012427,0.013935,0.014911
../../../data/data_APTOS/test/anodr/436e7a7af761.png,anodr,anodr,0.953123,0.012338,0.009423,0.011874,0.013243
../../../data/data_APTOS/test/anodr/43823561c3f0.png,anodr,anodr,0.949771,0.011990,0.012370,0.012247,0.013622
../../../data/data_APTOS/test/anodr/43bc7c066dfb.png,anodr,anodr,0.948441,0.011581,0.013418,0.015018,0.011541
../../../data/data_APTOS/test/anodr/445a8a6da55c.png,anodr,anodr,0.944221,0.018493,0.012371,0.013384,0.011531
../../../data/data_APTOS/test/anodr/44a4d04162cc.png,anodr,anodr,0.940075,0.017779,0.011792,0.014635,0.015719
../../../data/data_APTOS/test/anodr/44a86263117b.png,anodr,anodr,0.943393,0.015021,0.013998,0.014842,0.012747
../../../data/data_APTOS/test/anodr/4554062fa836.png,anodr,anodr,0.940407,0.015594,0.011966,0.014753,0.017279
../../../data/data_APTOS/test/anodr/475300735b7f.png,anodr,anodr,0.943972,0.014350,0.010692,0.014680,0.016307
../../../data/data_APTOS/test/anodr/478fc46eaa49.png,anodr,anodr,0.942567,0.015402,0.012799,0.014706,0.014526
../../../data/data_APTOS/test/anodr/4826d10030b3.png,anodr,anodr,0.946066,0.011862,0.014963,0.011351,0.015757
../../../data/data_APTOS/test/anodr/4a05f81b3aba.png,anodr,anodr,0.953578,0.011910,0.007637,0.015761,0.011114
../../../data/data_APTOS/test/anodr/4a4cb731f91a.png,anodr,anodr,0.945424,0.012222,0.013906,0.014561,0.013886
../../../data/data_APTOS/test/anodr/4a589edaea60.png,anodr,anodr,0.945315,0.012599,0.016432,0.014740,0.010915
../../../data/data_APTOS/test/anodr/4ad8d3ec8789.png,anodr,anodr,0.934920,0.021656,0.015501,0.014346,0.013577
../../../data/data_APTOS/test/anodr/4d1e7def7624.png,anodr,anodr,0.937846,0.024049,0.017912,0.009849,0.010344
../../../data/data_APTOS/test/anodr/4dd4a4bf2421.png,anodr,anodr,0.944860,0.011997,0.012458,0.015136,0.015548
../../../data/data_APTOS/test/anodr/4e1e252317b5.png,anodr,anodr,0.938331,0.021896,0.014066,0.013031,0.012675
../../../data/data_APTOS/test/anodr/4fd5ec0dca09.png,anodr,anodr,0.938719,0.014927,0.010028,0.018421,0.017905
../../../data/data_APTOS/test/anodr/500aad15b7c8.png,anodr,anodr,0.943305,0.013212,0.012303,0.014478,0.016701
../../../data/data_APTOS/test/anodr/501c319f7a9f.png,anodr,anodr,0.945023,0.016145,0.011598,0.014225,0.013009
../../../data/data_APTOS/test/anodr/504a69096fcb.png,anodr,anodr,0.942510,0.017342,0.010993,0.014359,0.014796
../../../data/data_APTOS/test/anodr/5069feccd866.png,anodr,anodr,0.947799,0.012135,0.013536,0.012613,0.013917
../../../data/data_APTOS/test/anodr/50915e2329a1.png,anodr,anodr,0.939744,0.015357,0.013212,0.016932,0.014755
../../../data/data_APTOS/test/anodr/50916d67bb51.png,anodr,anodr,0.937809,0.018483,0.012594,0.015431,0.015683
../../../data/data_APTOS/test/anodr/50d8249f7bc9.png,anodr,anodr,0.946338,0.012563,0.012687,0.015036,0.013377
../../../data/data_APTOS/test/anodr/50ddd7d976df.png,anodr,anodr,0.951665,0.008272,0.012407,0.014590,0.013066
../../../data/data_APTOS/test/anodr/521b5377a727.png,anodr,anodr,0.952994,0.012664,0.008193,0.012727,0.013423
../../../data/data_APTOS/test/anodr/5257cb536da2.png,anodr,anodr,0.923818,0.032948,0.016525,0.016898,0.009811
../../../data/data_APTOS/test/anodr/5299a532f0e0.png,anodr,anodr,0.947423,0.013951,0.011669,0.013199,0.013758
../../../data/data_APTOS/test/anodr/52edbe29d655.png,anodr,anodr,0.944206,0.018930,0.012669,0.013069,0.011125
../../../data/data_APTOS/test/anodr/5321ab64f9ea.png,anodr,anodr,0.943358,0.017478,0.012038,0.013888,0.013237
../../../data/data_APTOS/test/anodr/53c874dbc594.png,anodr,anodr,0.938300,0.017244,0.020514,0.009730,0.014211
../../../data/data_APTOS/test/anodr/54038e56131d.png,anodr,anodr,0.947017,0.012922,0.011394,0.015309,0.013358
../../../data/data_APTOS/test/anodr/54f57cf26126.png,anodr,anodr,0.946340,0.014113,0.011859,0.013411,0.014278
../../../data/data_APTOS/test/anodr/5511f114e7ee.png,anodr,anodr,0.940181,0.014642,0.015022,0.015646,0.014509
../../../data/data_APTOS/test/anodr/555d0bef3c5b.png,anodr,anodr,0.947361,0.011756,0.011933,0.014899,0.014052
../../../data/data_APTOS/test/anodr/55f7f018c61c.png,anodr,anodr,0.947402,0.010294,0.014253,0.014521,0.013530
../../../data/data_APTOS/test/anodr/568455854a11.png,anodr,anodr,0.946318,0.012416,0.011060,0.016271,0.013935
../../../data/data_APTOS/test/anodr/586f5c56081e.png,anodr,anodr,0.943236,0.015859,0.011640,0.013359,0.015906
../../../data/data_APTOS/test/anodr/58a9e0d7f7af.png,anodr,anodr,0.941735,0.017820,0.010527,0.015174,0.014744
../../../data/data_APTOS/test/anodr/58eb3809f456.png,anodr,anodr,0.947630,0.012716,0.012762,0.013502,0.013389
../../../data/data_APTOS/test/anodr/58f07741ee3b.png,anodr,anodr,0.942645,0.015017,0.011903,0.014863,0.015572
../../../data/data_APTOS/test/anodr/59928f999ae7.png,anodr,anodr,0.945592,0.011794,0.013471,0.014612,0.014531
../../../data/data_APTOS/test/anodr/5995321563b7.png,anodr,anodr,0.945431,0.013090,0.011458,0.014779,0.015242
../../../data/data_APTOS/test/anodr/59bd19c1c5bb.png,anodr,anodr,0.944234,0.015484,0.011232,0.014780,0.014270
../../../data/data_APTOS/test/anodr/5a27b9b2a9c1.png,anodr,anodr,0.941706,0.018826,0.009938,0.016544,0.012986
../../../data/data_APTOS/test/anodr/5b1c4cefeb24.png,anodr,anodr,0.940394,0.021758,0.011088,0.012955,0.013805
../../../data/data_APTOS/test/anodr/5b994ff78547.png,anodr,anodr,0.945031,0.015677,0.011305,0.015437,0.012549
../../../data/data_APTOS/test/anodr/5ba156a35ff2.png,anodr,anodr,0.940164,0.017169,0.012743,0.014923,0.015001
../../../data/data_APTOS/test/anodr/5baed382f062.png,anodr,anodr,0.843185,0.097155,0.023067,0.021554,0.015038
../../../data/data_APTOS/test/anodr/5c85d22bd0de.png,anodr,anodr,0.914418,0.044220,0.016643,0.013947,0.010772
../../../data/data_APTOS/test/anodr/5ca73d28f17f.png,anodr,anodr,0.947270,0.011870,0.012230,0.014141,0.014489
../../../data/data_APTOS/test/anodr/5cbe88914a72.png,anodr,anodr,0.945018,0.014594,0.012810,0.012793,0.014784
../../../data/data_APTOS/test/anodr/5d4e5fd34d91.png,anodr,anodr,0.946833,0.013977,0.010511,0.013191,0.015488
../../../data/data_APTOS/test/anodr/5de4615a5161.png,anodr,anodr,0.940504,0.017187,0.013177,0.015037,0.014095
../../../data/data_APTOS/test/anodr/5e505e25cd3e.png,anodr,anodr,0.950930,0.011012,0.011253,0.012643,0.014163
../../../data/data_APTOS/test/anodr/5e97cb2b0888.png,anodr,anodr,0.944429,0.022367,0.007828,0.013009,0.012368
../../../data/data_APTOS/test/anodr/5f6db235c04d.png,anodr,anodr,0.947964,0.010358,0.010339,0.013597,0.017742
../../../data/data_APTOS/test/anodr/609be3ca5ddf.png,anodr,anodr,0.946462,0.015131,0.009634,0.015991,0.012782
../../../data/data_APTOS/test/anodr/60aa4e649abf.png,anodr,anodr,0.945316,0.012654,0.011016,0.015142,0.015873
../../../data/data_APTOS/test/anodr/6180920bc224.png,anodr,anodr,0.915981,0.040317,0.023642,0.009616,0.010444
../../../data/data_APTOS/test/anodr/61a62b1dcc36.png,anodr,anodr,0.942997,0.013369,0.014535,0.014287,0.014811
../../../data/data_APTOS/test/anodr/61da799bf0aa.png,anodr,anodr,0.945688,0.016925,0.010251,0.013860,0.013276
../../../data/data_APTOS/test/anodr/628b581aa905.png,anodr,anodr,0.941292,0.016605,0.013723,0.014254,0.014125
../../../data/data_APTOS/test/anodr/6294b378d09f.png,anodr,anodr,0.936049,0.022140,0.012646,0.015372,0.013793
../../../data/data_APTOS/test/anodr/633fe9dbaf39.png,anodr,anodr,0.946792,0.011668,0.012352,0.014862,0.014325
../../../data/data_APTOS/test/anodr/63b71347e95d.png,anodr,anodr,0.945557,0.015381,0.012340,0.014220,0.012503
../../../data/data_APTOS/test/anodr/63e041a757eb.png,anodr,anodr,0.943621,0.014441,0.013374,0.016296,0.012269
../../../data/data_APTOS/test/anodr/6504b703c429.png,anodr,anodr,0.942671,0.015900,0.015626,0.013720,0.012084
../../../data/data_APTOS/test/anodr/65a3b13ad9a0.png,anodr,bmilddr,0.005595,0.942417,0.029509,0.013213,0.009265
../../../data/data_APTOS/test/anodr/65a7fe9482fe.png,anodr,anodr,0.943523,0.016367,0.012348,0.012923,0.014838
../../../data/data_APTOS/test/anodr/65dda202653d.png,anodr,anodr,0.940220,0.017612,0.009906,0.014527,0.017735
../../../data/data_APTOS/test/anodr/66393d8c60ba.png,anodr,anodr,0.944127,0.016094,0.011495,0.015053,0.013230
../../../data/data_APTOS/test/anodr/66b88a4bc474.png,anodr,anodr,0.944420,0.011854,0.012692,0.015641,0.015393
../../../data/data_APTOS/test/anodr/68ddb15a74de.png,anodr,anodr,0.942033,0.015457,0.012126,0.016292,0.014092
../../../data/data_APTOS/test/anodr/69b3a00927fc.png,anodr,anodr,0.934819,0.023022,0.012281,0.016250,0.013628
../../../data/data_APTOS/test/anodr/69c4cbb630de.png,anodr,anodr,0.943796,0.014211,0.010297,0.015994,0.015702
../../../data/data_APTOS/test/anodr/6a2642131e4a.png,anodr,anodr,0.943340,0.016044,0.013012,0.014099,0.013506
../../../data/data_APTOS/test/anodr/6a57a3db3eff.png,anodr,anodr,0.943752,0.014946,0.011257,0.015125,0.014921
../../../data/data_APTOS/test/anodr/6a905a7202d2.png,anodr,anodr,0.946173,0.013726,0.010117,0.015593,0.014391
../../../data/data_APTOS/test/anodr/6b30767595d8.png,anodr,anodr,0.950578,0.009948,0.011480,0.013701,0.014293
../../../data/data_APTOS/test/anodr/6b66b0e86f7e.png,anodr,anodr,0.949040,0.010640,0.010780,0.015568,0.013971
../../../data/data_APTOS/test/anodr/6bf2a81a5d91.png,anodr,anodr,0.945099,0.013301,0.011039,0.017087,0.013475
../../../data/data_APTOS/test/anodr/6c6505a0c637.png,anodr,anodr,0.944657,0.012827,0.015061,0.013341,0.014114
../../../data/data_APTOS/test/anodr/6d4f6c9a8406.png,anodr,anodr,0.938167,0.015706,0.015698,0.016574,0.013855
../../../data/data_APTOS/test/anodr/6d5a8362dd1e.png,anodr,anodr,0.944698,0.012889,0.013829,0.012451,0.016132
../../../data/data_APTOS/test/anodr/6d9effbcde78.png,anodr,anodr,0.944924,0.013412,0.010242,0.015004,0.016419
../../../data/data_APTOS/test/anodr/6dc0281f11e3.png,anodr,anodr,0.944387,0.015077,0.013302,0.013850,0.013384
../../../data/data_APTOS/test/anodr/6df8b7b6e837.png,anodr,anodr,0.939162,0.021573,0.013083,0.013617,0.012565
../../../data/data_APTOS/test/anodr/6e0f78e188ff.png,anodr,anodr,0.948133,0.012195,0.010112,0.014324,0.015235
../../../data/data_APTOS/test/anodr/6e1db8711879.png,anodr,anodr,0.943760,0.014926,0.010638,0.014978,0.015698
../../../data/data_APTOS/test/anodr/6fbaaf8eb67a.png,anodr,anodr,0.943076,0.022209,0.008637,0.011331,0.014746
../../../data/data_APTOS/test/anodr/7131bf4c9e6f.png,anodr,anodr,0.914199,0.052626,0.005715,0.014540,0.012920
../../../data/data_APTOS/test/anodr/726dff37edc0.png,anodr,anodr,0.947731,0.012791,0.009538,0.017209,0.012731
../../../data/data_APTOS/test/anodr/735836b1ffa6.png,anodr,bmilddr,0.020501,0.618237,0.292990,0.043549,0.024724
../../../data/data_APTOS/test/anodr/737ef6226677.png,anodr,anodr,0.938535,0.022788,0.010291,0.015059,0.013327
../../../data/data_APTOS/test/anodr/73d40ce06a67.png,anodr,anodr,0.943452,0.014166,0.012279,0.016689,0.013414
../../../data/data_APTOS/test/anodr/73ef3c3dcbe4.png,anodr,anodr,0.948788,0.011767,0.012756,0.013008,0.013680
../../../data/data_APTOS/test/anodr/74211a2b6dcf.png,anodr,anodr,0.950289,0.010819,0.011738,0.012018,0.015136
../../../data/data_APTOS/test/anodr/74898f372d2b.png,anodr,anodr,0.948206,0.011112,0.011577,0.013291,0.015814
../../../data/data_APTOS/test/anodr/757e39293591.png,anodr,anodr,0.940256,0.015839,0.013739,0.014696,0.015470
../../../data/data_APTOS/test/anodr/75a071608ea6.png,anodr,anodr,0.940546,0.015463,0.013175,0.016254,0.014562
../../../data/data_APTOS/test/anodr/76516f828d88.png,anodr,anodr,0.949377,0.009803,0.013957,0.012846,0.014017
../../../data/data_APTOS/test/anodr/76bc31e0d3be.png,anodr,anodr,0.945059,0.011393,0.012705,0.015507,0.015336
../../../data/data_APTOS/test/anodr/76cab26493f1.png,anodr,anodr,0.951101,0.010959,0.009224,0.013169,0.015548
../../../data/data_APTOS/test/anodr/76cb010f7aa0.png,anodr,anodr,0.946887,0.011603,0.012559,0.014682,0.014269
../../../data/data_APTOS/test/anodr/780f9c237c56.png,anodr,anodr,0.943086,0.020484,0.011507,0.012508,0.012415
../../../data/data_APTOS/test/anodr/7831ce1d895e.png,anodr,anodr,0.940756,0.018534,0.014537,0.012949,0.013224
../../../data/data_APTOS/test/anodr/789f0ec1eab8.png,anodr,anodr,0.940001,0.018866,0.010621,0.015226,0.015286
../../../data/data_APTOS/test/anodr/79ade634c633.png,anodr,anodr,0.947230,0.011240,0.014299,0.011865,0.015367
../../../data/data_APTOS/test/anodr/7a06ea127e02.png,anodr,anodr,0.938198,0.017245,0.014632,0.016256,0.013669
../../../data/data_APTOS/test/anodr/7a12f49e29df.png,anodr,anodr,0.940421,0.012780,0.010235,0.018166,0.018398
../../../data/data_APTOS/test/anodr/7a9f45fdf29b.png,anodr,anodr,0.941120,0.015430,0.013458,0.015985,0.014007
../../../data/data_APTOS/test/anodr/7aabd768abff.png,anodr,anodr,0.943408,0.016126,0.008925,0.015079,0.016462
../../../data/data_APTOS/test/anodr/7ad0c4975890.png,anodr,bmilddr,0.177068,0.782777,0.006692,0.020191,0.013273
../../../data/data_APTOS/test/anodr/7af4d8704032.png,anodr,anodr,0.943454,0.015451,0.011508,0.015920,0.013667
../../../data/data_APTOS/test/anodr/7b691d9ced34.png,anodr,anodr,0.938954,0.021756,0.008280,0.014792,0.016217
../../../data/data_APTOS/test/anodr/7b9d519cbd66.png,anodr,anodr,0.944429,0.010805,0.012573,0.015195,0.016998
../../../data/data_APTOS/test/anodr/7ba6b23c4b46.png,anodr,anodr,0.948406,0.014677,0.011196,0.013807,0.011914
../../../data/data_APTOS/test/anodr/7bc00e58d419.png,anodr,anodr,0.947513,0.011945,0.011348,0.014445,0.014749
../../../data/data_APTOS/test/anodr/7da558d92100.png,anodr,anodr,0.948498,0.011083,0.012084,0.015247,0.013088
../../../data/data_APTOS/test/anodr/7ec0e61a7e29.png,anodr,anodr,0.925170,0.028735,0.015575,0.013453,0.017066
../../../data/data_APTOS/test/anodr/7f1f3269f546.png,anodr,anodr,0.946107,0.013333,0.010858,0.014297,0.015405
../../../data/data_APTOS/test/anodr/7fc3a8bb40de.png,anodr,anodr,0.940773,0.015730,0.011418,0.016692,0.015387
../../../data/data_APTOS/test/anodr/7fe7309d0b4f.png,anodr,anodr,0.940078,0.017711,0.013089,0.014211,0.014911
../../../data/data_APTOS/test/anodr/810ed108f5b7.png,anodr,anodr,0.944409,0.011446,0.013019,0.016753,0.014373
../../../data/data_APTOS/test/anodr/81914ceb4e74.png,anodr,anodr,0.940560,0.018630,0.011579,0.014388,0.014844
../../../data/data_APTOS/test/anodr/8329e80c10ac.png,anodr,anodr,0.941565,0.016037,0.011896,0.015340,0.015161
../../../data/data_APTOS/test/anodr/837acf120946.png,anodr,anodr,0.940796,0.017310,0.010915,0.017314,0.013665
../../../data/data_APTOS/test/anodr/83a63c4a3e4a.png,anodr,anodr,0.948796,0.012647,0.011536,0.014495,0.012525
../../../data/data_APTOS/test/anodr/83d81ba5959c.png,anodr,anodr,0.950403,0.008281,0.012193,0.016307,0.012816
../../../data/data_APTOS/test/anodr/83fda7c0500b.png,anodr,anodr,0.943783,0.012788,0.011483,0.016390,0.015556
../../../data/data_APTOS/test/anodr/840a06a9c690.png,anodr,anodr,0.944059,0.013038,0.012398,0.015886,0.014620
../../../data/data_APTOS/test/anodr/847b04287c9c.png,anodr,anodr,0.934588,0.019799,0.011746,0.010121,0.023745
../../../data/data_APTOS/test/anodr/84b88e8d3bca.png,anodr,anodr,0.947448,0.011816,0.010730,0.016631,0.013374
../../../data/data_APTOS/test/anodr/851e40a21f81.png,anodr,anodr,0.947484,0.012458,0.012020,0.013532,0.014507
../../../data/data_APTOS/test/anodr/8650d32f4a9e.png,anodr,anodr,0.943022,0.015226,0.011694,0.014587,0.015472
../../../data/data_APTOS/test/anodr/8693ab1fd2be.png,anodr,anodr,0.947184,0.011355,0.009829,0.017901,0.013731
../../../data/data_APTOS/test/anodr/875d2ffcbf47.png,anodr,anodr,0.946186,0.015539,0.010839,0.014169,0.013268
../../../data/data_APTOS/test/anodr/876deb29f000.png,anodr,anodr,0.946611,0.013795,0.013962,0.012102,0.013531
../../../data/data_APTOS/test/anodr/87b671c6d4c5.png,anodr,anodr,0.939081,0.017814,0.013724,0.014978,0.014402
../../../data/data_APTOS/test/anodr/883c6a184f16.png,anodr,anodr,0.934436,0.024229,0.013227,0.014540,0.013567
../../../data/data_APTOS/test/anodr/883ddb650967.png,anodr,anodr,0.940747,0.017321,0.012993,0.015106,0.013833
../../../data/data_APTOS/test/anodr/88e5051f65bd.png,anodr,anodr,0.942625,0.013828,0.012275,0.015883,0.015388
../../../data/data_APTOS/test/anodr/8af50c9d0a86.png,anodr,anodr,0.942153,0.014370,0.011138,0.015621,0.016718
../../../data/data_APTOS/test/anodr/8b079e79035f.png,anodr,anodr,0.949591,0.011605,0.011918,0.011737,0.015149
../../../data/data_APTOS/test/anodr/8bf2d925dc0c.png,anodr,anodr,0.946479,0.013093,0.011038,0.015081,0.014309
../../../data/data_APTOS/test/anodr/8c4ceddeb1c6.png,anodr,anodr,0.942229,0.013976,0.012119,0.016009,0.015667
../../../data/data_APTOS/test/anodr/8d13c46e7d75.png,anodr,anodr,0.939440,0.020627,0.012711,0.014854,0.012368
../../../data/data_APTOS/test/anodr/8d4ff745a409.png,anodr,anodr,0.942629,0.015011,0.013013,0.015916,0.013431
../../../data/data_APTOS/test/anodr/8e6df9eedcd8.png,anodr,anodr,0.947801,0.011887,0.009868,0.014990,0.015454
../../../data/data_APTOS/test/anodr/8e76054f0831.png,anodr,anodr,0.940020,0.017164,0.011431,0.015326,0.016059
../../../data/data_APTOS/test/anodr/8f06ca4642bd.png,anodr,anodr,0.945449,0.012628,0.011346,0.016197,0.014380
../../../data/data_APTOS/test/anodr/8f14bca04b47.png,anodr,anodr,0.947917,0.011452,0.011859,0.015196,0.013576
../../../data/data_APTOS/test/anodr/8fbb2ca39911.png,anodr,anodr,0.944361,0.016512,0.012995,0.015840,0.010291
../../../data/data_APTOS/test/anodr/90a9a41eec6d.png,anodr,anodr,0.944387,0.016841,0.010645,0.015282,0.012844
../../../data/data_APTOS/test/anodr/90bde2ff8953.png,anodr,anodr,0.942666,0.016415,0.011797,0.014733,0.014389
../../../data/data_APTOS/test/anodr/912fbe06407e.png,anodr,anodr,0.941827,0.016638,0.012157,0.015407,0.013971
../../../data/data_APTOS/test/anodr/916915f01e17.png,anodr,anodr,0.943072,0.016773,0.010725,0.015141,0.014289
../../../data/data_APTOS/test/anodr/91b7a4179ecf.png,anodr,anodr,0.942639,0.016128,0.008646,0.018852,0.013734
../../../data/data_APTOS/test/anodr/9274e75dc4d5.png,anodr,anodr,0.929495,0.026139,0.012379,0.015807,0.016180
../../../data/data_APTOS/test/anodr/92e3d608fd3c.png,anodr,anodr,0.945545,0.015819,0.011858,0.014798,0.011981
../../../data/data_APTOS/test/anodr/92fcf50b3562.png,anodr,anodr,0.944349,0.013147,0.011382,0.014228,0.016894
../../../data/data_APTOS/test/anodr/93802d1e3c41.png,anodr,anodr,0.943056,0.016964,0.010622,0.013256,0.016103
../../../data/data_APTOS/test/anodr/94076a9fb9b5.png,anodr,anodr,0.946074,0.013703,0.011941,0.014657,0.013626
../../../data/data_APTOS/test/anodr/946545473380.png,anodr,anodr,0.941499,0.016160,0.012616,0.014032,0.015693
../../../data/data_APTOS/test/anodr/949710bead24.png,anodr,anodr,0.944137,0.014195,0.014629,0.014472,0.012567
../../../data/data_APTOS/test/anodr/94b9ccc73bb9.png,anodr,anodr,0.942219,0.018945,0.010331,0.013943,0.014562
../../../data/data_APTOS/test/anodr/94f9ecf4b8d2.png,anodr,anodr,0.945877,0.012530,0.009656,0.016182,0.015755
../../../data/data_APTOS/test/anodr/96793edb1003.png,anodr,anodr,0.818218,0.072887,0.035399,0.023695,0.049800
../../../data/data_APTOS/test/anodr/96ea316ed0ab.png,anodr,anodr,0.940659,0.014865,0.012838,0.017167,0.014471
../../../data/data_APTOS/test/anodr/973b0facfa9b.png,anodr,anodr,0.941632,0.017005,0.012288,0.014156,0.014919
../../../data/data_APTOS/test/anodr/97fdee242fea.png,anodr,anodr,0.947030,0.015648,0.011573,0.012707,0.013042
../../../data/data_APTOS/test/anodr/983c98354e9c.png,anodr,anodr,0.941237,0.018169,0.015295,0.013922,0.011376
../../../data/data_APTOS/test/anodr/98441214557f.png,anodr,anodr,0.940519,0.018587,0.011531,0.014829,0.014534
../../../data/data_APTOS/test/anodr/98d41bce73a8.png,anodr,anodr,0.943712,0.013112,0.012371,0.015128,0.015677
../../../data/data_APTOS/test/anodr/99c626e58464.png,anodr,anodr,0.946917,0.012197,0.012724,0.013352,0.014810
../../../data/data_APTOS/test/anodr/9a1029536d78.png,anodr,anodr,0.939737,0.021443,0.010991,0.013409,0.014419
../../../data/data_APTOS/test/anodr/9ab18a4a957f.png,anodr,anodr,0.946646,0.011749,0.011301,0.014347,0.015957
../../../data/data_APTOS/test/anodr/9be71d6d7e59.png,anodr,anodr,0.918967,0.028490,0.016427,0.013864,0.022251
../../../data/data_APTOS/test/anodr/9c514d2d5b3f.png,anodr,anodr,0.940239,0.019360,0.011520,0.013859,0.015022
../../../data/data_APTOS/test/anodr/9ce46d400cd6.png,anodr,anodr,0.946760,0.011721,0.013933,0.013101,0.014485
../../../data/data_APTOS/test/anodr/9de9421f17e3.png,anodr,anodr,0.943232,0.017740,0.011389,0.013360,0.014280
../../../data/data_APTOS/test/anodr/9e2058917304.png,anodr,anodr,0.942992,0.015924,0.015645,0.014333,0.011106
../../../data/data_APTOS/test/anodr/9e5737f771c3.png,anodr,anodr,0.945183,0.013254,0.012732,0.013657,0.015175
../../../data/data_APTOS/test/anodr/9e99ae6ee7af.png,anodr,anodr,0.944931,0.013528,0.011928,0.014245,0.015368
../../../data/data_APTOS/test/anodr/9f1b14dfa14c.png,anodr,anodr,0.938675,0.016823,0.011363,0.016518,0.016621
../../../data/data_APTOS/test/anodr/a06b353e7bed.png,anodr,anodr,0.944934,0.013921,0.013994,0.012343,0.014808
../../../data/data_APTOS/test/anodr/a0fd94e2ad76.png,anodr,anodr,0.944633,0.014871,0.011239,0.014288,0.014968
../../../data/data_APTOS/test/anodr/a11c62cb3f86.png,anodr,anodr,0.946385,0.011090,0.011506,0.016099,0.014920
../../../data/data_APTOS/test/anodr/a12ca80bb8c7.png,anodr,anodr,0.948246,0.011900,0.012438,0.013487,0.013929
../../../data/data_APTOS/test/anodr/a188c60b93fb.png,anodr,anodr,0.942919,0.012675,0.010254,0.018082,0.016070
../../../data/data_APTOS/test/anodr/a1b28bcbce00.png,anodr,anodr,0.948284,0.016464,0.006986,0.012760,0.015507
../../../data/data_APTOS/test/anodr/a247961a5cd9.png,anodr,anodr,0.943810,0.015571,0.012940,0.013555,0.014124
../../../data/data_APTOS/test/anodr/a2b97d98f130.png,anodr,anodr,0.946381,0.012693,0.012333,0.016603,0.011989
../../../data/data_APTOS/test/anodr/a34fc5376669.png,anodr,anodr,0.942542,0.015721,0.012928,0.013216,0.015593
../../../data/data_APTOS/test/anodr/a419fcb2dfb5.png,anodr,anodr,0.942304,0.014073,0.009728,0.018472,0.015424
../../../data/data_APTOS/test/anodr/a44345b27804.png,anodr,anodr,0.945283,0.013797,0.011940,0.016443,0.012536
../../../data/data_APTOS/test/anodr/a484bdf85b4c.png,anodr,anodr,0.940954,0.016730,0.012424,0.015374,0.014518
../../../data/data_APTOS/test/anodr/a528be013a04.png,anodr,anodr,0.940560,0.018668,0.011436,0.015737,0.013599
../../../data/data_APTOS/test/anodr/a6356a3c5d11.png,anodr,anodr,0.950534,0.011927,0.011606,0.012545,0.013388
../../../data/data_APTOS/test/anodr/a673193cd5a9.png,anodr,anodr,0.945405,0.018884,0.008312,0.013300,0.014098
../../../data/data_APTOS/test/anodr/a6b6d27c1b32.png,anodr,anodr,0.943269,0.011478,0.012442,0.016152,0.016659
../../../data/data_APTOS/test/anodr/a70d0f12a641.png,anodr,anodr,0.944764,0.014881,0.012262,0.015166,0.012927
../../../data/data_APTOS/test/anodr/a73d012c4c38.png,anodr,anodr,0.946773,0.011198,0.011487,0.015294,0.015248
../../../data/data_APTOS/test/anodr/a8263d248523.png,anodr,anodr,0.950359,0.012038,0.016734,0.010022,0.010847
../../../data/data_APTOS/test/anodr/a8b637abd96b.png,anodr,anodr,0.934567,0.029643,0.009174,0.012718,0.013898
../../../data/data_APTOS/test/anodr/a94da3d3b5c0.png,anodr,anodr,0.945564,0.012175,0.011019,0.014607,0.016635
../../../data/data_APTOS/test/anodr/a963ac561580.png,anodr,anodr,0.943194,0.018382,0.010661,0.013738,0.014024
../../../data/data_APTOS/test/anodr/a9b3177f01c0.png,anodr,anodr,0.944383,0.014183,0.011030,0.016359,0.014045
../../../data/data_APTOS/test/anodr/a9bc2f892cb3.png,anodr,anodr,0.944394,0.014475,0.010289,0.015710,0.015132
../../../data/data_APTOS/test/anodr/aa4407aab872.png,anodr,anodr,0.939886,0.018317,0.012377,0.015573,0.013847
../../../data/data_APTOS/test/anodr/aa60813e1a8d.png,anodr,anodr,0.946624,0.011510,0.012428,0.014602,0.014836
../../../data/data_APTOS/test/anodr/aa6242f9e08c.png,anodr,anodr,0.946346,0.012993,0.010153,0.015138,0.015370
../../../data/data_APTOS/test/anodr/aa8a1e814811.png,anodr,anodr,0.940004,0.016026,0.012377,0.017046,0.014548
../../../data/data_APTOS/test/anodr/aaaadb174012.png,anodr,anodr,0.949061,0.011197,0.010585,0.014806,0.014352
../../../data/data_APTOS/test/anodr/aafb0c944f14.png,anodr,anodr,0.940633,0.014784,0.012799,0.016493,0.015291
../../../data/data_APTOS/test/anodr/abbb8791785e.png,anodr,anodr,0.944437,0.014014,0.012234,0.014770,0.014546
../../../data/data_APTOS/test/anodr/abe940882578.png,anodr,anodr,0.940787,0.022602,0.008936,0.012973,0.014702
../../../data/data_APTOS/test/anodr/ad029ba7fa8b.png,anodr,anodr,0.938709,0.015738,0.011057,0.016109,0.018387
../../../data/data_APTOS/test/anodr/ad12cde115ab.png,anodr,anodr,0.947539,0.012283,0.011870,0.013045,0.015262
../../../data/data_APTOS/test/anodr/ad1aa75d5630.png,anodr,anodr,0.944544,0.011814,0.011926,0.017044,0.014672
../../../data/data_APTOS/test/anodr/ad6b07d5c338.png,anodr,anodr,0.946774,0.010377,0.013303,0.016142,0.013404
../../../data/data_APTOS/test/anodr/ad93d88c87ea.png,anodr,anodr,0.946677,0.012109,0.011993,0.014294,0.014927
../../../data/data_APTOS/test/anodr/ae2c3f6312ef.png,anodr,anodr,0.947544,0.013668,0.010854,0.014926,0.013008
../../../data/data_APTOS/test/anodr/ae49cc60f251.png,anodr,anodr,0.942389,0.015037,0.012212,0.015970,0.014393
../../../data/data_APTOS/test/anodr/ae61e19fb766.png,anodr,anodr,0.941955,0.013461,0.013013,0.016432,0.015139
../../../data/data_APTOS/test/anodr/ae94ce412de9.png,anodr,anodr,0.853367,0.091382,0.014335,0.020395,0.020521
../../../data/data_APTOS/test/anodr/aeb6f4fd2eed.png,anodr,anodr,0.943500,0.014158,0.012660,0.014205,0.015477
